Ｍ,日付(yyyy.mm.dd),場所,開催,クラス名,レース名,枠番,馬番,馬名,性別,年齢,騎手,斤量,頭数,人気,着順,芝(内・外),距離,馬場状態,多頭出し,所属,調教師,走破タイム,着差,2角,3角,4角,上り3F,馬体重,馬体重増減,ブリンカー
,"2026. 5.31",京都,3京C,3勝,渡月橋Ｓ･3勝,4,8,スマートワイス,牡,5,高杉吏麒, 58 ,18,1,１, 外,芝1400,良,,(栗),大久保龍,1201,-0.2,,3,3,33.9,484,-4,
,"2026. 5.31",京都,3京C,OP(L),白百合Ｓ(L),1,1,ロサルゴサ,牡,3,池添謙一, 57 ,9,4,１, 外,芝1800,良,,(栗),斉藤崇史,1471,-0.2,,1,1,33.0,486,+4,
,"2026. 5.31",京都,3京C,OP(L),安土城Ｈ(L),8,17,エコロブルーム,牡,5,菱田裕二,57.5,17,7,１, 外,芝1400,良,,(美),加藤征弘,1199,-0.0,,2,2,33.0,472,+6,
,"2026. 5.31",京都,3京C,2勝,與杼特別･2勝,8,10,ゴッドエスパーダ,牡,4,角田大和, 58 ,11,1,１, ,ダ1800,良,,(栗),角田晃一,1511,-0.3,4,4,4,36.2,496,-6,
,"2026. 5.31",京都,3京C,2勝,２勝ｸﾗｽ・牝,1,1,フィオレストラーダ,牝,4,松若風馬, 56 ,8,4,１, 内,芝2000,良,,(栗),杉山晴紀,1594,-0.2,2,2,2,34.9,468,+12,
,"2026. 5.31",京都,3京C,1勝,１勝ｸﾗｽ,1,1,ロードガレリア,牡,4,高杉吏麒, 58 ,10,1,１, 外,芝2400,良,,(栗),藤岡健一,2237,-0.0,6,6,3,35.7,450,+6,
,"2026. 5.31",京都,3京C,1勝,１勝ｸﾗｽ*,5,8,ピカラ,牝,3,斎藤新, 55 ,14,1,１, ,ダ1400,良,,(栗),坂口智康,1237,-0.1,,2,2,36.8,458,+2,
,"2026. 5.31",京都,3京C,未勝利,未勝利,1,1,エイシンビーコン,牡,3,Ｍ．デム, 57 ,18,3,１, 内,芝1600,良,,(栗),吉村圭司,1335,-0.1,,14,9,33.9,460,-2,
,"2026. 5.31",京都,3京C,ｵｰﾌﾟﾝ,障害・オープ,3,3,コンテナワールド,牡,5,井上敏樹,58▲,10,2,１, ,ダ3170,良,,(栗),中竹和也,3337,-0.2,1,1,1,13.5,494,+2,
,"2026. 5.31",京都,3京C,未勝利,未勝利,6,12,スナークシャラク,牡,3,小沢大仁, 57 ,16,9,１, ,ダ1900,良,,(栗),今野貞一,2005,-0.2,2,2,2,37.5,516,-2,
,"2026. 5.31",京都,3京C,未勝利,未勝利,8,16,カーリキュー,牝,3,斎藤新, 55 ,16,1,１, ,ダ1200,良,,(栗),高橋一哉,1122,-0.1,,1,1,36.0,450,0,
,"2026. 5.31",京都,3京C,未勝利,未勝利・牝,1,2,グロリアス,牝,3,田山旺佑,53△,16,1,１, ,ダ1800,良,,(栗),新谷功一,1535,-0.2,8,4,3,37.8,460,+4,B
,"2026. 5.30",京都,3京B,2勝,２勝ｸﾗｽ,3,5,ウルスクローム,牡,4,田口貫太, 58 ,16,4,１, ,ダ1200,良,,(栗),大橋勇樹,1114,-0.2,,11,11,35.4,486,-2,
,"2026. 5.30",京都,3京B,Ｇ３,葵ＳG3,1,2,デアヴェローチェ,牝,3,北村友一, 55 ,16,5,１, 内,芝1200,良,,(栗),上村洋行,1076,-0.1,,3,4,33.6,458,+4,
,"2026. 5.30",京都,3京B,3勝,桃山ＳＨ･3勝,1,2,テーオーマルコーニ,牡,4,団野大成, 57 ,16,5,１, ,ダ1800,良,,(栗),奥村豊,1514,-0.3,3,4,3,35.1,498,+4,
,"2026. 5.30",京都,3京B,OP(L),鳳雛Ｓ(L),8,8,イッテラッシャイ,牡,3,斎藤新, 57 ,9,1,１, ,ダ1800,良,,(美),斎藤誠,1501,-0.1,1,1,1,36.8,498,+2,
,"2026. 5.30",京都,3京B,2勝,２勝ｸﾗｽ,2,2,サンタンカ,牡,4,高杉吏麒, 58 ,12,6,１, 外,芝1400,良,,(栗),千田輝彦,1207,-0.0,,2,2,33.6,516,0,
,"2026. 5.30",京都,3京B,1勝,１勝ｸﾗｽ,1,1,ビップディラン,牡,4,松若風馬, 58 ,15,4,１, 外,芝1600,良,,(栗),小椋研介,1333,-0.0,,1,1,34.6,466,0,
,"2026. 5.30",京都,3京B,1勝,１勝ｸﾗｽ,5,5,マハートマーベル,牡,4,吉村誠之, 58 ,12,7,１, ,ダ1800,良,,(栗),西村真幸,1524,-0.4,6,5,3,36.6,464,+4,B
,"2026. 5.30",京都,3京B,未勝利,未勝利,6,12,サトノアグード,牡,3,坂井瑠星, 57 ,18,1,１, 外,芝1800,良,,(栗),藤原英昭,1457,-0.4,,12,11,33.6,482,+6,
,"2026. 5.30",京都,3京B,未勝利,未勝利,7,13,シートゥサミット,牡,3,酒井学, 57 ,18,1,１, 外,芝2400,良,,(栗),吉岡辰弥,2253,-0.4,13,1,1,35.0,518,0,
,"2026. 5.30",京都,3京B,未勝利,未勝利,2,4,メイショウトウコウ,牡,3,幸英明, 57 ,18,2,１, 内,芝1400,良,,(栗),石橋守,1203,-0.0,,12,11,33.9,464,+2,
,"2026. 5.30",京都,3京B,未勝利,未勝利,1,1,アメリカンイズム,牡,3,川田将雅, 57 ,16,1,１, ,ダ1800,良,,(栗),池江泰寿,1535,-0.7,1,1,1,37.5,502,+18,
,"2026. 5.30",京都,3京B,未勝利,未勝利,7,14,ニホンピロローカス,牡,3,鮫島克駿, 57 ,16,1,１, ,ダ1400,良,,(栗),中尾秀正,1250,-0.5,,1,1,37.2,490,+2,B
,"2026. 5.24",京都,3京A,1勝,１勝ｸﾗｽ,7,14,ジュルナール,牝,4,田山旺佑,54△,16,5,１, ,ダ1400,良,,(栗),池添学,1244,-0.2,,4,5,37.4,480,+8,B
,"2026. 5.24",京都,3京A,OP(L),都大路Ｈ(L),2,2,ガイアメンテ,牡,5,団野大成, 56 ,13,2,１, 外,芝1800,良,,(栗),須貝尚介,1434,-0.3,,7,6,34.2,492,-2,
,"2026. 5.24",京都,3京A,3勝,高瀬川Ｓ･3勝,7,12,アンズアメ,牝,4,鮫島克駿, 56 ,14,2,１, ,ダ1200,良,,(栗),高柳大輔,1105,-0.2,,9,9,35.7,482,+4,
,"2026. 5.24",京都,3京A,2勝,聖護院特･2勝,7,9,アラタマフェーヴル,牡,5,松若風馬, 58 ,11,5,１, 外,芝1800,良,,(栗),浜田多実,1463,-0.1,,2,2,33.5,494,+4,
,"2026. 5.24",京都,3京A,2勝,２勝ｸﾗｽ,5,5,サイモンシュバリエ,牡,4,吉村誠之, 58 ,12,1,１, ,ダ1800,良,,(栗),梅田智之,1529,-0.1,1,1,1,37.1,496,0,
,"2026. 5.24",京都,3京A,1勝,１勝ｸﾗｽ,6,12,ペールノエル,セ,4,北村友一, 58 ,18,4,１, 外,芝1400,良,,(栗),西村真幸,1203,-0.0,,11,10,33.2,442,-6,
,"2026. 5.24",京都,3京A,1勝,１勝ｸﾗｽ*,6,12,ボクマダネムイヨ,牡,3,川田将雅, 57 ,16,1,１, ,ダ1900,良,,(栗),東田明士,1588,-0.8,11,9,8,37.7,490,+2,
,"2026. 5.24",京都,3京A,1勝,１勝ｸﾗｽ*,8,9,モンサンゴールデン,牡,3,鮫島克駿, 57 ,9,6,１, 内,芝1200,良,,(栗),中竹和也,1079,-0.2,,5,6,33.4,466,-4,
,"2026. 5.24",京都,3京A,未勝利,未勝利,1,1,スノースケープ,牝,3,川田将雅, 55 ,10,1,１, 内,芝2000,良,,(栗),中内田充,1593,-0.7,3,3,1,35.0,462,-4,
,"2026. 5.24",京都,3京A,未勝利,未勝利,1,1,ハヤブササキチャン,牝,3,吉田隼人, 55 ,18,1,１, 内,芝1600,良,,(栗),東田明士,1329,-0.4,,2,2,35.1,424,+2,
,"2026. 5.24",京都,3京A,未勝利,未勝利,5,7,ピエナブラック,牡,3,団野大成, 57 ,13,3,１, ,ダ1900,良,,(栗),荒川義之,2029,-0.2,2,2,1,38.6,488,+2,
,"2026. 5.24",京都,3京A,未勝利,未勝利・牝,8,16,オヤツノジカン,牝,3,幸英明, 55 ,16,2,１, ,ダ1800,良,,(栗),高橋義忠,1544,-0.5,5,4,2,38.8,430,0,
,"2026. 5.23",京都,3京9,2勝,オースト･2勝,3,4,ヨリノレジェンド,牡,4,団野大成, 58 ,14,1,１, ,ダ1400,稍,,(栗),奥村豊,1239,-0.0,,9,10,36.1,458,+4,
,"2026. 5.23",京都,3京9,Ｇ３,平安ＳG3,7,14,ロードクロンヌ,牡,5,横山和生, 58 ,16,1,１, ,ダ1900,稍,,(栗),四位洋文,1569,-0.6,2,2,2,37.7,500,0,
,"2026. 5.23",京都,3京9,3勝,シドニー･3勝,8,15,タガノアビー,牝,4,岩田望来, 56 ,16,3,１, 内,芝2000,良,,(栗),千田輝彦,1594,-0.2,13,13,13,33.6,514,+10,
,"2026. 5.23",京都,3京9,1勝,メルボル･1勝,2,2,テイエムアイラン,牝,3,松山弘平, 55 ,11,8,１, 内,芝1600,良,,(栗),宮地貴稔,1329,-0.1,,1,1,34.5,410,0,
,"2026. 5.23",京都,3京9,1勝,１勝ｸﾗｽ,6,10,マディソンガール,牝,4,川田将雅, 56 ,15,1,１, 外,芝1800,良,,(栗),中内田充,1472,-0.0,,5,5,33.3,468,+16,
,"2026. 5.23",京都,3京9,1勝,１勝ｸﾗｽ,2,3,ビルンバウム,セ,5,松若風馬, 58 ,16,3,１, ,ダ1800,稍,,(栗),渡辺薫彦,1527,-0.6,2,2,1,37.1,560,+6,B
,"2026. 5.23",京都,3京9,1勝,１勝ｸﾗｽ*,4,7,ソウルオンファイア,牝,3,団野大成, 55 ,16,6,１, ,ダ1400,稍,*,(栗),野中賢二,1240,-0.3,,1,1,38.0,486,+2,
,"2026. 5.23",京都,3京9,未勝利,未勝利,6,10,パンチャマハブータ,牝,3,池添謙一, 55 ,14,7,１, 外,芝2200,良,,(栗),吉田直弘,2143,-0.0,10,9,7,35.3,406,-2,
,"2026. 5.23",京都,3京9,未勝利,未勝利・牝,1,1,エトワールブーケ,牝,3,横山和生, 55 ,17,6,１, 外,芝1800,良,,(栗),昆貢,1462,-0.1,,5,2,35.8,440,+6,
,"2026. 5.23",京都,3京9,未勝利,未勝利,2,4,ヤマニンフェイエル,牡,3,岩田望来, 57 ,16,3,１, 内,芝1200,良,,(栗),中村直也,1084,-0.1,,1,1,34.5,460,+4,
,"2026. 5.23",京都,3京9,未勝利,未勝利,6,9,フォーオール,セ,3,横山和生, 57 ,14,4,１, ,ダ1800,稍,,(栗),昆貢,1542,-0.0,1,1,1,39.0,490,-4,B
,"2026. 5.23",京都,3京9,未勝利,未勝利,2,3,メリフルアス,牝,3,岩田望来, 55 ,16,2,１, ,ダ1200,稍,,(栗),小栗実,1118,-0.1,,2,2,36.6,476,-2,
,"2026. 5.17",京都,3京8,2勝,２勝ｸﾗｽ,2,2,ビップジーニー,牡,5,田山旺佑,56△,13,7,１, 外,芝1400,良,,(栗),松下武士,1199,-0.0,,4,3,33.9,494,-8,
,"2026. 5.17",京都,3京8,OP(L),栗東ＳＨ(L),2,4,タガノミスト,牝,5,田山旺佑, 55 ,16,8,１, ,ダ1400,良,,(栗),渡辺薫彦,1222,-0.0,,1,1,37.1,484,+2,
,"2026. 5.17",京都,3京8,3勝,錦ＳＨ･3勝,8,12,カズミクラーシュ,牡,5,浜中俊, 56 ,13,4,１, 外,芝1600,良,,(栗),吉岡辰弥,1326,-0.1,,3,3,32.9,508,-4,
,"2026. 5.17",京都,3京8,2勝,白川特別･2勝,3,3,ベイラム,牡,4,吉村誠之, 58 ,10,4,１, 外,芝2400,良,,(栗),武英智,2222,-0.3,2,2,2,34.5,442,+4,
,"2026. 5.17",京都,3京8,2勝,２勝ｸﾗｽ,8,8,ブルーワール,牡,5,田口貫太, 58 ,8,4,１, ,ダ1900,良,,(栗),高柳大輔,1579,-0.0,6,6,6,36.5,514,+2,B
,"2026. 5.17",京都,3京8,1勝,１勝ｸﾗｽ,8,12,サミダレナイツ,牡,4,酒井学, 58 ,12,2,１, 内,芝2000,良,,(栗),谷潔,1589,-0.3,6,6,4,34.7,492,-2,
,"2026. 5.17",京都,3京8,1勝,１勝ｸﾗｽ*,4,8,ジャイアンバローズ,牡,3,高杉吏麒, 57 ,16,6,１, ,ダ1800,良,,(栗),池江泰寿,1518,-0.2,5,7,4,36.8,518,-10,
,"2026. 5.17",京都,3京8,未勝利,未勝利,3,3,エンジェルボイス,牡,3,佐々木大, 57 ,10,5,１, 内,芝2000,良,,(栗),吉村圭司,2006,-0.1,10,10,9,33.7,468,-2,
,"2026. 5.17",京都,3京8,未勝利,未勝利・牝,2,4,ペプチドブッドレア,牝,3,団野大成, 55 ,17,4,１, 内,芝1600,良,,(栗),吉村圭司,1334,-0.0,,4,4,34.7,464,-6,
,"2026. 5.17",京都,3京8,未勝利,未勝利,3,3,ヒラボクソライア,牡,3,角田大和, 57 ,12,5,１, ,ダ1900,良,,(栗),東田明士,2012,-0.3,4,2,1,39.0,520,-4,B
,"2026. 5.17",京都,3京8,未勝利,未勝利,1,2,ジャカルタバオ,セ,3,浜中俊, 57 ,16,3,１, ,ダ1400,良,,(栗),藤野健太,1249,-0.3,,13,12,36.1,460,+4,
,"2026. 5.17",京都,3京8,未勝利,未勝利・牝,6,10,シエーナカラー,牝,3,酒井学, 55 ,14,3,１, ,ダ1800,良,,(栗),北出成人,1550,-0.0,9,8,7,38.0,492,-2,
,"2026. 5.16",京都,3京7,2勝,２勝ｸﾗｽ,6,10,ライトニングゼウス,牡,5,川田将雅, 58 ,15,1,１, ,ダ1200,良,,(美),伊藤圭三,1119,-0.1,,4,6,35.8,508,-2,
,"2026. 5.16",京都,3京7,ｵｰﾌﾟﾝ,鞍馬Ｓ,6,12,フリッカージャブ,牡,4,松山弘平, 57 ,16,1,１, 内,芝1200,良,,(栗),西園翔太,1064,-0.2,,2,2,33.3,510,+8,
,"2026. 5.16",京都,3京7,3勝,上賀茂Ｓ･3勝,7,13,ヒルノハンブルク,牡,4,松山弘平, 58 ,15,4,１, ,ダ1900,良,,(栗),武英智,1586,-0.2,3,3,2,36.2,472,0,
,"2026. 5.16",京都,3京7,1勝,あずさ賞･1勝,2,2,レッドラージャ,牡,3,坂井瑠星, 57 ,10,4,１, 内,芝2000,良,,(栗),友道康夫,1579,-0.0,4,4,3,34.3,518,+4,B
,"2026. 5.16",京都,3京7,ＪＧ２,京都ハイJG2,5,5,シホノスペランツァ,牡,7,高田潤, 60 ,6,2,１, ,芝3930,良,,(栗),寺島良,4336,-0.5,2,1,2,13.9,478,-8,
,"2026. 5.16",京都,3京7,1勝,１勝ｸﾗｽ,6,6,コルドンブルー,牝,4,岩田望来, 56 ,11,2,１, 外,芝1600,良,,(栗),松永幹夫,1333,-0.0,,7,5,33.2,446,+8,
,"2026. 5.16",京都,3京7,1勝,１勝ｸﾗｽ,3,5,ニホンピロカラット,牡,5,田口貫太, 58 ,15,1,１, ,ダ1200,良,,(栗),大橋勇樹,1126,-0.2,,3,3,36.1,520,0,
,"2026. 5.16",京都,3京7,未勝利,未勝利,4,5,ロサルゴサ,牡,3,団野大成, 57 ,14,2,１, 外,芝1800,良,,(栗),斉藤崇史,1452,-0.5,,2,2,34.3,482,-14,
,"2026. 5.16",京都,3京7,未勝利,未勝利,8,9,サトノビダーヤ,牡,3,酒井学, 57 ,10,10,１, 外,芝2400,良,,(栗),高橋康之,2257,-0.0,2,3,2,34.7,462,-6,
,"2026. 5.16",京都,3京7,未勝利,未勝利,7,13,キシャール,牝,3,高杉吏麒, 55 ,18,4,１, 内,芝1400,良,,(栗),小椋研介,1209,-0.1,,2,2,34.2,452,+20,
,"2026. 5.16",京都,3京7,未勝利,未勝利,1,1,ゴールドコット,牡,3,角田大和, 57 ,11,7,１, ,ダ1800,良,,(栗),田中克典,1534,-0.1,11,2,2,37.1,458,+2,B
,"2026. 5.16",京都,3京7,未勝利,未勝利・牝,3,5,ルージュバロン,牝,3,坂井瑠星, 55 ,16,2,１, ,ダ1400,良,,(栗),福永祐一,1250,-0.1,,3,2,37.0,456,-12,
,"2026. 5.10",京都,3京6,2勝,２勝ｸﾗｽ,8,14,ヴィリアリート,牝,4,鮫島克駿, 56 ,14,1,１, ,ダ1400,良,,(栗),西村真幸,1238,-0.1,,6,5,36.4,540,+10,B
,"2026. 5.10",京都,3京6,ｵｰﾌﾟﾝ,平城京Ｓ,2,4,テスティモーネ,牡,4,幸英明, 57 ,16,2,１, ,ダ1800,良,,(栗),大根田裕,1491,-0.2,4,3,3,35.9,524,+4,
,"2026. 5.10",京都,3京6,OP(L),橘Ｓ(L),4,4,タガノアラリア,牡,3,鮫島克駿, 57 ,11,1,１, 外,芝1400,良,,(栗),西園翔太,1197,-0.1,,1,1,33.2,452,-4,
,"2026. 5.10",京都,3京6,3勝,烏丸ＳＨ･3勝,5,6,レクスノヴァス,牡,4,岩田康誠, 57 ,13,1,１, 外,芝2400,良,,(栗),上村洋行,2233,-0.0,7,5,5,33.9,492,+2,
,"2026. 5.10",京都,3京6,1勝,１勝ｸﾗｽ,8,12,タマモブラウンタイ,牡,4,幸英明, 58 ,12,1,１, 内,芝1200,良,,(栗),角田晃一,1074,-0.2,,1,1,33.8,478,0,B
,"2026. 5.10",京都,3京6,1勝,１勝ｸﾗｽ・牝*,6,7,メイショウコマチ,牝,3,太宰啓介, 55 ,12,3,１, ,ダ1800,良,,(栗),千田輝彦,1516,-0.7,10,9,7,36.7,464,-4,
,"2026. 5.10",京都,3京6,1勝,１勝ｸﾗｽ,7,7,アットアブラスト,セ,6,吉村誠之, 58 ,10,7,１, 外,芝2200,良,,(栗),小椋研介,2112,-0.1,3,3,3,34.5,466,+4,B
,"2026. 5.10",京都,3京6,未勝利,未勝利,6,9,アトレッタ,牡,3,池添謙一, 57 ,13,2,１, 内,芝2000,良,,(栗),斉藤崇史,1592,-0.5,8,8,8,34.9,418,-2,
,"2026. 5.10",京都,3京6,未勝利,未勝利,1,1,パーシャングレー,牡,3,吉村誠之, 57 ,17,4,１, 内,芝1600,良,,(栗),池添学,1331,-0.0,,8,7,33.7,470,+4,
,"2026. 5.10",京都,3京6,未勝利,未勝利,6,7,カイラーサ,セ,3,鮫島良太, 57 ,12,7,１, ,ダ1900,良,,(栗),河嶋宏樹,2011,-0.2,1,1,1,38.7,498,-24,
,"2026. 5.10",京都,3京6,未勝利,未勝利,2,3,ビサーロ,セ,3,川須栄彦, 57 ,16,8,１, ,ダ1200,良,,(栗),田中克典,1123,-0.4,,2,2,37.2,462,0,
,"2026. 5.10",京都,3京6,未勝利,未勝利・牝,6,7,ミルボナー,牝,3,武豊, 55 ,11,1,１, ,ダ1800,良,,(栗),高野友和,1533,-0.5,1,1,1,38.5,486,+6,
,"2026. 5. 9",京都,3京5,2勝,２勝ｸﾗｽ,6,8,ロードヴォイジャー,牡,4,西村淳也, 58 ,13,2,１, ,ダ1800,良,,(栗),坂口智康,1517,-0.1,1,2,2,36.9,516,0,
,"2026. 5. 9",京都,3京5,Ｇ２,京都新聞G2,3,5,コンジェスタス,牡,3,西村淳也, 57 ,16,6,１, 外,芝2200,良,,(栗),高野友和,2099,-0.0,7,9,7,35.3,518,-6,
,"2026. 5. 9",京都,3京5,2勝,鴨川特別･2勝,3,3,ヴィスマール,牡,5,西村淳也, 58 ,8,3,１, 内,芝2000,良,,(栗),奥村豊,1582,-0.2,1,1,1,34.5,462,0,
,"2026. 5. 9",京都,3京5,2勝,久御山特･2勝,6,7,ウォータークラーク,牡,4,幸英明, 58 ,11,2,１, 外,芝1600,良,,(栗),石橋守,1322,-0.1,,6,6,33.9,484,-4,
,"2026. 5. 9",京都,3京5,1勝,１勝ｸﾗｽ・牝,3,5,ローマンレイク,牝,5,角田大和, 56 ,16,12,１, ,ダ1400,良,,(栗),松永幹夫,1238,-0.1,,2,2,37.3,432,+6,
,"2026. 5. 9",京都,3京5,1勝,１勝ｸﾗｽ,7,8,テンエースワン,牡,5,Ｍ．デム, 58 ,11,3,１, ,ダ1900,良,,(栗),大久保龍,1591,-0.1,2,1,1,39.4,474,0,B
,"2026. 5. 9",京都,3京5,1勝,１勝ｸﾗｽ*,1,1,アスクケンタッキー,牡,3,田山旺佑,55△,16,7,１, ,ダ1200,良,,(栗),藤原英昭,1115,-0.1,,1,1,37.4,472,+2,
,"2026. 5. 9",京都,3京5,1勝,１勝ｸﾗｽ*,7,7,コルテオソレイユ,牡,3,浜中俊, 57 ,8,1,１, 内,芝1600,良,,(栗),佐藤悠太,1334,-0.0,,3,3,33.7,452,-6,
,"2026. 5. 9",京都,3京5,未勝利,未勝利・牝,5,8,マジカルアメジスト,牝,3,北村友一, 55 ,15,4,１, 内,芝2000,良,,(栗),吉岡辰弥,2003,-0.1,6,5,5,34.1,518,+10,
,"2026. 5. 9",京都,3京5,未勝利,未勝利,5,10,キングケープ,牡,3,岩田望来, 57 ,17,3,１, 内,芝1400,良,*,(栗),大橋勇樹,1203,-0.1,,3,3,33.7,434,0,
,"2026. 5. 9",京都,3京5,未勝利,未勝利,3,5,ココロヅヨサ,牡,3,浜中俊, 57 ,15,4,１, ,ダ1800,良,*,(栗),田中克典,1542,-0.9,10,9,5,37.5,454,-10,B
,"2026. 5. 9",京都,3京5,未勝利,未勝利,8,15,オウケンブラッド,牡,3,北村友一, 57 ,16,1,１, ,ダ1400,良,*,(栗),畑端省吾,1247,-0.3,,6,6,37.1,448,+6,
,"2026. 5. 3",京都,3京4,3勝,東大路Ｈ･3勝,7,13,ハワイアンタイム,セ,6,太宰啓介, 56 ,16,4,１, ,ダ1400,稍,,(栗),昆貢,1227,-0.1,,4,3,36.6,498,-2,B
,"2026. 5. 3",京都,3京4,Ｇ１,天皇賞春G1,4,7,クロワデュノール,牡,4,北村友一, 58 ,15,1,１, 外,芝3200,良,,(栗),斉藤崇史,3137,-0.0,5,5,3,34.9,514,-8,
,"2026. 5. 3",京都,3京4,3勝,朱雀Ｓ･3勝,2,3,ルシード,牡,4,北村友一, 58 ,18,1,１, 内,芝1200,良,,(美),田島俊明,1068,-0.2,,4,3,33.3,500,-8,
,"2026. 5. 3",京都,3京4,2勝,六波羅特･2勝,6,6,レヴァンテシチー,牡,4,松山弘平, 58 ,9,2,１, ,ダ1800,稍,,(栗),柴田卓,1508,-0.1,8,3,3,36.8,488,-2,
,"2026. 5. 3",京都,3京4,2勝,御池特別･2勝,6,11,アタリダイキチ,牡,4,津村明秀, 58 ,15,12,１, 内,芝1200,良,,(美),西田雄一,1078,-0.0,,2,2,33.7,486,+2,
,"2026. 5. 3",京都,3京4,1勝,１勝ｸﾗｽ,7,7,タンテドヴィーヴル,牡,4,ルメール, 58 ,8,1,１, 内,芝2000,良,,(栗),斉藤崇史,1597,-0.2,1,1,1,34.1,500,+2,
,"2026. 5. 3",京都,3京4,1勝,１勝ｸﾗｽ*,2,3,ゼロヴィジビリティ,牡,3,ルメール, 57 ,16,1,１, ,ダ1400,稍,,(栗),寺島良,1237,-0.0,,1,1,37.5,506,0,
,"2026. 5. 3",京都,3京4,未勝利,未勝利,7,9,オックスアイ,牡,3,吉村誠之, 57 ,11,7,１, 外,芝1800,良,,(栗),清水久詞,1461,-0.0,,2,2,34.7,508,+2,
,"2026. 5. 3",京都,3京4,未勝利,未勝利,8,11,マジョレルブルー,牡,3,レーン, 57 ,11,1,１, 外,芝2400,良,,(栗),友道康夫,2254,-0.2,2,3,3,34.0,478,0,
,"2026. 5. 3",京都,3京4,未勝利,未勝利・牝,8,14,レザーアンドレース,牝,3,松若風馬, 55 ,15,9,１, ,ダ1800,稍,,(栗),平田修,1537,-0.5,13,11,11,37.3,460,-8,
,"2026. 5. 3",京都,3京4,未勝利,未勝利,8,12,メイショウサッソウ,牡,3,加藤祥太, 57 ,12,8,１, ,ダ1900,稍,,(栗),庄野靖志,2002,-0.1,3,3,3,38.1,420,-8,
,"2026. 5. 3",京都,3京4,未勝利,未勝利・牝,5,9,ピカラ,牝,3,岩田望来, 55 ,16,2,１, ,ダ1400,稍,,(栗),坂口智康,1240,-0.7,,2,2,36.7,456,+4,
,"2026. 5. 2",京都,3京3,1勝,１勝ｸﾗｽ,4,4,ミッキースターダム,セ,5,鮫島克駿, 58 ,10,6,１, 外,芝1600,良,,(栗),前川恭子,1328,-0.0,,1,1,34.0,474,-2,
,"2026. 5. 2",京都,3京3,Ｇ３,ユニコーG3,4,4,シルバーレシオ,牡,3,岩田望来, 57 ,12,2,１, ,ダ1900,稍,,(栗),野中賢二,1575,-0.1,9,9,5,36.1,506,-4,
,"2026. 5. 2",京都,3京3,2勝,京極特別･2勝,5,5,クアトロジャック,牡,5,吉村誠之, 58 ,12,8,１, ,ダ1200,稍,,(栗),庄野靖志,1115,-0.1,,2,2,35.5,484,+4,B
,"2026. 5. 2",京都,3京3,1勝,矢車賞･1勝*,7,7,トリニティ,牝,3,岩田望来, 55 ,9,4,１, 外,芝2200,良,,(栗),安田翔伍,2120,-0.3,2,1,1,34.0,450,+8,
,"2026. 5. 2",京都,3京3,1勝,１勝ｸﾗｽ,8,12,リアルスター,牡,4,秋山稔樹, 58 ,13,9,１, ,ダ1400,稍,*,(栗),大橋勇樹,1244,-0.7,,9,5,36.1,558,+2,
,"2026. 5. 2",京都,3京3,1勝,１勝ｸﾗｽ*,5,5,ファムマルキーズ,牝,3,吉村誠之, 55 ,12,2,１, 外,芝1400,良,,(栗),大久保龍,1199,-0.1,,2,2,33.4,448,0,
,"2026. 5. 2",京都,3京3,1勝,１勝ｸﾗｽ・牝,6,7,シュドゥン,牝,4,池添謙一, 56 ,11,1,１, ,ダ1800,稍,,(栗),上村洋行,1523,-0.1,2,3,3,36.9,486,+20,
,"2026. 5. 2",京都,3京3,未勝利,未勝利,5,6,ロードスタニング,牡,3,川田将雅, 57 ,13,1,１, 内,芝2000,良,,(栗),杉山晴紀,2014,-0.1,3,3,3,34.0,510,+2,
,"2026. 5. 2",京都,3京3,未勝利,未勝利,3,6,リアンマヒナ,牡,3,岩田望来, 57 ,18,2,１, 内,芝1400,稍,*,(栗),高橋一哉,1204,-0.0,,7,6,33.6,440,+2,
,"2026. 5. 2",京都,3京3,未勝利,未勝利・牝,8,16,カモメガトンダ,牝,3,松若風馬, 55 ,18,14,１, 内,芝1600,稍,,(栗),今野貞一,1340,-0.1,,2,2,34.6,440,+4,
,"2026. 5. 2",京都,3京3,未勝利,未勝利,5,8,ケンフィールド,牡,3,幸英明, 57 ,15,2,１, ,ダ1800,重,,(栗),大根田裕,1526,-0.6,1,1,1,37.0,472,+10,
,"2026. 5. 2",京都,3京3,未勝利,未勝利,3,5,スターフュージョン,牝,3,鮫島克駿, 55 ,16,2,１, ,ダ1200,重,,(栗),杉山佳明,1115,-0.2,,4,4,35.3,488,0,
,"2026. 4.26",京都,3京2,2勝,２勝ｸﾗｽ,4,6,ストップヤーニング,牡,4,高杉吏麒, 58 ,14,4,１, ,ダ1800,良,,(栗),羽月友彦,1510,-0.7,4,6,3,37.4,440,-4,
,"2026. 4.26",京都,3京2,Ｇ２,マイラーG2,5,9,アドマイヤズーム,牡,4,武豊, 57 ,18,1,１, 外,芝1600,良,,(栗),友道康夫,1317,-0.1,,2,2,33.3,482,+8,
,"2026. 4.26",京都,3京2,3勝,センテＨ･3勝,3,5,イガッチ,牡,4,浜中俊, 55 ,18,5,１, 外,芝1800,良,,(栗),笹田和秀,1437,-0.1,,3,4,34.1,478,+2,
,"2026. 4.26",京都,3京2,2勝,比良山Ｈ･2勝,1,1,オメガナビゲーター,セ,5,鮫島克駿, 56 ,11,5,１, 外,芝2200,良,,(栗),安田翔伍,2114,-0.1,2,2,2,34.8,496,-6,
,"2026. 4.26",京都,3京2,1勝,１勝ｸﾗｽ,5,9,ニホンピロデヴィン,牡,4,田口貫太, 58 ,15,8,１, ,ダ1800,良,,(栗),緒方努,1517,-0.7,2,2,2,37.5,454,-4,
,"2026. 4.26",京都,3京2,1勝,１勝ｸﾗｽ,7,12,エリカアンディーヴ,牝,4,北村友一, 56 ,14,1,１, 外,芝1800,良,,(栗),吉岡辰弥,1449,-0.1,,5,5,34.6,500,+2,
,"2026. 4.26",京都,3京2,1勝,１勝ｸﾗｽ*,5,5,カナタコナタ,牡,3,高杉吏麒, 57 ,11,5,１, ,ダ1400,良,,(栗),高橋一哉,1242,-0.3,,1,1,37.6,490,+6,
,"2026. 4.26",京都,3京2,未勝利,未勝利,6,8,ロングホリデー,牡,3,武豊, 57 ,12,3,１, 内,芝2000,良,,(栗),茶木太樹,2004,-0.2,7,6,8,35.7,464,+4,
,"2026. 4.26",京都,3京2,未勝利,障害未勝利,4,5,スノーディーヴァ,牝,5,水沼元輝,57▲,14,4,１, ,ダ2910,良,,(美),深山雅史,3200,-0.3,1,1,1,13.7,460,0,
,"2026. 4.26",京都,3京2,未勝利,未勝利,4,7,タナスーペルノーバ,牡,3,坂井瑠星, 57 ,18,5,１, 内,芝1200,良,,(栗),寺島良,1075,-0.2,,2,2,33.9,460,-2,
,"2026. 4.26",京都,3京2,未勝利,未勝利,8,14,テイエムスターラン,牡,3,高倉稜, 57 ,15,2,１, ,ダ1800,良,,(栗),小椋研介,1545,-0.1,2,2,2,38.4,522,0,
,"2026. 4.26",京都,3京2,未勝利,未勝利・牝,8,16,ツァレヴナ,牝,3,戸崎圭太, 55 ,16,5,１, ,ダ1200,良,,(栗),野中賢二,1119,-0.1,,7,6,36.0,454,+6,
,"2026. 4.25",京都,3京1,2勝,２勝ｸﾗｽ,2,2,フェアリーライク,牝,4,岩田望来, 56 ,11,1,１, 外,芝1600,良,,(栗),笹田和秀,1316,-0.0,,8,8,34.0,472,+4,
,"2026. 4.25",京都,3京1,ｵｰﾌﾟﾝ,天王山Ｓ,2,2,ジュンウィンダム,牝,6,国分優作, 55 ,12,11,１, ,ダ1200,稍,,(栗),浜田多実,1104,-0.0,,11,9,35.3,506,+4,
,"2026. 4.25",京都,3京1,3勝,観月橋Ｓ･3勝,2,2,マイノワール,牡,5,浜中俊, 58 ,11,6,１, ,ダ1800,稍,,(栗),笹田和秀,1508,-0.1,8,7,7,36.5,478,0,
,"2026. 4.25",京都,3京1,1勝,１勝ｸﾗｽ,5,10,ダガーリング,牡,4,菱田裕二, 58 ,16,6,１, 外,芝1400,良,,(栗),柴田卓,1202,-0.4,,1,1,33.9,550,-2,
,"2026. 4.25",京都,3京1,1勝,あやめ賞･1勝,2,2,ブレットパス,牡,3,西村淳也, 57 ,6,1,１, 外,芝1800,良,,(栗),中内田充,1451,-0.0,,4,3,34.1,496,+4,
,"2026. 4.25",京都,3京1,1勝,１勝ｸﾗｽ*,6,10,ケンタッキーホーム,牡,3,田口貫太, 57 ,14,1,１, ,ダ1800,稍,*,(栗),松下武士,1523,-0.2,6,4,4,37.5,514,-2,
,"2026. 4.25",京都,3京1,未勝利,未勝利,1,1,ランスオブヒーロー,牡,3,高杉吏麒, 57 ,17,1,１, 内,芝1600,良,,(栗),奥村豊,1323,-0.1,,12,10,33.6,462,-4,
,"2026. 4.25",京都,3京1,未勝利,未勝利,5,5,フウセン,牡,3,鮫島克駿, 57 ,12,1,１, 外,芝2200,良,,(栗),杉山晴紀,2125,-0.2,5,3,3,34.7,456,+6,
,"2026. 4.25",京都,3京1,ｵｰﾌﾟﾝ,障害・オープ,6,7,ホークフィールド,牡,5,高田潤, 61 ,11,1,１, ,ダ3170,良,,(栗),武英智,3355,-1.2,3,1,1,13.6,492,0,
,"2026. 4.25",京都,3京1,未勝利,未勝利・牝,8,15,ダイチノナポリ,牝,3,高倉稜, 55 ,15,7,１, 外,芝1800,良,,(栗),畑端省吾,1456,-0.1,,2,2,34.8,432,+10,
,"2026. 4.25",京都,3京1,未勝利,未勝利,6,12,リアライズブライト,牡,3,浜中俊, 57 ,16,5,１, ,ダ1400,稍,,(栗),武幸四郎,1247,-0.0,,2,2,37.6,504,-4,
,"2026. 4.25",京都,3京1,未勝利,未勝利,6,11,バケラッタ,牡,3,鮫島克駿, 57 ,16,3,１, ,ダ1800,稍,,(栗),河嶋宏樹,1540,-0.1,9,9,8,39.0,478,0,
,"2026. 2.15",京都,2京6,2勝,２勝ｸﾗｽ・牝,2,4,ルクスデイジー,牝,4,川田将雅, 56 ,16,1,１, ,ダ1200,良,,(栗),高橋亮,1119,-0.0,,3,2,36.2,476,-6,
,"2026. 2.15",京都,2京6,Ｇ２,京都記念G2,8,12,ジューンテイク,牡,5,藤岡佑介, 57 ,12,6,１, 外,芝2200,良,,(栗),武英智,2127,-0.1,2,2,2,33.9,504,+4,
,"2026. 2.15",京都,2京6,3勝,北山Ｓ･3勝,8,10,グランドプラージュ,牡,4,川田将雅, 57 ,10,1,１, ,ダ1800,良,,(栗),杉山晴紀,1532,-0.4,3,3,3,35.0,528,0,
,"2026. 2.15",京都,2京6,2勝,春日特別･2勝,7,8,ネブラディスク,牡,4,川田将雅, 57 ,11,1,１, 外,芝1800,良,,(栗),福永祐一,1462,-0.5,,3,3,33.6,448,+8,
,"2026. 2.15",京都,2京6,1勝,１勝ｸﾗｽ,7,9,グレートシール,牡,4,川田将雅, 57 ,12,2,１, 内,芝2000,良,,(栗),中内田充,2010,-0.7,3,3,3,34.6,516,+14,
,"2026. 2.15",京都,2京6,1勝,１勝ｸﾗｽ,8,13,ロードヴォイジャー,牡,4,西村淳也, 57 ,13,4,１, ,ダ1800,良,,(栗),坂口智康,1529,-1.1,1,1,1,36.8,516,+2,
,"2026. 2.15",京都,2京6,未勝利,未勝利,1,2,アヴィオン,牝,3,菱田裕二, 55 ,18,5,１, 内,芝1600,良,,(栗),岡田稲男,1341,-0.2,,1,1,34.7,476,+2,
,"2026. 2.15",京都,2京6,未勝利,未勝利・牝,2,3,ピカキウイ,牝,3,西村淳也, 55 ,15,1,１, 内,芝2000,良,,(栗),杉山晴紀,2021,-0.0,2,2,2,34.8,498,0,
,"2026. 2.15",京都,2京6,1勝,１勝ｸﾗｽ*,8,8,ダノンバーボン,牡,3,西村淳也, 57 ,9,1,１, ,ダ1900,良,,(栗),池添学,2009,-0.8,3,3,2,36.6,514,+14,
,"2026. 2.15",京都,2京6,未勝利,未勝利,4,8,ナルキッソス,牡,3,ハマーハ, 57 ,16,1,１, ,ダ1400,良,,(栗),吉岡辰弥,1253,-0.1,,4,3,37.3,484,-4,
,"2026. 2.15",京都,2京6,新馬,新馬,8,11,ハノハノ,牝,3,ルメール, 55 ,12,1,１, ,ダ1200,良,,(栗),奥村豊,1155,-0.1,,2,3,37.8,432,,
,"2026. 2.15",京都,2京6,未勝利,未勝利,8,9,ガウラディスコ,牡,3,武豊, 57 ,10,2,１, ,ダ1800,良,,(栗),高柳大輔,1548,-0.1,5,4,4,36.6,556,0,
,"2026. 2.14",京都,2京5,1勝,１勝ｸﾗｽ,5,8,アスゴッド,牡,4,西村淳也, 58 ,15,4,１, ,ダ1200,稍,,(栗),矢作芳人,1127,-0.0,,6,6,36.5,508,-4,B
,"2026. 2.14",京都,2京5,OP(L),洛陽ＳＨ(L),7,11,スズハローム,牡,6,藤懸貴志, 55 ,14,7,１, 外,芝1600,良,,(栗),牧田和弥,1340,-0.2,,11,10,32.7,468,-2,
,"2026. 2.14",京都,2京5,3勝,飛鳥Ｓ･3勝,1,2,ミラージュナイト,牡,4,藤岡佑介, 57 ,16,1,１, 内,芝2000,良,,(栗),辻野泰之,1595,-0.1,6,5,3,34.8,504,-2,
,"2026. 2.14",京都,2京5,1勝,こぶし賞･1勝,1,1,ナムラコスモス,牝,3,田口貫太, 55 ,11,7,１, 内,芝1600,良,,(栗),大橋勇樹,1345,-0.1,,7,6,33.6,484,-8,
,"2026. 2.14",京都,2京5,2勝,２勝ｸﾗｽ,1,1,ロカヒ,牡,4,藤岡佑介, 57 ,13,1,１, ,ダ1900,稍,,(栗),飯田祐史,1597,-0.0,8,7,4,38.2,500,+2,
,"2026. 2.14",京都,2京5,1勝,１勝ｸﾗｽ,8,14,モズタチアガレ,牡,4,ハマーハ, 58 ,15,3,１, ,ダ1400,稍,,(栗),中尾秀正,1262,-0.0,,6,3,37.8,500,+6,
,"2026. 2.14",京都,2京5,未勝利,未勝利,5,9,ブラックシャリマー,牡,3,吉村誠之, 57 ,17,4,１, 外,芝1800,良,,(栗),杉山晴紀,1467,-0.1,,4,4,35.4,504,-2,
,"2026. 2.14",京都,2京5,新馬,新馬,6,11,リアンドゥクール,牝,3,ハマーハ, 55 ,16,1,１, ,ダ1800,稍,,(栗),佐藤悠太,1553,-0.6,4,6,4,37.6,536,,
,"2026. 2.14",京都,2京5,未勝利,未勝利,5,10,テーオーパーセル,牡,3,藤懸貴志, 57 ,16,4,１, ,ダ1400,稍,,(栗),宮徹,1252,-1.3,,2,2,37.4,462,-4,
,"2026. 2.14",京都,2京5,未勝利,未勝利,6,6,メイショウアカリ,牝,3,太宰啓介, 55 ,11,3,１, ,ダ1900,稍,,(栗),松下武士,2029,-0.0,7,4,4,37.7,512,-8,
,"2026. 2.14",京都,2京5,未勝利,未勝利,8,15,メイショウバルク,牡,3,松山弘平, 57 ,16,1,１, ,ダ1200,稍,*,(栗),安達昭夫,1126,-0.8,,1,1,36.6,494,+4,
,"2026. 2.14",京都,2京5,未勝利,未勝利・牝,7,10,リーチグローリー,牝,3,高杉吏麒, 55 ,13,2,１, ,ダ1800,稍,,(栗),浜田多実,1559,-0.4,2,2,1,39.3,490,-2,
,"2026. 2.10",京都,2京4,2勝,２勝ｸﾗｽ,7,14,ディニトーソ,牡,4,西村淳也, 58 ,16,9,１, ,ダ1200,良,,(栗),辻野泰之,1125,-0.0,,3,3,37.3,468,+2,
,"2026. 2.10",京都,2京4,Ｇ３,きさらぎG3,1,1,ゾロアストロ,牡,3,ハマーハ, 57 ,9,1,１, 外,芝1800,良,,(美),宮田敬介,1480,-0.0,,5,4,33.3,468,0,
,"2026. 2.10",京都,2京4,ｵｰﾌﾟﾝ,大和ＳＨ,5,10,ポッドベイダー,牡,4,荻野極,57.5,16,2,１, ,ダ1200,良,,(美),上原佑紀,1109,-0.0,,5,5,35.8,492,-16,
,"2026. 2.10",京都,2京4,3勝,石清水Ｓ･3勝,5,7,ミニトランザット,牡,4,西村淳也, 58 ,13,1,１, 外,芝1600,良,,(栗),杉山佳明,1328,-0.0,,7,8,33.9,466,-6,
,"2026. 2.10",京都,2京4,2勝,２勝ｸﾗｽ,4,5,ルシード,牡,4,北村友一, 58 ,13,1,１, 内,芝1200,良,,(美),田島俊明,1083,-0.1,,2,2,34.5,508,+2,
,"2026. 2.10",京都,2京4,1勝,１勝ｸﾗｽ・牝,4,4,サンコンクエスト,牝,4,幸英明, 55 ,8,2,１, ,ダ1800,良,,(栗),渡辺薫彦,1567,-0.0,2,2,2,37.6,548,-4,
,"2026. 2.10",京都,2京4,未勝利,未勝利,8,15,パウンドフォーワン,牡,3,松山弘平, 57 ,15,3,１, 外,芝2400,良,,(栗),田中克典,2276,-0.0,2,2,1,37.3,486,0,
,"2026. 2.10",京都,2京4,新馬,新馬,8,15,エレガンスアスク,牝,3,川田将雅, 55 ,16,1,１, 内,芝1600,良,,(栗),田中克典,1369,-0.5,,3,3,34.1,434,,
,"2026. 2.10",京都,2京4,1勝,１勝ｸﾗｽ,7,7,ルクスフレンジー,牡,4,酒井学, 57 ,9,1,１, ,ダ1800,良,,(栗),松永幹夫,1548,-0.7,6,4,3,37.1,478,+4,
,"2026. 2.10",京都,2京4,未勝利,未勝利・牝,5,8,リピ,牝,3,松山弘平, 55 ,15,3,１, ,ダ1400,良,,(栗),西園翔太,1270,-0.0,,3,3,38.3,444,+2,
,"2026. 2.10",京都,2京4,未勝利,未勝利,8,9,ワンダフルデイズ,牡,3,ハマーハ, 57 ,9,1,１, ,ダ1800,良,,(栗),高橋義忠,1558,-0.8,4,3,4,37.3,504,-2,
,"2026. 2.10",京都,2京4,未勝利,未勝利,8,16,スリーコーズ,牡,3,川田将雅, 57 ,16,1,１, ,ダ1200,良,,(美),伊藤圭三,1137,-0.1,,2,2,37.7,474,-8,B
,"2026. 2. 7",京都,2京3,1勝,１勝ｸﾗｽ,7,13,モカラマーズ,牡,4,松山弘平, 58 ,15,2,１, ,ダ1200,良,,(栗),高柳大輔,1123,-0.1,,10,11,35.9,494,-6,
,"2026. 2. 7",京都,2京3,ｵｰﾌﾟﾝ,アルデバ,4,7,ゼットリアン,牡,6,団野大成, 57 ,16,6,１, ,ダ1900,良,*,(栗),吉田直弘,1583,-0.5,11,9,8,37.2,448,+6,
,"2026. 2. 7",京都,2京3,OP(L),エルフィ(L),4,4,スウィートハピネス,牝,3,高杉吏麒, 55 ,9,1,１, 外,芝1600,良,,(栗),北出成人,1330,-0.1,,8,8,34.1,440,0,
,"2026. 2. 7",京都,2京3,3勝,橿原ＳＨ･3勝,4,8,ゲッティヴィラ,牡,4,川田将雅, 57 ,16,1,１, ,ダ1200,良,,(栗),小栗実,1115,-0.2,,5,5,36.0,462,+4,
,"2026. 2. 7",京都,2京3,2勝,２勝ｸﾗｽ,7,7,ヴァリディシームス,牡,4,川田将雅, 57 ,8,1,１, 内,芝2000,良,,(栗),中内田充,2008,-0.4,7,5,3,34.5,496,+2,
,"2026. 2. 7",京都,2京3,1勝,１勝ｸﾗｽ,3,3,ファーングロット,牡,4,北村友一, 57 ,9,3,１, 外,芝2400,良,,(栗),上村洋行,2277,-0.1,2,2,2,33.7,496,+10,
,"2026. 2. 7",京都,2京3,1勝,１勝ｸﾗｽ*,5,6,スマートジュリアス,牡,3,武豊, 57 ,12,3,１, ,ダ1400,良,,(栗),中村直也,1253,-0.3,,5,5,37.8,484,-2,
,"2026. 2. 7",京都,2京3,未勝利,未勝利・牝,3,3,サッポロイクコ,牝,3,松山弘平, 55 ,14,1,１, 内,芝1600,良,,(美),加藤士津,1352,-0.0,,11,11,35.1,450,-2,
,"2026. 2. 7",京都,2京3,新馬,新馬,6,12,アレンスター,牡,3,三浦皇成, 57 ,16,9,１, ,ダ1800,良,,(栗),庄野靖志,1538,-1.4,1,1,1,37.9,494,,
,"2026. 2. 7",京都,2京3,未勝利,未勝利,5,8,フリッシュ,牡,3,藤懸貴志, 57 ,14,4,１, ,ダ1400,良,,(栗),平田修,1260,-0.1,,2,2,37.3,488,-4,
,"2026. 2. 7",京都,2京3,未勝利,未勝利,8,9,サイモンゼスト,牡,3,酒井学, 57 ,9,6,１, ,ダ1900,良,,(栗),佐々木晶,2020,-0.6,1,1,1,37.8,506,0,B
,"2026. 2. 7",京都,2京3,未勝利,未勝利,8,9,キリオス,牡,3,松山弘平, 57 ,10,1,１, ,ダ1800,良,,(栗),庄野靖志,1553,-0.1,3,2,1,39.5,508,-2,
,"2026. 2. 1",京都,2京2,2勝,２勝ｸﾗｽ,6,6,ジーティードレス,牝,4,岩田望来, 55 ,7,1,１, 外,芝1600,良,,(栗),辻野泰之,1346,-0.2,,5,6,33.4,444,+6,
,"2026. 2. 1",京都,2京2,Ｇ３,シルクロＨG3,7,14,フィオライア,牝,5,太宰啓介, 54 ,18,16,１, 内,芝1200,良,*,(栗),西園正都,1080,-0.1,,1,2,33.5,470,-2,
,"2026. 2. 1",京都,2京2,3勝,八坂Ｓ･3勝,2,2,メイショウゲキリン,牡,7,池添謙一, 58 ,8,7,１, 外,芝2200,良,,(栗),笹田和秀,2135,-0.3,2,1,1,34.3,526,+2,
,"2026. 2. 1",京都,2京2,2勝,衣笠特別･2勝,2,2,キングブルー,牡,5,岩田望来, 58 ,11,3,１, ,ダ1800,良,,(栗),四位洋文,1519,-0.1,6,6,5,37.1,488,+2,
,"2026. 2. 1",京都,2京2,1勝,１勝ｸﾗｽ,6,6,レイワサンサン,セ,5,岩田望来, 58 ,11,3,１, ,ダ1400,良,,(栗),高柳大輔,1255,-0.1,,3,2,37.0,504,+18,
,"2026. 2. 1",京都,2京2,1勝,１勝ｸﾗｽ,3,3,ドラゴン,牡,4,武豊, 57 ,9,1,１, ,ダ1800,良,,(栗),松永幹夫,1535,-0.5,1,1,1,36.2,504,+4,
,"2026. 2. 1",京都,2京2,1勝,１勝ｸﾗｽ・牝*,5,9,エブリーポッシブル,牝,3,岩田望来, 55 ,16,1,１, ,ダ1400,良,,(栗),新谷功一,1255,-0.0,,3,3,37.5,446,-6,
,"2026. 2. 1",京都,2京2,未勝利,未勝利,7,11,メイショウテンク,牡,3,団野大成, 57 ,13,2,１, 内,芝2000,良,,(栗),荒川義之,2021,-0.4,6,5,2,34.7,452,0,
,"2026. 2. 1",京都,2京2,新馬,新馬,6,12,ティエラレイナ,牝,3,岩田望来, 55 ,16,1,１, ,ダ1400,良,,(栗),四位洋文,1272,-0.0,,4,4,37.6,464,,
,"2026. 2. 1",京都,2京2,未勝利,未勝利,8,10,アスクチャンスマン,牡,3,岩田望来, 57 ,10,1,１, ,ダ1900,良,,(栗),梅田智之,2013,-0.9,8,2,2,37.4,442,0,
,"2026. 2. 1",京都,2京2,未勝利,未勝利,3,5,ジャスパーメルチェ,牝,3,横山武史, 55 ,15,3,１, ,ダ1200,良,,(栗),森秀行,1137,-0.1,,1,1,37.3,486,+4,
,"2026. 2. 1",京都,2京2,未勝利,未勝利・牝,1,1,グラシアムヘール,牝,3,高杉吏麒, 55 ,13,3,１, ,ダ1800,良,,(栗),藤原英昭,1559,-0.1,10,8,7,37.0,492,-4,
,"2026. 1.31",京都,2京1,1勝,１勝ｸﾗｽ,8,15,ダイヤモンドハンズ,牡,6,岩田望来, 58 ,17,2,１, 外,芝1600,良,,(栗),池江泰寿,1341,-0.2,,8,8,33.8,522,+4,
,"2026. 1.31",京都,2京1,3勝,舞鶴Ｓ･3勝,6,9,プロミストジーン,牝,4,武豊, 55 ,13,1,１, ,ダ1800,良,,(美),上原佑紀,1521,-0.8,3,2,2,37.1,468,-2,
,"2026. 1.31",京都,2京1,2勝,許波多Ｈ･2勝,1,1,ヴァリージア,牡,6,池添謙一, 56 ,8,4,１, 外,芝2400,良,,(栗),斉藤崇史,2261,-0.0,6,6,6,34.0,522,+4,
,"2026. 1.31",京都,2京1,2勝,長浜特別･2勝,7,10,ハクサンアイリス,牡,4,岩田望来, 57 ,13,2,１, ,ダ1400,良,,(栗),高橋一哉,1252,-0.0,,2,2,36.4,486,-2,
,"2026. 1.31",京都,2京1,1勝,１勝ｸﾗｽ,4,4,チムニートップス,牡,4,吉村誠之, 57 ,10,4,１, ,ダ1900,良,,(栗),杉山晴紀,2005,-0.2,2,2,1,37.7,504,-2,B
,"2026. 1.31",京都,2京1,1勝,１勝ｸﾗｽ*,6,6,ソルチェリア,牡,3,幸英明, 57 ,11,6,１, ,ダ1800,良,,(栗),大根田裕,1528,-0.2,1,1,1,36.9,502,+4,
,"2026. 1.31",京都,2京1,未勝利,未勝利,4,8,ペイシャシス,牝,3,酒井学, 55 ,16,3,１, 内,芝1600,良,,(栗),加藤公太,1351,-0.1,,6,6,35.6,398,-2,
,"2026. 1.31",京都,2京1,新馬,新馬,2,3,バリオス,牡,3,高杉吏麒, 57 ,15,1,１, 内,芝2000,良,,(栗),武幸四郎,2034,-0.1,5,6,7,34.3,532,,
,"2026. 1.31",京都,2京1,未勝利,未勝利,7,8,ヴィエントデコラ,牡,3,岩田望来, 57 ,11,1,１, ,ダ1800,良,,(栗),寺島良,1551,-0.7,2,2,3,38.0,452,-4,
,"2026. 1.31",京都,2京1,未勝利,未勝利,4,5,ゴディアンフィンチ,牡,3,横山和生, 57 ,13,2,１, ,ダ1400,良,,(栗),安田翔伍,1256,-0.3,,3,3,37.1,534,+6,
,"2026. 1.31",京都,2京1,未勝利,未勝利,8,9,メイショウソウテン,牡,3,田口貫太, 57 ,9,2,１, ,ダ1800,良,,(栗),鈴木孝志,1548,-0.2,1,1,1,37.7,560,-2,
,"2026. 1.31",京都,2京1,未勝利,未勝利・牝,1,2,ソウルオンファイア,牝,3,団野大成, 55 ,16,1,１, ,ダ1200,良,,(栗),野中賢二,1128,-0.8,,1,1,36.1,490,+8,
,"2026. 1.25",京都,1京9,1勝,１勝ｸﾗｽ,2,2,ホウオウトランプ,牡,5,坂井瑠星, 58 ,9,3,１, 外,芝1800,良,,(栗),池江泰寿,1466,-0.1,,1,1,35.1,528,+4,
,"2026. 1.25",京都,1京9,Ｇ２,プロキオG2,7,13,ロードクロンヌ,牡,5,横山和生, 57 ,16,1,１, ,ダ1800,良,,(栗),四位洋文,1510,-0.1,3,3,3,36.6,500,+12,
,"2026. 1.25",京都,1京9,3勝,山城ＳＨ･3勝,8,17,ララマセラシオン,牡,5,横山和生, 55 ,18,10,１, 外,芝1400,良,,(美),大竹正博,1219,-0.0,,10,9,33.7,528,+10,
,"2026. 1.25",京都,1京9,1勝,河津桜賞･1勝,8,9,ソルパッサーレ,牝,3,浜中俊, 55 ,9,2,１, 内,芝1600,良,,(栗),四位洋文,1337,-0.1,,3,3,35.9,456,+4,
,"2026. 1.25",京都,1京9,2勝,２勝ｸﾗｽ,8,9,ショウサンジョージ,牡,4,国分優作, 57 ,10,4,１, ,ダ1800,良,,(栗),松下武士,1546,-0.1,4,3,3,36.5,500,+4,
,"2026. 1.25",京都,1京9,2勝,２勝ｸﾗｽ・牝,5,5,タガノアビー,牝,4,藤岡佑介, 55 ,10,1,１, 内,芝2000,良,,(栗),千田輝彦,2007,-0.1,6,5,5,34.9,508,+10,
,"2026. 1.25",京都,1京9,1勝,１勝ｸﾗｽ,1,1,ダノンモンテローザ,セ,5,西村淳也, 58 ,16,2,１, ,ダ1200,良,,(栗),茶木太樹,1128,-0.2,,3,3,36.0,512,+6,
,"2026. 1.25",京都,1京9,新馬,新馬,7,13,ペイジャー,牡,3,池添謙一, 57 ,18,1,１, 内,芝1600,良,,(栗),福永祐一,1359,-0.0,,3,3,35.2,492,,
,"2026. 1.25",京都,1京9,未勝利,未勝利,1,1,ワイドグンサ,牡,3,西村淳也, 57 ,10,1,１, ,ダ1400,良,,(栗),庄野靖志,1276,-0.1,,2,2,36.5,454,+4,
,"2026. 1.25",京都,1京9,未勝利,未勝利・牝,4,4,ハンザキ,牝,3,ハマーハ, 55 ,12,2,１, ,ダ1400,良,,(栗),高橋義忠,1263,-0.1,,4,4,37.3,446,0,
,"2026. 1.25",京都,1京9,未勝利,未勝利,8,16,ドメイン,牡,3,西村淳也, 57 ,16,3,１, ,ダ1900,良,,(栗),松下武士,2024,-0.1,1,1,1,38.7,500,-10,B
,"2026. 1.25",京都,1京9,未勝利,未勝利,5,5,ロックバンド,牡,3,坂井瑠星, 57 ,11,2,１, ,ダ1800,良,,(栗),茶木太樹,1561,-0.1,3,2,2,37.4,440,-2,
,"2026. 1.24",京都,1京8,2勝,２勝ｸﾗｽ,7,8,エイムフォーエース,牡,5,岩田望来, 58 ,11,4,１, 外,芝1400,良,,(美),武井亮,1228,-0.1,,9,7,33.2,446,+8,
,"2026. 1.24",京都,1京8,ｵｰﾌﾟﾝ,睦月Ｓ,4,5,レイベリング,牡,6,浜中俊, 58 ,14,12,１, 外,芝1600,良,,(美),鹿戸雄一,1341,-0.1,,1,1,34.8,488,-2,
,"2026. 1.24",京都,1京8,3勝,下鴨Ｓ･3勝,3,4,アスクシュタイン,牡,4,坂井瑠星, 57 ,15,1,１, ,ダ1900,良,,(栗),藤原英昭,1592,-0.0,3,4,4,36.8,524,+6,
,"2026. 1.24",京都,1京8,OP(L),若駒Ｓ(L),5,7,ショウナンハヤナミ,牡,3,吉村誠之, 57 ,13,2,１, 内,芝2000,良,,(栗),渡辺薫彦,2012,-0.2,10,10,6,34.5,452,+2,
,"2026. 1.24",京都,1京8,2勝,２勝ｸﾗｽ,3,4,スペシャルナンバー,牡,7,西村淳也, 58 ,15,7,１, ,ダ1200,良,,(栗),西村真幸,1123,-0.2,,12,12,34.7,504,+2,
,"2026. 1.24",京都,1京8,1勝,１勝ｸﾗｽ,6,7,ワイドクリーガー,牡,4,高杉吏麒, 57 ,11,5,１, ,ダ1800,良,,(栗),奥村豊,1543,-0.0,4,4,3,36.4,476,+2,
,"2026. 1.24",京都,1京8,未勝利,未勝利,7,14,メルメラーダ,牝,3,西村淳也, 55 ,17,1,１, 内,芝1400,良,,(栗),高橋一哉,1220,-0.2,,3,3,35.0,438,0,
,"2026. 1.24",京都,1京8,未勝利,未勝利,8,17,ブラックオリンピア,牡,3,川田将雅, 57 ,18,2,１, 外,芝2200,良,,(栗),友道康夫,2155,-0.2,2,2,2,34.6,532,+16,
,"2026. 1.24",京都,1京8,1勝,１勝ｸﾗｽ・牝,3,5,ルクスデイジー,牝,4,川田将雅, 55 ,16,1,１, ,ダ1400,良,*,(栗),高橋亮,1265,-0.1,,5,5,37.1,482,+2,
,"2026. 1.24",京都,1京8,新馬,新馬,5,9,ホーナー,牡,3,浜中俊, 57 ,16,5,１, ,ダ1800,良,,(美),栗田徹,1571,-0.0,6,3,2,37.7,468,,
,"2026. 1.24",京都,1京8,未勝利,未勝利,5,7,リアルアルバ,牡,3,田口貫太, 57 ,14,3,１, ,ダ1200,良,,(栗),大橋勇樹,1141,-0.2,,2,2,36.8,464,0,
,"2026. 1.24",京都,1京8,未勝利,未勝利・牝,6,8,シャフメラン,牝,3,川田将雅, 55 ,12,2,１, ,ダ1800,良,,(栗),新谷功一,1559,-0.0,8,7,2,37.8,438,+4,
,"2026. 1.18",京都,1京7,1勝,１勝ｸﾗｽ,3,3,サク,牝,7,松若風馬, 56 ,11,4,１, 外,芝1600,良,,(栗),北出成人,1361,-0.0,,3,3,34.9,456,0,
,"2026. 1.18",京都,1京7,Ｇ２,日経新春ＨG2,5,6,ゲルチュタール,牡,4,坂井瑠星, 56 ,13,1,１, 外,芝2400,良,,(栗),杉山晴紀,2257,-0.0,2,2,2,34.3,530,+6,
,"2026. 1.18",京都,1京7,2勝,大津特別･2勝,6,12,バッケンレコード,牡,4,武豊, 57 ,16,1,１, ,ダ1800,良,,(栗),秋山真一,1536,-0.2,10,10,10,36.3,496,0,
,"2026. 1.18",京都,1京7,2勝,小倉山特･2勝,2,3,トゥロン,牝,4,岩田望来, 55 ,16,5,１, ,ダ1400,良,,(栗),佐々木晶,1246,-0.1,,7,7,36.9,518,+2,
,"2026. 1.18",京都,1京7,1勝,１勝ｸﾗｽ,6,7,オメガナビゲーター,セ,5,鮫島克駿, 58 ,12,4,１, 外,芝2400,良,,(栗),安田翔伍,2266,-0.0,4,5,4,35.3,496,+12,
,"2026. 1.18",京都,1京7,1勝,１勝ｸﾗｽ,5,5,エンマ,牡,4,高倉稜, 57 ,11,4,１, ,ダ1900,良,,(栗),武英智,2004,-0.1,8,2,1,38.3,466,-2,B
,"2026. 1.18",京都,1京7,未勝利,未勝利,2,4,マゲバスピード,牡,3,川田将雅, 57 ,18,2,１, 内,芝1600,良,,(栗),藤原英昭,1340,-0.1,,3,3,36.3,502,+2,
,"2026. 1.18",京都,1京7,新馬,新馬,2,4,クリスレジーナ,牝,3,鮫島克駿, 55 ,17,2,１, 内,芝2000,良,,(栗),高野友和,2035,-0.2,1,2,1,35.4,468,,
,"2026. 1.18",京都,1京7,1勝,１勝ｸﾗｽ*,7,8,ラブルラウザー,牝,3,川田将雅, 55 ,10,1,１, ,ダ1200,良,,(栗),大久保龍,1127,-0.1,,7,7,36.6,462,+4,
,"2026. 1.18",京都,1京7,未勝利,未勝利,7,14,カフジクロミエ,牝,3,柴田裕一,53△,16,5,１, ,ダ1400,良,,(栗),中竹和也,1263,-0.1,,7,5,37.8,464,-2,
,"2026. 1.18",京都,1京7,未勝利,未勝利,8,12,アミラル,牡,3,松山弘平, 57 ,12,1,１, ,ダ1800,良,,(栗),渡辺薫彦,1558,-0.1,2,2,2,38.1,478,0,
,"2026. 1.18",京都,1京7,未勝利,未勝利・牝,4,7,オンザノアール,牝,3,岩田望来, 55 ,16,3,１, ,ダ1200,良,,(栗),佐藤悠太,1135,-0.4,,2,2,36.7,472,-14,
,"2026. 1.17",京都,1京6,2勝,２勝ｸﾗｽ,4,8,カズミクラーシュ,牡,5,岩田望来, 58 ,18,9,１, 外,芝1600,良,,(栗),吉岡辰弥,1335,-0.2,,4,2,34.2,512,+20,
,"2026. 1.17",京都,1京6,3勝,羅生門Ｓ･3勝,3,5,エストレヤデベレン,牡,5,ルメール, 58 ,16,3,１, ,ダ1400,良,,(栗),武幸四郎,1239,-0.7,,2,1,36.1,552,+10,
,"2026. 1.17",京都,1京6,OP(L),紅梅Ｓ(L),8,9,リリージョワ,牝,3,ルメール, 55 ,9,1,１, 外,芝1400,良,,(栗),武幸四郎,1207,-0.7,,1,1,34.2,450,+16,
,"2026. 1.17",京都,1京6,2勝,稲荷特別･2勝,8,9,ジェットマグナム,牡,4,松山弘平, 57 ,10,3,１, 内,芝2000,良,,(栗),安達昭夫,2010,-0.1,1,1,1,34.5,504,+4,
,"2026. 1.17",京都,1京6,1勝,１勝ｸﾗｽ,8,8,ロカヒ,牡,4,藤岡佑介, 57 ,8,2,１, ,ダ1800,良,,(栗),飯田祐史,1528,-0.2,7,5,3,36.6,498,+6,
,"2026. 1.17",京都,1京6,1勝,１勝ｸﾗｽ,5,9,レーティッシュ,牡,4,川田将雅, 57 ,16,2,１, ,ダ1400,良,,(栗),高橋一哉,1250,-0.2,,3,2,36.2,514,+4,
,"2026. 1.17",京都,1京6,1勝,１勝ｸﾗｽ*,5,5,トリグラフヒル,牡,3,松山弘平, 57 ,8,1,１, ,ダ1800,良,,(栗),大久保龍,1536,-0.2,2,2,2,36.4,532,-6,
,"2026. 1.17",京都,1京6,未勝利,未勝利・牝,5,9,ラコンチャビエン,牝,3,ルメール, 55 ,18,2,１, 内,芝2000,良,,(栗),藤原英昭,2011,-0.0,5,5,5,36.3,436,+6,
,"2026. 1.17",京都,1京6,新馬,新馬・牝,1,1,ホウショウルクス,牝,3,角田大和, 55 ,16,4,１, ,ダ1400,良,,(栗),東田明士,1270,-0.1,,1,1,37.5,446,,
,"2026. 1.17",京都,1京6,未勝利,未勝利,7,10,テスタヴェローチェ,牡,3,田山旺佑,54▲,13,1,１, ,ダ1900,良,,(栗),須貝尚介,2021,-0.0,1,1,1,38.6,486,-14,B
,"2026. 1.17",京都,1京6,未勝利,未勝利,2,3,グラスゴー,牝,3,松山弘平, 55 ,16,3,１, ,ダ1200,良,,(栗),浜田多実,1137,-0.0,,4,4,37.5,442,+2,
,"2026. 1.17",京都,1京6,未勝利,未勝利,7,8,リアライズグリント,牡,3,坂井瑠星, 57 ,10,1,１, ,ダ1800,良,,(栗),矢作芳人,1545,-1.0,2,2,1,37.8,488,-2,
,"2026. 1.12",京都,1京5,未勝利,未勝利,5,9,ケールハイム,牝,3,高杉吏麒, 55 ,18,6,１, 内,芝1400,良,,(栗),福永祐一,1222,-0.0,,3,3,35.6,440,-6,
,"2026. 1.12",京都,1京5,Ｇ３,シンザンG3,2,3,サンダーストラック,牡,3,ハマーハ, 57 ,16,9,１, 外,芝1600,良,,(美),木村哲也,1334,-0.1,,5,5,34.4,524,+4,B
,"2026. 1.12",京都,1京5,3勝,雅ＳＨ･3勝,8,15,モックモック,牡,6,ルメール, 56 ,16,3,１, ,ダ1800,良,,(栗),寺島良,1517,-0.3,6,5,5,36.0,498,0,
,"2026. 1.12",京都,1京5,2勝,琵琶湖特･2勝,7,10,アロンディ,牡,4,西村淳也, 57 ,12,1,１, 外,芝2400,良,,(栗),武英智,2247,-0.1,7,8,5,34.6,452,0,
,"2026. 1.12",京都,1京5,1勝,１勝ｸﾗｽ,4,7,グレイルクエスト,牡,4,西村淳也, 57 ,15,5,１, ,ダ1900,良,,(栗),小栗実,2003,-0.0,4,5,6,37.0,492,+2,B
,"2026. 1.12",京都,1京5,1勝,１勝ｸﾗｽ,7,14,メイケイレイン,牡,4,柴田裕一,55△,16,4,１, ,ダ1400,良,,(栗),中竹和也,1251,-0.1,,2,4,36.6,450,+8,
,"2026. 1.12",京都,1京5,1勝,１勝ｸﾗｽ・牝,8,8,レディゴディヴァ,牝,4,鮫島克駿, 55 ,9,4,１, ,ダ1800,良,,(栗),小崎憲,1550,-0.1,3,4,3,37.6,438,+8,
,"2026. 1.12",京都,1京5,新馬,新馬,3,6,ニシノサリーナ,牝,3,池添謙一, 55 ,18,1,１, 内,芝1600,良,,(栗),橋口慎介,1359,-0.9,,1,1,34.8,450,,
,"2026. 1.12",京都,1京5,新馬,新馬,5,10,アメリカンスタイル,牡,3,ルメール, 57 ,16,2,１, ,ダ1800,良,,(栗),藤原英昭,1547,-0.1,2,2,2,36.6,498,,B
,"2026. 1.12",京都,1京5,未勝利,未勝利・牝,6,11,フェスティヴドレス,牝,3,岩田望来, 55 ,16,4,１, ,ダ1400,良,,(栗),岡田稲男,1266,-0.2,,4,3,37.9,462,+8,
,"2026. 1.12",京都,1京5,未勝利,未勝利,4,7,サヴォアフェール,牡,3,松山弘平, 57 ,16,1,１, ,ダ1800,良,,(栗),杉山晴紀,1543,-0.5,6,4,3,37.7,496,-4,
,"2026. 1.12",京都,1京5,未勝利,未勝利,7,14,ウォーターサグラダ,牡,3,ルメール, 57 ,16,1,１, ,ダ1200,良,,(栗),武幸四郎,1133,-0.2,,6,9,36.3,430,+8,
,"2026. 1.11",京都,1京4,未勝利,未勝利,6,12,ナリタエスペランサ,牡,3,武豊, 57 ,18,1,１, 外,芝1800,良,,(栗),福永祐一,1492,-0.2,,1,1,34.9,482,0,
,"2026. 1.11",京都,1京4,OP(L),淀短距離(L),6,12,ヤブサメ,牡,5,武豊, 57 ,16,1,１, 内,芝1200,良,,(栗),石橋守,1089,-0.0,,11,11,33.3,498,+4,
,"2026. 1.11",京都,1京4,3勝,新春Ｓ･3勝,6,11,ベラジオボンド,牡,5,北村友一, 58 ,15,3,１, 外,芝1600,良,,(栗),上村洋行,1328,-0.1,,3,3,34.0,498,+4,B
,"2026. 1.11",京都,1京4,2勝,五条坂特･2勝,8,9,キーチパルフェ,牡,5,鮫島克駿, 58 ,10,3,１, ,ダ1900,良,,(栗),高柳大輔,1592,-0.2,4,5,3,37.2,480,+4,
,"2026. 1.11",京都,1京4,2勝,２勝ｸﾗｽ,8,15,ラファル,牡,4,岩田望来, 57 ,16,1,１, ,ダ1400,良,,(栗),田中克典,1255,-0.0,,4,6,36.5,526,+4,
,"2026. 1.11",京都,1京4,1勝,１勝ｸﾗｽ,7,12,ロールザダイス,セ,4,坂井瑠星, 57 ,14,4,１, 内,芝2000,良,,(栗),池江泰寿,2019,-0.3,1,1,1,34.8,474,+8,
,"2026. 1.11",京都,1京4,1勝,１勝ｸﾗｽ,8,13,サンライズバレット,牡,4,鮫島克駿, 57 ,14,4,１, ,ダ1800,良,,(栗),茶木太樹,1533,-0.1,10,9,8,36.4,510,0,
,"2026. 1.11",京都,1京4,1勝,１勝ｸﾗｽ*,7,7,ライトオブヌカタ,牡,3,岩田望来, 57 ,10,1,１, ,ダ1400,良,,(栗),上村洋行,1270,-0.1,,4,5,37.4,492,-2,
,"2026. 1.11",京都,1京4,未勝利,障害未勝利,4,5,レッドファーロ,牡,7,西谷誠, 60 ,14,2,１, ,ダ2910,良,,(栗),松永幹夫,3211,-0.2,1,1,1,13.8,526,-2,B
,"2026. 1.11",京都,1京4,未勝利,未勝利,2,3,ウルスツイスター,牡,3,西塚洸二,56☆,16,5,１, ,ダ1400,良,,(栗),大橋勇樹,1261,-0.3,,11,10,37.1,476,+10,
,"2026. 1.11",京都,1京4,新馬,新馬・牝,5,10,ハッピーラブソング,牝,3,高杉吏麒, 55 ,16,9,１, ,ダ1800,良,,(栗),牧浦充徳,1552,-0.2,9,8,8,38.6,460,,
,"2026. 1.11",京都,1京4,未勝利,未勝利,2,3,キタノシャカール,牡,3,池添謙一, 57 ,16,2,１, ,ダ1800,良,,(栗),吉田直弘,1549,-0.0,10,4,4,37.2,444,+2,
,"2026. 1.10",京都,1京3,1勝,１勝ｸﾗｽ,7,14,サーナーティオン,牡,5,高杉吏麒, 58 ,18,2,１, 外,芝1400,良,,(栗),藤岡健一,1213,-0.2,,3,2,34.4,502,+14,
,"2026. 1.10",京都,1京3,OP(L),すばるＳ(L),2,4,キタノズエッジ,牡,5,古川吉洋, 57 ,16,5,１, ,ダ1400,良,,(栗),畑端省吾,1236,-0.1,,11,12,35.4,544,-8,
,"2026. 1.10",京都,1京3,2勝,鹿ケ谷Ｈ･2勝,5,10,ジャスパーディビネ,牡,4,武豊, 56 ,18,3,１, 内,芝1200,良,,(栗),森秀行,1074,-0.3,,1,1,33.7,528,+6,B
,"2026. 1.10",京都,1京3,2勝,出町特別･2勝,4,4,モズカトレア,牝,4,坂井瑠星, 55 ,8,1,１, ,ダ1800,良,,(栗),井上智史,1525,-0.8,1,1,1,37.5,482,-6,
,"2026. 1.10",京都,1京3,ｵｰﾌﾟﾝ,牛若丸ジ,5,5,シホノスペランツァ,牡,7,高田潤, 60 ,11,3,１, ,ダ3170,良,,(栗),寺島良,3354,-0.6,2,2,2,13.6,480,+2,
,"2026. 1.10",京都,1京3,1勝,１勝ｸﾗｽ,5,9,ベンダバール,牡,5,ハマーハ, 58 ,15,8,１, ,ダ1200,良,,(栗),牧浦充徳,1125,-0.2,,14,13,35.4,474,-6,
,"2026. 1.10",京都,1京3,未勝利,未勝利,3,6,ガウディ,牡,3,松山弘平, 57 ,18,4,１, 外,芝2400,良,,(栗),上村洋行,2272,-0.1,8,7,6,35.0,468,+14,
,"2026. 1.10",京都,1京3,未勝利,未勝利・牝,3,6,ダンデノン,牝,3,北村友一, 55 ,18,7,１, 内,芝1600,良,,(栗),田中克典,1352,-0.2,,1,1,35.6,472,-8,
,"2026. 1.10",京都,1京3,1勝,１勝ｸﾗｽ*,5,5,タガノアバンドーネ,牡,3,川田将雅, 57 ,11,4,１, ,ダ1800,良,,(栗),角田晃一,1538,-0.0,2,2,1,36.4,486,+6,
,"2026. 1.10",京都,1京3,新馬,新馬,1,2,ビービークローサー,牡,3,坂井瑠星, 57 ,16,1,１, ,ダ1400,良,,(栗),野中賢二,1252,-0.1,,5,5,36.5,470,,
,"2026. 1.10",京都,1京3,未勝利,未勝利,8,14,セイントホース,牡,3,菱田裕二, 57 ,14,1,１, ,ダ1900,良,,(栗),谷潔,2026,-0.1,10,6,6,37.6,494,+4,
,"2026. 1.10",京都,1京3,未勝利,未勝利・牝,3,6,クイーンズドリーム,牝,3,小崎綾也, 55 ,16,2,１, ,ダ1800,良,,(栗),大久保龍,1548,-0.5,3,3,3,37.8,512,-2,
,"2026. 1. 5",京都,1京2,1勝,１勝ｸﾗｽ,6,11,サンタンカ,牡,4,岩田望来, 57 ,15,2,１, 外,芝1600,良,,(栗),千田輝彦,1347,-0.1,,10,8,33.5,516,+2,
,"2026. 1. 5",京都,1京2,ｵｰﾌﾟﾝ,万葉ＳＨ,5,5,アクアヴァーナル,牝,5,坂井瑠星, 52 ,9,1,１, 外,芝3000,良,,(栗),四位洋文,3075,-0.2,2,2,2,33.8,472,+2,
,"2026. 1. 5",京都,1京2,3勝,門松Ｓ･3勝,6,11,ヒルノドゴール,牡,5,武豊, 58 ,16,4,１, ,ダ1200,良,,(栗),北出成人,1112,-0.1,,11,9,35.1,528,0,
,"2026. 1. 5",京都,1京2,2勝,逢坂山特･2勝,3,3,チェルノボーグ,セ,7,西塚洸二, 58 ,11,5,１, 外,芝1800,良,,(栗),藤原英昭,1468,-0.1,,4,4,35.3,490,+2,
,"2026. 1. 5",京都,1京2,2勝,２勝ｸﾗｽ,4,6,イリフィ,牝,4,西村淳也, 56 ,15,2,１, ,ダ1200,良,,(栗),高野友和,1125,-0.2,,8,7,36.0,428,-2,
,"2026. 1. 5",京都,1京2,1勝,１勝ｸﾗｽ,7,13,ルクスフレンジー,牡,4,酒井学, 57 ,15,14,１, ,ダ1800,良,*,(栗),松永幹夫,1520,-0.4,8,9,7,37.0,474,+4,
,"2026. 1. 5",京都,1京2,未勝利,未勝利,4,6,ベルサンローラン,牝,3,吉村誠之, 55 ,15,7,１, 内,芝1600,良,,(栗),清水久詞,1353,-0.2,,3,2,35.4,450,-6,
,"2026. 1. 5",京都,1京2,未勝利,未勝利,1,2,タガノアルトゥーラ,牡,3,吉村誠之, 57 ,17,1,１, 内,芝2000,良,,(栗),長谷川浩,2023,-0.1,8,7,7,35.4,486,+4,
,"2026. 1. 5",京都,1京2,1勝,１勝ｸﾗｽ*,7,9,テイエムサンレーヴ,牡,3,鮫島良太, 57 ,11,4,１, ,ダ1800,良,,(栗),河嶋宏樹,1524,-0.1,11,11,11,35.8,512,-2,
,"2026. 1. 5",京都,1京2,新馬,新馬,1,1,マナボニート,牝,3,松若風馬, 55 ,14,2,１, ,ダ1200,良,,(栗),北出成人,1135,-0.2,,1,1,37.4,480,,
,"2026. 1. 5",京都,1京2,未勝利,未勝利,4,8,エドウィンナルコ,牡,3,松山弘平, 57 ,16,1,１, ,ダ1900,良,,(栗),西村真幸,2009,-0.1,1,1,1,38.5,544,-4,
,"2026. 1. 5",京都,1京2,未勝利,未勝利・牝,5,8,ルージュビバーチェ,牝,3,菱田裕二, 55 ,14,6,１, ,ダ1800,良,,(栗),橋口慎介,1535,-0.4,5,5,4,37.7,452,-4,
,"2026. 1. 4",京都,1京1,2勝,２勝ｸﾗｽ,7,10,ララマセラシオン,牡,5,佐々木大, 58 ,12,10,１, 外,芝1400,良,,(美),大竹正博,1220,-0.0,,8,7,33.2,518,-8,
,"2026. 1. 4",京都,1京1,Ｇ３,京都金杯ＨG3,7,15,ブエナオンダ,牡,5,川田将雅,56.5,18,4,１, 外,芝1600,良,*,(栗),須貝尚介,1337,-0.0,,5,5,33.8,456,+2,
,"2026. 1. 4",京都,1京1,3勝,寿Ｓ･3勝,2,2,タガノデュード,牡,5,古川吉洋, 58 ,9,2,１, 内,芝2000,良,,(栗),宮徹,2011,-0.0,5,4,3,33.6,504,+2,
,"2026. 1. 4",京都,1京1,2勝,天ケ瀬特･2勝,6,9,グランドプラージュ,牡,4,川田将雅, 57 ,13,1,１, ,ダ1800,良,,(栗),杉山晴紀,1524,-0.6,8,7,7,35.9,528,+4,
,"2026. 1. 4",京都,1京1,1勝,１勝ｸﾗｽ,6,11,イマージョン,牡,4,北村友一, 58 ,16,2,１, ,ダ1200,良,,(栗),高野友和,1126,-0.0,,2,2,36.0,516,0,
,"2026. 1. 4",京都,1京1,1勝,１勝ｸﾗｽ・牝,2,2,クインズショコラ,牝,4,田山旺佑,52▲,10,5,１, ,ダ1800,良,,(栗),新谷功一,1535,-0.5,5,7,7,36.8,504,+28,
,"2026. 1. 4",京都,1京1,1勝,１勝ｸﾗｽ*,2,2,ジュウリョクピエロ,牝,3,今村聖奈,53◇,7,7,１, 内,芝2000,良,,(栗),寺島良,2009,-0.2,4,4,4,34.0,470,-2,
,"2026. 1. 4",京都,1京1,新馬,新馬,4,8,タイキルッジェーロ,牡,3,斎藤新, 57 ,18,13,１, 外,芝1800,良,,(栗),高野友和,1505,-0.0,,2,2,34.5,504,,
,"2026. 1. 4",京都,1京1,新馬,新馬,4,4,ペイシャプル,牡,3,永島まな,55◇,12,4,１, ,ダ1800,良,,(栗),高橋康之,1552,-0.9,1,1,1,39.6,492,,
,"2026. 1. 4",京都,1京1,未勝利,未勝利,6,11,ハードシングス,牡,3,松若風馬, 57 ,16,3,１, ,ダ1400,良,*,(栗),小崎憲,1266,-0.0,,7,7,37.6,462,+2,
,"2026. 1. 4",京都,1京1,未勝利,未勝利,1,2,タガノエルー,牡,3,秋山稔樹, 57 ,16,9,１, ,ダ1800,良,,(栗),宮徹,1535,-0.1,9,5,4,37.3,460,0,
,"2026. 1. 4",京都,1京1,未勝利,未勝利,5,9,リーグナイト,牡,3,田山旺佑,54▲,16,1,１, ,ダ1200,良,,(栗),新谷功一,1132,-0.1,,12,10,35.8,464,+6,
,2025.11.30,京都,4京8,Ｇ３,京阪杯G3,5,10,エーティーマクフィ,牡,6,富田暁, 57 ,18,7,１, 内,芝1200,良,,(栗),武英智,1074,-0.1,,10,9,33.4,480,+14,B
,2025.11.30,京都,4京8,ｵｰﾌﾟﾝ,オータム,3,5,ハッピーマン,牡,3,高杉吏麒, 57 ,16,9,１, ,ダ1400,良,,(栗),寺島良,1232,-0.1,,12,7,35.7,472,+17,
,2025.11.30,京都,4京8,3勝,花園Ｓ･3勝,1,2,ロードラビリンス,牡,3,鮫島克駿, 56 ,16,5,１, ,ダ1800,良,,(栗),松下武士,1507,-0.0,11,9,5,37.1,498,+11,
,2025.11.30,京都,4京8,1勝,白菊賞･1勝*,8,11,マーゴットラヴミー,牝,2,菱田裕二, 55 ,11,2,１, 内,芝1600,良,,(栗),小林真也,1336,-0.5,,1,1,34.6,434,+2,
,2025.11.30,京都,4京8,2勝,２勝ｸﾗｽ,8,8,サクソンジェンヌ,牝,4,吉村誠之,55☆,8,5,１, 外,芝2200,良,,(栗),高橋義忠,2123,-0.2,1,1,1,34.7,468,-4,
,2025.11.30,京都,4京8,1勝,１勝ｸﾗｽ,6,12,ドゥラエテルノ,牡,3,武豊, 56 ,16,3,１, ,ダ1800,良,,(栗),武幸四郎,1518,-0.1,12,5,4,37.1,470,+2,
,2025.11.30,京都,4京8,新馬,新馬,2,2,パラディオン,牡,2,高杉吏麒, 56 ,9,1,１, 内,芝2000,良,,(栗),高柳大輔,2023,-0.3,7,5,4,34.6,446,,
,2025.11.30,京都,4京8,未勝利,障害未勝利,6,6,シーク,セ,3,小牧加矢, 58 ,9,3,１, ,ダ2910,良,,(栗),角田晃一,3200,-0.8,2,2,1,13.7,532,+8,
,2025.11.30,京都,4京8,1勝,１勝ｸﾗｽ,3,6,アンビシャスヨシノ,牡,3,内田博幸, 57 ,16,2,１, ,ダ1400,良,*,(栗),吉田直弘,1252,-0.3,,9,8,37.4,470,+2,
,2025.11.30,京都,4京8,新馬,新馬,1,1,オンザマーチ,牝,2,小沢大仁, 55 ,13,6,１, 内,芝1200,良,,(栗),今野貞一,1099,-0.1,,1,1,34.6,446,,
,2025.11.30,京都,4京8,未勝利,未勝利*,5,6,サウンドムーブ,牡,2,団野大成, 56 ,13,2,１, 外,芝1800,良,,(栗),斉藤崇史,1464,-0.3,,3,2,35.4,458,0,
,2025.11.30,京都,4京8,未勝利,未勝利*,1,2,ジャンシ,牡,2,丸山元気, 56 ,16,3,１, ,ダ1200,良,,(栗),森秀行,1131,-0.2,,2,2,37.4,470,0,B
,2025.11.29,京都,4京7,2勝,２勝ｸﾗｽ,1,1,ジュンヴァンケット,セ,4,Ｃ．デム, 58 ,16,1,１, 内,芝1200,良,,(栗),友道康夫,1084,-0.2,,1,1,34.8,456,-6,
,2025.11.29,京都,4京7,Ｇ３,京都２歳G3,7,8,ジャスティンビスタ,牡,2,北村友一, 56 ,11,9,１, 内,芝2000,良,,(栗),吉岡辰弥,2004,-0.1,6,7,8,35.0,516,+4,
,2025.11.29,京都,4京7,3勝,東山ＳＨ･3勝,1,1,ヤブサメ,牡,4,武豊, 56 ,12,2,１, 外,芝1400,良,,(栗),石橋守,1223,-0.1,,10,10,32.9,490,-4,
,2025.11.29,京都,4京7,2勝,栂尾特Ｈ･2勝,7,11,カペルブリュッケ,牡,3,斎藤新, 55 ,13,2,１, ,ダ1800,良,*,(栗),浜田多実,1533,-0.1,6,5,5,36.2,472,+4,
,2025.11.29,京都,4京7,2勝,２勝ｸﾗｽ,7,13,トリリオンボーイ,牡,3,岩田康誠, 57 ,16,5,１, ,ダ1200,良,,(美),武井亮,1119,-0.1,,10,8,35.6,482,0,B
,2025.11.29,京都,4京7,1勝,１勝ｸﾗｽ,5,9,ジーティーマン,牡,3,北村友一, 56 ,18,7,１, 外,芝1800,良,,(栗),小栗実,1463,-0.1,,18,18,33.4,502,+10,
,2025.11.29,京都,4京7,新馬,新馬,5,7,バートラガッツ,牡,2,Ｃ．デム, 56 ,13,1,１, ,ダ1800,良,,(栗),池添学,1538,-0.7,3,3,1,37.5,516,,
,2025.11.29,京都,4京7,新馬,新馬,8,11,レッドリガーレ,牡,2,プーシャ, 56 ,12,2,１, 内,芝1600,良,,(栗),斉藤崇史,1354,-0.0,,5,6,34.6,470,,
,2025.11.29,京都,4京7,未勝利,障害未勝利,6,6,ソルアマゾン,牡,4,難波剛健, 60 ,9,1,１, ,ダ2910,良,,(栗),小栗実,3218,-0.0,4,2,1,13.9,466,+6,
,2025.11.29,京都,4京7,未勝利,未勝利*,7,12,トミーバローズ,牡,2,吉村誠之,55☆,14,1,１, 内,芝1600,良,,(栗),清水久詞,1346,-0.1,,2,2,35.0,470,0,
,2025.11.29,京都,4京7,未勝利,未勝利*,4,4,システマソラー,牡,2,国分恭介, 56 ,11,4,１, ,ダ1800,良,,(栗),河嶋宏樹,1536,-0.0,8,5,4,37.3,512,0,
,2025.11.29,京都,4京7,未勝利,未勝利*,5,7,ラッキーバック,牡,2,Ｃ．デム, 56 ,14,1,１, ,ダ1400,良,,(栗),西村真幸,1257,-0.1,,2,1,37.8,524,+8,
,2025.11.23,京都,4京6,3勝,醍醐Ｓ･3勝,8,16,アンクルクロス,牡,4,レーン, 58 ,16,4,１, 内,芝1200,良,,(栗),高橋亮,1080,-0.0,,4,4,33.3,474,+6,
,2025.11.23,京都,4京6,Ｇ１,マイルチG1,7,15,ジャンタルマンタル,牡,4,川田将雅, 58 ,18,1,１, 外,芝1600,良,,(栗),高野友和,1313,-0.3,,3,2,33.1,500,-6,
,2025.11.23,京都,4京6,3勝,レジェン･3勝,7,13,フェルヴェンテ,牡,5,坂井瑠星, 58 ,16,8,１, ,ダ1400,良,,(栗),宮徹,1237,-0.1,,5,7,36.2,484,+8,
,2025.11.23,京都,4京6,2勝,花見小Ｈ･2勝,2,2,ダノンフェアレディ,牝,3,Ｃ．デム, 55 ,13,2,１, 外,芝1600,良,,(栗),橋口慎介,1335,-0.1,,5,3,33.4,466,-4,
,2025.11.23,京都,4京6,2勝,２勝ｸﾗｽ,5,7,モックモック,牡,5,武豊, 58 ,14,2,１, ,ダ1800,良,,(栗),寺島良,1522,-0.0,3,3,4,35.8,498,-2,
,2025.11.23,京都,4京6,1勝,１勝ｸﾗｽ,1,1,ウインデイジー,牝,4,マーカン, 56 ,18,4,１, 外,芝2400,良,,(栗),宮徹,2239,-0.1,9,9,6,34.0,454,-4,
,2025.11.23,京都,4京6,1勝,１勝ｸﾗｽ,8,15,ポッドドンナー,牡,3,吉村誠之,56☆,16,5,１, ,ダ1400,良,,(栗),辻野泰之,1241,-0.3,,11,8,36.2,478,+2,
,2025.11.23,京都,4京6,新馬,新馬,4,4,スカイスプレンダー,牡,2,Ｃ．デム, 56 ,9,1,１, 外,芝1800,良,,(栗),池江泰寿,1478,-0.5,,1,2,34.1,474,,
,2025.11.23,京都,4京6,新馬,新馬・牝,6,6,シュネルアンジュ,牝,2,武豊, 55 ,7,2,１, ,ダ1800,良,,(栗),寺島良,1532,-0.0,3,3,3,37.1,486,,
,2025.11.23,京都,4京6,未勝利,未勝利*,1,2,エアビーアゲイル,牝,2,岩田望来, 55 ,16,2,１, 内,芝2000,良,,(栗),辻野泰之,2004,-0.2,4,4,3,35.3,462,-6,
,2025.11.23,京都,4京6,未勝利,未勝利*,8,13,クラックショット,牡,2,Ｃ．デム, 56 ,13,2,１, ,ダ1800,良,,(栗),清水久詞,1540,-1.0,2,2,1,38.1,478,+14,
,2025.11.23,京都,4京6,未勝利,未勝利*,4,5,ホットシート,牡,2,川田将雅, 56 ,14,1,１, ,ダ1400,良,,(栗),大久保龍,1250,-0.6,,2,2,37.4,532,+2,
,2025.11.22,京都,4京5,2勝,２勝ｸﾗｽ,8,14,ミッキーゴールド,セ,3,Ｃ．デム, 56 ,15,2,１, 内,芝2000,良,,(栗),池江泰寿,1592,-0.2,3,3,2,34.2,486,-10,
,2025.11.22,京都,4京5,ｵｰﾌﾟﾝ,シトリン,2,4,ムルソー,牡,4,ルメール, 58 ,16,1,１, ,ダ1900,良,,(栗),池江泰寿,1569,-0.0,1,1,1,37.5,512,+4,
,2025.11.22,京都,4京5,3勝,比叡Ｓ･3勝,3,5,ダノンシーマ,牡,3,川田将雅, 56 ,16,1,１, 外,芝2400,良,,(栗),中内田充,2249,-0.4,5,5,4,34.1,494,+6,
,2025.11.22,京都,4京5,1勝,秋明菊賞･1勝,1,1,タガノアラリア,牡,2,松山弘平, 56 ,9,2,１, 外,芝1400,良,,(栗),西園翔太,1206,-0.5,,3,3,33.5,444,-2,
,2025.11.22,京都,4京5,2勝,２勝ｸﾗｽ,4,7,リネアグローリア,牡,4,岩田望来, 58 ,16,5,１, ,ダ1400,良,,(栗),小崎憲,1241,-0.0,,7,6,37.2,478,-2,
,2025.11.22,京都,4京5,1勝,１勝ｸﾗｽ・牝,5,9,ヴァンアグレアブル,牝,3,Ｃ．デム, 54 ,16,1,１, ,ダ1800,良,,(栗),橋口慎介,1529,-0.9,6,2,2,37.0,524,+4,
,2025.11.22,京都,4京5,新馬,新馬,6,11,カタリテ,牡,2,高杉吏麒, 56 ,16,4,１, ,ダ1400,良,,(栗),北出成人,1248,-0.9,,2,2,36.5,462,,
,2025.11.22,京都,4京5,新馬,新馬,6,12,アルトラムス,牡,2,レーン, 56 ,17,1,１, 内,芝1600,良,,(栗),野中賢二,1344,-0.5,,8,6,34.6,480,,
,2025.11.22,京都,4京5,未勝利,未勝利*,6,6,ヴィスコンテッサ,牝,2,Ｃ．デム, 55 ,11,4,１, 外,芝1800,良,,(栗),松永幹夫,1469,-0.0,,11,4,34.5,440,0,
,2025.11.22,京都,4京5,未勝利,未勝利*,3,5,トップアタック,牡,2,西村淳也, 56 ,18,2,１, 内,芝1200,良,,(栗),小椋研介,1086,-0.1,,1,1,35.0,464,+6,
,2025.11.22,京都,4京5,未勝利,未勝利*,4,7,ジャスティンダラス,牡,2,松山弘平, 56 ,15,1,１, ,ダ1800,良,,(栗),杉山晴紀,1527,-0.2,1,1,1,37.5,524,+2,
,2025.11.22,京都,4京5,未勝利,未勝利・牝*,3,4,テーオーナタリー,牝,2,西村淳也, 55 ,14,1,１, ,ダ1200,良,,(栗),梅田智之,1132,-0.1,,1,1,36.9,436,0,
,2025.11.16,京都,4京4,3勝,ドンカＨ･3勝,6,8,ガイアメンテ,牡,4,ルメール, 56 ,12,1,１, 外,芝1800,良,,(栗),須貝尚介,1456,-0.2,,4,2,33.5,494,-2,
,2025.11.16,京都,4京4,Ｇ１,エリザベG1,4,7,レガレイラ,牝,4,戸崎圭太, 56 ,16,1,１, 外,芝2200,良,,(美),木村哲也,2110,-0.3,10,10,8,34.2,480,+8,
,2025.11.16,京都,4京4,3勝,天橋立Ｈ･3勝,4,5,トリポリタニア,牡,3,Ｃ．デム, 55 ,14,1,１, ,ダ1800,良,,(栗),上村洋行,1494,-0.3,1,1,1,37.3,482,+14,
,2025.11.16,京都,4京4,1勝,黄菊賞･1勝*,2,2,ノチェセラーダ,牡,2,Ｃ．デム, 56 ,8,6,１, 内,芝2000,良,,(栗),杉山佳明,2013,-0.0,3,2,2,34.7,468,+6,
,2025.11.16,京都,4京4,2勝,２勝ｸﾗｽ,5,8,アンダースコア,牡,3,田口貫太, 57 ,15,7,１, 外,芝1400,良,*,(栗),庄野靖志,1207,-0.1,,5,5,34.0,458,+10,
,2025.11.16,京都,4京4,2勝,２勝ｸﾗｽ,2,4,ゴールデンクラウド,牡,3,Ｃ．デム, 56 ,16,1,１, ,ダ1800,良,,(栗),小林真也,1508,-0.1,4,3,3,37.7,526,0,
,2025.11.16,京都,4京4,1勝,１勝ｸﾗｽ,3,5,バッハアルプゼー,牡,3,松山弘平, 57 ,16,1,１, ,ダ1200,良,,(栗),橋口慎介,1114,-0.2,,2,2,35.9,486,-4,
,2025.11.16,京都,4京4,新馬,新馬,6,6,アクセス,牡,2,北村友一, 56 ,9,1,１, 内,芝2000,良,,(栗),上村洋行,2019,-0.5,8,3,2,35.1,480,,
,2025.11.16,京都,4京4,新馬,新馬,5,5,メルカントゥール,牡,2,Ｃ．デム, 56 ,11,2,１, ,ダ1800,良,,(栗),杉山晴紀,1544,-0.2,5,7,6,37.2,528,,
,2025.11.16,京都,4京4,未勝利,未勝利*,7,12,エイシンティザー,牡,2,ルメール, 56 ,15,2,１, 内,芝1600,良,,(栗),吉村圭司,1339,-0.3,,2,1,35.5,484,-12,
,2025.11.16,京都,4京4,未勝利,未勝利*,4,7,カネコメブライト,牝,2,和田竜二, 55 ,15,4,１, ,ダ1200,良,,(栗),中尾秀正,1127,-0.3,,3,2,37.2,476,-4,
,2025.11.16,京都,4京4,未勝利,未勝利・牝*,3,4,エイシンビリオン,牝,2,田山旺佑,52▲,14,8,１, ,ダ1400,良,,(栗),今野貞一,1247,-0.0,,1,1,37.6,470,+2,
,2025.11.15,京都,4京3,1勝,１勝ｸﾗｽ,5,10,ジーティードレス,牝,3,岩田望来, 55 ,18,3,１, 外,芝1600,良,,(栗),辻野泰之,1333,-0.2,,8,8,33.9,440,-6,
,2025.11.15,京都,4京3,Ｇ２,デイリーG2,6,6,アドマイヤクワッズ,牡,2,坂井瑠星, 56 ,8,1,１, 外,芝1600,良,,(栗),友道康夫,1331,-0.0,,6,7,34.0,478,+6,
,2025.11.15,京都,4京3,OP(L),アンドロ(L),8,16,ウエストナウ,牡,4,団野大成, 57 ,16,5,１, 内,芝2000,良,,(栗),佐々木晶,1589,-0.1,8,9,9,34.3,498,0,B
,2025.11.15,京都,4京3,2勝,深草特別･2勝,7,13,ジェネラーレ,牡,4,岩田望来, 58 ,15,3,１, ,ダ1200,良,,(栗),野中賢二,1110,-0.0,,1,1,36.4,490,+2,B
,2025.11.15,京都,4京3,2勝,２勝ｸﾗｽ・牝,6,6,キーパフォーマー,牝,4,西村淳也, 56 ,7,2,１, 内,芝2000,良,,(栗),佐々木晶,1595,-0.6,6,2,2,35.6,464,-4,
,2025.11.15,京都,4京3,1勝,１勝ｸﾗｽ,4,8,アートレスマインド,牡,3,Ｃ．デム, 56 ,16,2,１, ,ダ1800,良,,(栗),坂口智康,1519,-0.4,5,4,2,36.7,480,+6,
,2025.11.15,京都,4京3,新馬,新馬,3,5,プリンセスモコ,牝,2,北村友一, 55 ,16,1,１, ,ダ1200,良,,(栗),藤原英昭,1123,-0.5,,3,3,36.1,460,,
,2025.11.15,京都,4京3,新馬,新馬・牝,4,7,グレースジェンヌ,牝,2,北村友一, 55 ,18,1,１, 内,芝1600,良,,(栗),上村洋行,1357,-0.0,,3,2,35.3,444,,
,2025.11.15,京都,4京3,未勝利,未勝利*,5,6,ソルパッサーレ,牝,2,浜中俊, 55 ,12,4,１, 内,芝2000,良,,(栗),四位洋文,2016,-1.0,4,3,2,34.8,452,+2,
,2025.11.15,京都,4京3,未勝利,未勝利*,5,5,ブームバップビート,牡,2,西村淳也, 56 ,10,1,１, ,ダ1800,良,,(栗),中内田充,1536,-0.6,1,1,1,37.4,536,-8,B
,2025.11.15,京都,4京3,未勝利,未勝利*,7,8,スマートジュリアス,牡,2,武豊, 56 ,11,1,１, ,ダ1400,良,,(栗),中村直也,1250,-0.3,,1,1,36.8,480,0,
,2025.11.15,京都,4京3,未勝利,未勝利*,6,6,ケンタッキーホーム,牡,2,Ｃ．デム, 56 ,11,1,１, ,ダ1800,良,,(栗),松下武士,1534,-0.3,6,2,1,37.5,514,+6,
,"2025.11. 9",京都,4京2,1勝,１勝ｸﾗｽ,2,4,メイショウセイロウ,牡,3,団野大成, 57 ,17,8,１, 外,芝1400,重,,(栗),荒川義之,1212,-0.0,,8,9,34.5,418,+4,
,"2025.11. 9",京都,4京2,Ｇ３,みやこＳG3,7,12,ダブルハートボンド,牝,4,坂井瑠星, 55 ,15,2,１, ,ダ1800,不,*,(栗),大久保龍,1475,-0.0,2,1,1,36.2,476,0,
,"2025.11. 9",京都,4京2,3勝,貴船Ｓ･3勝,7,9,アガシ,セ,4,田口貫太, 58 ,12,8,１, ,ダ1200,不,,(栗),庄野靖志,1099,-0.0,,9,7,34.6,490,+2,
,"2025.11. 9",京都,4京2,2勝,木津川特･2勝,8,8,バレルターン,牡,4,Ｃ．デム, 58 ,8,1,１, 外,芝1600,重,,(栗),茶木太樹,1337,-0.2,,2,1,34.8,488,+4,
,"2025.11. 9",京都,4京2,2勝,２勝ｸﾗｽ・牝,6,12,ツキノアカリ,牝,3,田山旺佑,51▲,16,7,１, ,ダ1800,重,,(栗),牧田和弥,1497,-0.1,7,6,6,36.4,460,-4,
,"2025.11. 9",京都,4京2,2勝,２勝ｸﾗｽ,1,1,サークルオブジョイ,牡,4,Ｃ．デム, 58 ,7,3,１, 外,芝2400,重,,(栗),池添学,2286,-0.3,1,1,1,35.0,498,+8,
,"2025.11. 9",京都,4京2,1勝,１勝ｸﾗｽ,7,14,ブルーワール,牡,4,松若風馬, 58 ,16,6,１, ,ダ1800,重,,(栗),高柳大輔,1496,-0.0,15,14,10,36.5,510,-2,B
,"2025.11. 9",京都,4京2,新馬,新馬,4,4,ロブチェン,牡,2,松山弘平, 56 ,8,2,１, 内,芝2000,重,,(栗),杉山晴紀,2045,-0.5,1,1,1,35.4,516,,
,"2025.11. 9",京都,4京2,新馬,新馬,1,1,ヒルノプーリア,牝,2,秋山稔樹, 55 ,16,4,１, ,ダ1400,稍,,(栗),北出成人,1249,-0.4,,1,1,36.9,514,,
,"2025.11. 9",京都,4京2,未勝利,未勝利*,6,6,マテンロウゲイル,牡,2,横山和生, 56 ,8,1,１, 内,芝2000,稍,,(栗),野中賢二,2043,-0.0,4,4,4,35.3,502,+10,
,"2025.11. 9",京都,4京2,未勝利,未勝利・牝*,3,3,タイムレスキス,牝,2,Ｃ．デム, 55 ,8,1,１, 内,芝1600,稍,,(栗),吉村圭司,1354,-0.2,,3,4,35.5,464,+2,
,"2025.11. 9",京都,4京2,未勝利,未勝利*,5,10,ムテキシャチョウ,牡,2,川田将雅, 56 ,16,4,１, ,ダ1400,稍,*,(栗),森秀行,1260,-0.2,,2,2,37.8,504,+8,
,"2025.11. 8",京都,4京1,1勝,１勝ｸﾗｽ,8,14,ノーランサンライズ,牝,3,岩田望来, 54 ,14,5,１, 内,芝2000,良,,(栗),佐藤悠太,2009,-0.1,10,7,7,33.8,492,+6,
,"2025.11. 8",京都,4京1,ｵｰﾌﾟﾝ,室町ＳＨ,3,6,ペプチドヤマト,牡,6,高倉稜, 56 ,16,16,１, ,ダ1200,良,,(栗),武英智,1103,-0.1,,7,7,35.6,494,-2,B
,"2025.11. 8",京都,4京1,3勝,清水Ｓ･3勝,8,12,フロムダスク,牡,5,西村淳也, 58 ,12,11,１, 外,芝1600,良,,(栗),森秀行,1330,-0.1,,1,1,34.3,514,+2,
,"2025.11. 8",京都,4京1,2勝,亀岡特別･2勝,2,3,ジャスパーバローズ,牡,5,吉村誠之, 58 ,16,10,１, ,ダ1400,良,,(栗),清水久詞,1233,-0.2,,8,6,36.8,514,+4,B
,"2025.11. 8",京都,4京1,ＪＧ３,京都ジャJG3,3,3,ローディアマント,セ,5,伴啓太, 60 ,10,6,１, ,芝3170,良,,(美),尾関知人,3373,-0.1,2,2,2,13.7,484,0,
,"2025.11. 8",京都,4京1,1勝,１勝ｸﾗｽ・牝,6,12,ランスオブセヘル,牝,4,団野大成, 56 ,16,3,１, ,ダ1400,良,,(栗),奥村豊,1239,-0.0,,2,3,37.1,492,+10,
,"2025.11. 8",京都,4京1,新馬,新馬,7,9,コスモレッド,牝,2,高杉吏麒, 55 ,11,5,１, 内,芝1400,良,,(栗),北出成人,1227,-0.1,,7,7,34.5,452,,
,"2025.11. 8",京都,4京1,新馬,新馬,3,3,アドマイヤシュラ,牝,2,Ｃ．デム, 55 ,9,1,１, 外,芝1800,良,,(栗),友道康夫,1472,-0.1,,4,3,34.2,432,,
,"2025.11. 8",京都,4京1,未勝利,未勝利*,8,11,ジャスティンルマン,牡,2,Ｃ．デム, 56 ,12,1,１, ,ダ1800,良,,(栗),杉山晴紀,1537,-0.0,3,2,1,37.6,530,+2,
,"2025.11. 8",京都,4京1,未勝利,未勝利*,8,10,ネッタイヤライ,牡,2,松山弘平, 56 ,10,2,１, 外,芝1800,良,,(栗),矢作芳人,1472,-0.1,,1,1,34.3,448,+14,
,"2025.11. 8",京都,4京1,未勝利,未勝利*,2,2,ナムラコスモス,牝,2,田口貫太, 55 ,15,6,１, 内,芝1400,良,,(栗),大橋勇樹,1209,-0.3,,2,3,34.0,492,+2,
,"2025.11. 8",京都,4京1,未勝利,未勝利・牝*,7,10,ショコラプリン,牝,2,坂井瑠星, 55 ,12,1,１, ,ダ1800,良,,(栗),四位洋文,1533,-0.7,1,1,1,37.7,506,+2,
,"2025.11. 2",京都,3京B,2勝,２勝ｸﾗｽ,7,10,ハワイアンタイム,セ,5,太宰啓介, 58 ,12,10,１, 外,芝1400,良,,(栗),昆貢,1214,-0.1,,1,1,33.4,502,+14,B
,"2025.11. 2",京都,3京B,OP(L),まほろＨ(L),6,10,エアファンディタ,セ,8,亀田温心, 56 ,15,10,１, 外,芝1600,良,,(栗),池添学,1325,-0.0,,11,11,33.5,452,+6,B
,"2025.11. 2",京都,3京B,3勝,古都ＳＨ･3勝,2,2,ヴォランテ,牡,5,吉村誠之, 57 ,13,6,１, 外,芝3000,良,,(栗),羽月友彦,3038,-0.0,9,7,4,34.2,454,-8,
,"2025.11. 2",京都,3京B,1勝,もちの木･1勝,5,10,パイロマンサー,牡,2,岩田望来, 56 ,16,1,１, ,ダ1800,稍,,(栗),吉村圭司,1516,-0.1,6,4,4,36.9,512,+8,
,"2025.11. 2",京都,3京B,2勝,２勝ｸﾗｽ,3,6,ゲッティヴィラ,牡,3,吉村誠之,56☆,16,3,１, ,ダ1200,稍,*,(栗),小栗実,1112,-0.3,,9,9,35.0,452,+8,
,"2025.11. 2",京都,3京B,1勝,１勝ｸﾗｽ,2,4,スカイサーベイ,牡,4,北村友一, 58 ,16,6,１, 外,芝2200,良,,(栗),池添学,2133,-0.1,5,4,5,34.1,482,+2,
,"2025.11. 2",京都,3京B,1勝,１勝ｸﾗｽ,5,8,ゴールドダイアー,牡,3,和田竜二, 56 ,15,1,１, ,ダ1800,稍,,(栗),平田修,1519,-0.1,4,6,4,37.5,490,+2,
,"2025.11. 2",京都,3京B,新馬,新馬,7,12,ヒシアイラ,牡,2,荻野極, 56 ,15,1,１, 内,芝1600,良,,(栗),池江泰寿,1359,-0.3,,5,3,34.4,454,,
,"2025.11. 2",京都,3京B,未勝利,障害未勝利,8,9,ゲインサポート,セ,4,森一馬, 60 ,10,1,１, ,ダ2910,良,,(栗),斉藤崇史,3232,-0.3,2,2,2,14.0,456,-2,B
,"2025.11. 2",京都,3京B,新馬,新馬,7,14,メイショウカクウチ,牡,2,菱田裕二, 56 ,16,2,１, ,ダ1400,稍,,(栗),飯田祐史,1248,-2.5,,2,1,36.1,478,,
,"2025.11. 2",京都,3京B,未勝利,未勝利*,3,3,ワンダフルボンド,牡,2,岩田望来, 56 ,7,1,１, 内,芝2000,良,,(栗),友道康夫,2019,-0.2,2,1,1,35.2,480,+4,
,"2025.11. 2",京都,3京B,未勝利,未勝利*,3,4,テイエムゴッホ,牡,2,和田竜二, 56 ,15,2,１, ,ダ1800,稍,,(栗),浜田多実,1536,-0.2,1,1,1,38.6,516,+4,
,"2025.11. 1",京都,3京A,1勝,１勝ｸﾗｽ,8,15,オリバナム,牝,3,団野大成, 55 ,15,6,１, 外,芝1600,良,,(栗),斉藤崇史,1337,-0.0,,6,4,33.7,476,-10,
,"2025.11. 1",京都,3京A,Ｇ３,ファンタG3,2,2,フェスティバルヒル,牝,2,Ｃ．デム, 55 ,12,1,１, 外,芝1400,良,,(栗),四位洋文,1209,-0.0,,9,9,33.1,448,-2,
,"2025.11. 1",京都,3京A,3勝,ハロウィ･3勝,4,5,テーオーグランビル,牡,5,岩田望来, 58 ,14,4,１, ,ダ1800,重,,(栗),上村洋行,1494,-0.8,1,1,1,34.9,504,+10,
,"2025.11. 1",京都,3京A,2勝,北野特別･2勝,7,10,エコロディノス,牡,3,池添謙一, 56 ,12,1,１, 内,芝2000,良,,(栗),大久保龍,1595,-0.5,1,1,1,34.2,486,-2,
,"2025.11. 1",京都,3京A,2勝,２勝ｸﾗｽ,6,10,アーロンイメル,牡,4,西村淳也, 58 ,15,4,１, ,ダ1800,重,,(栗),高橋一哉,1491,-0.4,1,1,1,36.6,498,-2,B
,"2025.11. 1",京都,3京A,1勝,１勝ｸﾗｽ,7,13,ヴリトラハン,牡,3,岩田望来, 57 ,16,4,１, ,ダ1400,重,,(栗),千田輝彦,1237,-0.2,,8,8,36.0,486,+6,
,"2025.11. 1",京都,3京A,新馬,新馬,5,10,テイエムサンレーヴ,牡,2,団野大成, 56 ,16,2,１, ,ダ1800,重,,(栗),河嶋宏樹,1521,-0.5,11,10,8,36.4,512,,
,"2025.11. 1",京都,3京A,新馬,新馬,1,1,シャドウマスター,牡,2,北村友一, 56 ,9,2,１, 内,芝2000,稍,,(栗),杉山晴紀,2023,-0.0,3,4,5,35.3,488,,
,"2025.11. 1",京都,3京A,未勝利,障害未勝利,6,6,メイショウウネビ,牡,6,森一馬, 60 ,11,5,１, ,ダ2910,稍,,(栗),本田優,3188,-0.2,5,2,1,13.7,510,+8,
,"2025.11. 1",京都,3京A,未勝利,未勝利*,1,1,フォルナックス,牝,2,Ｃ．デム, 55 ,8,1,１, 外,芝1800,稍,,(栗),奥村豊,1494,-0.5,,4,3,33.9,464,-2,
,"2025.11. 1",京都,3京A,未勝利,未勝利*,7,10,トモジャプレジール,牡,2,国分優作, 56 ,12,8,１, 内,芝1200,稍,,(栗),大根田裕,1099,-0.1,,4,3,34.4,436,-4,
,"2025.11. 1",京都,3京A,未勝利,未勝利*,8,12,メイショウテリオス,牡,2,吉村誠之,55☆,13,6,１, ,ダ1200,不,,(栗),高橋亮,1119,-0.0,,3,3,36.0,492,-6,
,2025.10.26,京都,3京9,2勝,嵯峨野Ｈ･2勝,7,13,ピエマンソン,牡,3,池添謙一, 56 ,16,1,１, ,ダ1400,重,,(栗),平田修,1228,-0.2,,5,5,36.3,478,+2,
,2025.10.26,京都,3京9,Ｇ１,菊花賞G1,5,9,エネルジコ,牡,3,ルメール, 57 ,18,1,１, 外,芝3000,稍,,(美),高柳瑞樹,3040,-0.3,14,8,4,35.0,456,-12,
,2025.10.26,京都,3京9,ｵｰﾌﾟﾝ,カノープＨ,3,4,シゲルショウグン,牡,5,岩田康誠,57.5,14,4,１, ,ダ1800,重,,(栗),大橋勇樹,1486,-0.2,4,2,3,36.5,520,-2,
,2025.10.26,京都,3京9,OP(L),萩Ｓ(L),5,5,バドリナート,牡,2,坂井瑠星, 56 ,8,3,１, 外,芝1800,稍,,(栗),松永幹夫,1471,-0.1,,3,2,34.3,488,-2,
,2025.10.26,京都,3京9,2勝,壬生特別･2勝,6,9,モジャーリオ,牡,3,横山和生, 57 ,14,1,１, 内,芝1200,稍,,(美),斎藤誠,1087,-0.1,,3,3,33.7,462,+4,
,2025.10.26,京都,3京9,1勝,１勝ｸﾗｽ・牝,6,7,ステアハート,牝,3,田山旺佑,51▲,12,2,１, ,ダ1800,重,,(栗),新谷功一,1518,-0.3,3,3,3,35.9,468,-6,
,2025.10.26,京都,3京9,1勝,１勝ｸﾗｽ,3,3,アンビシャスヨシノ,牡,3,角田大和, 56 ,11,11,１, ,ダ1400,重,,(栗),吉田直弘,1234,-0.3,,10,10,36.0,468,0,
,2025.10.26,京都,3京9,新馬,新馬,6,6,テルヒコウ,牡,2,坂井瑠星, 56 ,10,3,１, 外,芝1800,稍,,(栗),矢作芳人,1505,-0.4,,1,1,33.7,486,,
,2025.10.26,京都,3京9,新馬,新馬,4,8,ダノンバーボン,牡,2,松山弘平, 56 ,16,3,１, ,ダ1800,重,,(栗),池添学,1519,-1.7,1,1,1,36.1,500,,
,2025.10.26,京都,3京9,未勝利,未勝利*,7,8,メイショウソラリス,牡,2,武豊, 56 ,10,4,１, 内,芝2000,稍,,(栗),角田晃一,2025,-0.5,1,1,1,35.7,460,0,
,2025.10.26,京都,3京9,未勝利,未勝利*,8,10,マイリトルヒーロー,牡,2,坂井瑠星, 56 ,10,2,１, 内,芝1600,稍,,(栗),高橋康之,1350,-0.2,,5,5,36.4,464,+6,
,2025.10.26,京都,3京9,未勝利,未勝利・牝*,6,6,サリカリーフォリア,牝,2,松山弘平, 55 ,9,3,１, ,ダ1800,重,,(栗),橋口慎介,1530,-0.0,1,1,1,38.4,520,+6,
,2025.10.25,京都,3京8,1勝,１勝ｸﾗｽ,8,9,マイネルフルムーン,牡,3,団野大成, 56 ,10,3,１, 外,芝1800,良,,(栗),吉田直弘,1476,-0.1,,7,5,33.9,468,+6,
,2025.10.25,京都,3京8,OP(L),カシオペ(L),7,7,オーロラエックス,牝,4,松山弘平, 55 ,10,2,１, 外,芝1800,良,,(栗),杉山晴紀,1450,-0.0,,7,8,33.7,488,-2,
,2025.10.25,京都,3京8,3勝,長岡京Ｓ･3勝,4,5,スリールミニョン,牝,3,坂井瑠星, 54 ,13,4,１, 外,芝1400,良,,(栗),高橋康之,1202,-0.1,,1,1,34.1,458,+16,
,2025.10.25,京都,3京8,2勝,北國新聞･2勝,7,13,タガノマカシヤ,牡,3,岩田望来, 56 ,16,1,１, ,ダ1900,良,,(栗),中村直也,1580,-0.2,4,5,3,37.3,506,0,
,2025.10.25,京都,3京8,2勝,２勝ｸﾗｽ,2,2,ネブラディスク,牡,3,岩田望来, 56 ,12,1,１, 外,芝1800,良,,(栗),福永祐一,1457,-0.3,,10,10,33.5,448,+14,
,2025.10.25,京都,3京8,1勝,１勝ｸﾗｽ,2,2,エリカヴェネチア,牝,4,高杉吏麒, 56 ,11,8,１, ,ダ1800,良,,(栗),吉岡辰弥,1527,-0.2,11,10,11,37.7,492,-6,
,2025.10.25,京都,3京8,新馬,新馬・牝,3,6,フレグレイ,牝,2,北村友一, 55 ,16,1,１, ,ダ1400,良,,(栗),角田晃一,1256,-0.2,,5,3,37.9,492,,
,2025.10.25,京都,3京8,新馬,新馬,3,4,アーリーハーベスト,牝,2,北村友一, 55 ,14,4,１, 内,芝1600,良,,(栗),小林真也,1348,-0.2,,1,1,34.8,460,,
,2025.10.25,京都,3京8,ｵｰﾌﾟﾝ,障害・オープ,3,3,コパノニコルソン,牡,6,小牧加矢, 60 ,8,2,１, ,ダ3170,良,,(栗),宮徹,3394,-0.1,6,5,5,13.8,520,-4,
,2025.10.25,京都,3京8,未勝利,未勝利・牝*,6,8,フロムレイブン,牝,2,松山弘平, 55 ,12,2,１, 内,芝1400,良,,(栗),坂口智康,1213,-0.0,,2,2,35.3,472,0,
,2025.10.25,京都,3京8,未勝利,未勝利*,8,11,ゴールデンスラム,牡,2,坂井瑠星, 56 ,11,2,１, ,ダ1800,良,,(栗),池江泰寿,1556,-0.5,3,3,2,37.3,484,-4,
,2025.10.25,京都,3京8,未勝利,未勝利*,8,14,ホールオブミラーズ,牡,2,北村友一, 56 ,14,2,１, ,ダ1400,良,,(栗),高野友和,1263,-0.0,,8,6,39.0,464,+4,
,2025.10.19,京都,3京7,2勝,聚楽第特･2勝,6,9,テスティモーネ,牡,3,古川吉洋, 56 ,14,1,１, ,ダ1800,良,,(栗),大根田裕,1509,-0.1,5,4,2,36.9,520,+2,
,2025.10.19,京都,3京7,Ｇ１,秋華賞G1,6,11,エンブロイダリー,牝,3,ルメール, 55 ,18,2,１, 内,芝2000,良,,(美),森一誠,1583,-0.1,6,2,2,35.2,488,+6,
,2025.10.19,京都,3京7,3勝,京都競Ｈ･3勝,6,12,グランフォーブル,牡,5,酒井学, 54 ,16,14,１, ,ダ1400,良,,(美),土田稔,1232,-0.3,,1,1,35.4,484,+2,B
,2025.10.19,京都,3京7,ｵｰﾌﾟﾝ,もみじＳ,7,7,リリージョワ,牝,2,ルメール, 55 ,7,2,１, 外,芝1400,良,,(栗),武幸四郎,1205,-0.1,,1,1,34.2,434,-10,
,2025.10.19,京都,3京7,2勝,２勝ｸﾗｽ,4,4,ミニトランザット,牡,3,吉村誠之,55☆,10,1,１, 外,芝1600,良,,(栗),杉山佳明,1333,-0.1,,7,7,33.1,468,+10,
,2025.10.19,京都,3京7,1勝,１勝ｸﾗｽ,7,9,イリフィ,牝,3,西村淳也, 55 ,12,6,１, ,ダ1200,良,,(栗),高野友和,1114,-0.3,,8,6,35.6,430,+8,
,2025.10.19,京都,3京7,1勝,１勝ｸﾗｽ,7,9,ミッションルース,牡,4,田口貫太, 58 ,12,11,１, ,ダ1800,良,*,(栗),平田修,1525,-0.0,2,1,1,37.8,440,-14,
,2025.10.19,京都,3京7,新馬,新馬,4,4,ヴァロンブローサ,牡,2,北村友一, 56 ,11,5,１, 内,芝2000,良,,(栗),池添学,2021,-0.2,1,1,1,35.8,462,,
,2025.10.19,京都,3京7,新馬,新馬,8,15,ミルトベスト,牡,2,岩田望来, 56 ,17,5,１, 内,芝1400,良,,(栗),中村直也,1222,-0.3,,2,1,35.0,470,,
,2025.10.19,京都,3京7,1勝,１勝ｸﾗｽ,4,4,トゥロン,牝,3,西村淳也, 54 ,12,2,１, ,ダ1400,稍,,(栗),佐々木晶,1241,-0.4,,8,8,36.2,524,+4,
,2025.10.19,京都,3京7,未勝利,未勝利*,1,1,サーディンラン,牡,2,松山弘平, 56 ,6,1,１, 外,芝1800,良,,(栗),武英智,1474,-0.1,,2,2,34.7,460,+6,
,2025.10.19,京都,3京7,未勝利,未勝利・牝*,8,11,フィアーブル,牝,2,松山弘平, 55 ,12,1,１, ,ダ1400,稍,,(栗),長谷川浩,1254,-0.6,,1,1,38.2,460,0,
,2025.10.18,京都,3京6,1勝,１勝ｸﾗｽ,4,6,リアライズ,牡,5,角田大和, 58 ,15,7,１, 外,芝1400,良,,(栗),石橋守,1205,-0.0,,3,3,33.8,506,+6,
,2025.10.18,京都,3京6,3勝,トルマリ･3勝,3,5,レイナデアルシーラ,牝,3,田口貫太, 54 ,16,1,１, ,ダ1800,稍,,(栗),西園正都,1511,-0.1,1,1,1,36.6,512,+12,
,2025.10.18,京都,3京6,2勝,清滝特別･2勝,2,2,ジョイボーイ,牡,3,岩田望来, 55 ,10,1,１, 外,芝2200,良,,(栗),四位洋文,2137,-0.1,3,3,3,33.6,484,0,
,2025.10.18,京都,3京6,2勝,２勝ｸﾗｽ・牝,7,10,ヴェロクオーレ,牝,4,高杉吏麒, 56 ,13,1,１, ,ダ1400,稍,,(栗),石坂公一,1231,-0.4,,2,1,36.2,476,+4,
,2025.10.18,京都,3京6,1勝,なでしこ･1勝,3,3,ローズカリス,牝,2,田口貫太, 55 ,7,4,１, ,ダ1400,稍,,(栗),大橋勇樹,1247,-0.3,,1,1,36.2,434,-4,
,2025.10.18,京都,3京6,1勝,１勝ｸﾗｽ,8,8,バガン,牡,7,岩田望来, 58 ,8,2,１, 内,芝2000,良,,(栗),宮地貴稔,2003,-0.2,7,7,5,35.1,478,-2,
,2025.10.18,京都,3京6,新馬,新馬,5,10,エブリーポッシブル,牝,2,岩田望来, 55 ,16,1,１, ,ダ1400,稍,,(栗),新谷功一,1250,-0.6,,2,2,36.4,450,,
,2025.10.18,京都,3京6,新馬,新馬・牝,4,5,スウィートハピネス,牝,2,高杉吏麒, 55 ,13,5,１, 内,芝1600,良,,(栗),北出成人,1348,-0.0,,4,4,34.2,446,,
,2025.10.18,京都,3京6,未勝利,障害未勝利,5,5,ホウオウプレシャス,牡,5,水沼元輝,57▲,11,6,１, ,ダ2910,良,,(美),天間昭一,3180,-0.7,4,3,3,13.6,490,0,
,2025.10.18,京都,3京6,未勝利,未勝利*,4,4,ルートサーティーン,牡,2,岩田康誠, 56 ,7,2,１, 内,芝1600,良,,(栗),辻野泰之,1354,-0.3,,2,2,33.9,472,+4,
,2025.10.18,京都,3京6,未勝利,未勝利*,2,2,シルバーレシオ,牡,2,岩田望来, 56 ,10,1,１, ,ダ1800,稍,,(栗),野中賢二,1523,-1.4,7,5,3,37.8,510,-4,
,2025.10.18,京都,3京6,未勝利,未勝利*,8,9,エシェックオロワ,牡,2,岩田望来, 56 ,9,2,１, ,ダ1400,稍,,(栗),千田輝彦,1252,-0.2,,3,3,37.7,474,-10,
,2025.10.13,京都,3京5,1勝,１勝ｸﾗｽ,7,13,セールヴォラン,牡,4,松若風馬, 58 ,16,5,１, ,ダ1200,良,,(栗),北出成人,1114,-0.0,,4,4,35.9,452,+2,
,2025.10.13,京都,3京5,Ｇ２,スワンＳG2,4,7,オフトレイル,牡,4,菅原明良, 57 ,18,5,１, 外,芝1400,良,,(栗),吉村圭司,1189,-0.0,,11,11,33.2,462,-2,
,2025.10.13,京都,3京5,2勝,堀川特別･2勝,2,2,ローランドバローズ,牡,3,岩田康誠, 56 ,10,1,１, 外,芝1800,良,,(栗),上村洋行,1458,-0.1,,4,4,33.2,498,0,
,2025.10.13,京都,3京5,2勝,蹴上特別･2勝,7,9,ハナウマビーチ,牡,3,松山弘平, 56 ,12,3,１, ,ダ1800,良,,(栗),西園翔太,1519,-0.0,7,6,6,37.8,518,+2,
,2025.10.13,京都,3京5,1勝,１勝ｸﾗｽ,5,6,ハッピーダンチャン,牡,3,西塚洸二,55☆,13,1,１, ,ダ1900,良,,(栗),小椋研介,1598,-0.6,1,1,1,38.6,468,+4,
,2025.10.13,京都,3京5,1勝,１勝ｸﾗｽ・牝,6,11,スニーカースキル,牝,3,戸崎圭太, 54 ,15,5,１, ,ダ1400,良,,(栗),杉山晴紀,1240,-0.3,,5,5,37.4,494,0,
,2025.10.13,京都,3京5,新馬,新馬,7,12,バルセシート,牡,2,北村友一, 56 ,15,3,１, 内,芝1600,良,,(栗),松下武士,1336,-0.6,,8,7,34.8,466,,
,2025.10.13,京都,3京5,新馬,新馬,8,10,ジャスティンビスタ,牡,2,北村友一, 56 ,11,5,１, 外,芝1800,良,,(栗),吉岡辰弥,1477,-0.1,,2,2,34.7,512,,
,2025.10.13,京都,3京5,1勝,１勝ｸﾗｽ・牝,6,8,プリンセッサ,牝,3,松若風馬, 54 ,13,3,１, ,ダ1800,良,,(栗),牧田和弥,1522,-0.2,2,2,2,37.3,510,-4,
,2025.10.13,京都,3京5,未勝利,未勝利*,7,13,ネネキリマル,牡,2,高杉吏麒, 56 ,16,10,１, 内,芝1400,良,,(栗),河嶋宏樹,1209,-0.3,,7,4,35.2,472,-4,
,2025.10.13,京都,3京5,未勝利,未勝利・牝*,8,9,メイプルハッピー,牝,2,亀田温心, 55 ,10,3,１, 内,芝1600,良,,(栗),北出成人,1346,-0.1,,1,1,34.8,498,+2,
,2025.10.13,京都,3京5,未勝利,未勝利*,8,8,ライトオブヌカタ,牡,2,岩田康誠, 56 ,8,4,１, ,ダ1400,良,,(栗),上村洋行,1254,-0.3,,3,3,38.0,496,-2,
,2025.10.12,京都,3京4,1勝,１勝ｸﾗｽ,8,17,ワンモアスマイル,牡,3,坂井瑠星, 56 ,18,5,１, 外,芝1600,良,,(栗),藤岡健一,1327,-0.1,,5,5,33.5,454,-2,B
,2025.10.12,京都,3京4,ｵｰﾌﾟﾝ,太秦Ｓ,8,8,ハピ,牡,6,菱田裕二, 58 ,9,5,１, ,ダ1800,良,,(栗),大久保龍,1504,-0.3,8,6,5,35.6,488,+10,
,2025.10.12,京都,3京4,3勝,三年坂Ｈ･3勝,4,4,ブエナオンダ,牡,4,川田将雅, 56 ,13,3,１, 外,芝1600,良,,(栗),須貝尚介,1321,-0.0,,7,6,33.5,456,+4,
,2025.10.12,京都,3京4,2勝,円山特別･2勝,7,11,アメリカンビキニ,牝,3,団野大成, 55 ,14,1,１, ,ダ1200,良,,(栗),斉藤崇史,1101,-0.2,,1,1,35.8,518,+8,
,2025.10.12,京都,3京4,2勝,２勝ｸﾗｽ・牝,3,4,ルージュミラージュ,牝,3,森田誠也,51▲,14,5,１, ,ダ1800,良,,(栗),武幸四郎,1517,-0.8,2,1,1,37.0,446,-2,
,2025.10.12,京都,3京4,1勝,１勝ｸﾗｽ,4,5,ランツフート,牡,3,松本大輝,54☆,13,9,１, 外,芝2400,良,,(栗),大久保龍,2264,-0.1,2,3,3,33.8,462,+8,
,2025.10.12,京都,3京4,新馬,新馬,7,13,タマモフリージア,牝,2,田口貫太, 55 ,16,8,１, ,ダ1800,良,,(栗),大橋勇樹,1545,-0.6,4,4,2,37.9,494,,
,2025.10.12,京都,3京4,新馬,新馬,8,13,ヴィサージュ,牡,2,藤岡佑介, 56 ,13,5,１, 内,芝2000,良,,(栗),大久保龍,2005,-0.0,9,4,7,33.6,498,,
,2025.10.12,京都,3京4,未勝利,障害未勝利,1,1,ヴィアルークス,牡,7,森一馬, 60 ,12,1,１, ,ダ2910,良,,(栗),小林真也,3181,-1.2,2,2,1,13.6,510,+4,
,2025.10.12,京都,3京4,未勝利,未勝利*,7,7,ブレナヴォン,牡,2,吉村誠之,55☆,9,2,１, 内,芝2000,良,,(栗),池江泰寿,1595,-0.6,6,4,4,35.0,454,0,
,2025.10.12,京都,3京4,未勝利,未勝利*,2,2,サイン,牡,2,西村淳也, 56 ,7,2,１, ,ダ1800,良,,(栗),佐藤悠太,1538,-0.2,1,1,1,37.7,516,-4,
,2025.10.12,京都,3京4,未勝利,未勝利・牝*,4,4,ワイズギャング,牝,2,古川吉洋, 55 ,12,3,１, ,ダ1400,良,,(栗),河嶋宏樹,1254,-0.1,,9,9,37.8,444,+2,
,2025.10.11,京都,3京3,1勝,１勝ｸﾗｽ,1,2,ゴールデンカイト,牡,3,川田将雅, 56 ,16,1,１, ,ダ1400,良,,(栗),中内田充,1232,-0.1,,4,3,36.9,478,+10,
,2025.10.11,京都,3京3,3勝,御陵ＳＨ･3勝,7,14,タガノバビロン,牡,3,松山弘平, 55 ,16,1,１, ,ダ1900,良,,(栗),西園翔太,1576,-0.2,12,9,7,36.8,516,+2,
,2025.10.11,京都,3京3,2勝,宇治川特･2勝,2,2,ミストレス,牝,3,岩田望来, 54 ,13,5,１, 外,芝1400,良,,(栗),矢作芳人,1203,-0.0,,6,6,33.4,480,0,
,2025.10.11,京都,3京3,1勝,１勝ｸﾗｽ,4,4,スマートカイロス,牡,3,古川奈穂,53▲,12,2,１, ,ダ1800,良,,(栗),矢作芳人,1520,-0.0,2,2,1,37.0,518,+6,
,2025.10.11,京都,3京3,1勝,紫菊賞･1勝*,1,1,ロードラヴォール,牡,2,川田将雅, 56 ,7,1,１, 内,芝2000,良,,(栗),中内田充,1593,-0.0,1,1,1,36.3,522,+20,
,2025.10.11,京都,3京3,1勝,１勝ｸﾗｽ・牝,2,2,アラベラ,牝,3,松山弘平, 54 ,11,3,１, 外,芝1800,良,,(栗),上村洋行,1446,-0.0,,8,7,34.2,428,-6,
,2025.10.11,京都,3京3,新馬,新馬,6,6,マメタンク,牡,2,松若風馬, 56 ,11,1,１, ,ダ1200,良,,(栗),東田明士,1124,-0.5,,2,2,36.4,448,,
,2025.10.11,京都,3京3,新馬,新馬・牝,3,6,マーゴットラヴミー,牝,2,池添謙一, 55 ,18,5,１, 内,芝1400,良,,(栗),小林真也,1202,-0.3,,2,2,33.4,432,,
,2025.10.11,京都,3京3,ｵｰﾌﾟﾝ,障害・オープ,5,5,ディナースタ,牡,6,高田潤, 61 ,11,1,１, ,ダ3170,良,,(栗),辻野泰之,3355,-1.2,3,2,2,13.6,482,-2,
,2025.10.11,京都,3京3,未勝利,未勝利*,2,2,シーミハットク,牡,2,岩田望来, 56 ,6,2,１, 外,芝1800,良,,(栗),寺島良,1480,-0.3,,1,1,34.1,488,+4,B
,2025.10.11,京都,3京3,未勝利,未勝利*,1,1,カムアップローゼス,牡,2,松山弘平, 56 ,8,1,１, ,ダ1800,良,,(栗),浜田多実,1535,-0.1,1,1,1,37.1,476,+8,
,2025.10.11,京都,3京3,未勝利,未勝利*,7,14,ランスオブキング,牡,2,松山弘平, 56 ,16,1,１, ,ダ1200,良,,(栗),本田優,1129,-0.2,,2,2,37.4,468,+8,
,"2025.10. 5",京都,3京2,2勝,２勝ｸﾗｽ,1,2,ブラックケリー,牝,3,横山武史, 55 ,16,3,１, 内,芝1200,稍,,(栗),長谷川浩,1079,-0.1,,7,7,33.8,436,0,
,"2025.10. 5",京都,3京2,Ｇ２,京都大賞G2,2,3,ディープモンスター,牡,7,浜中俊, 57 ,18,5,１, 外,芝2400,稍,,(栗),池江泰寿,2239,-0.1,5,7,7,34.4,466,0,
,"2025.10. 5",京都,3京2,ｵｰﾌﾟﾝ,藤森Ｓ,6,12,タガノミスト,牝,4,松山弘平, 55 ,16,4,１, ,ダ1200,重,,(栗),渡辺薫彦,1094,-0.1,,2,2,34.7,488,0,
,"2025.10. 5",京都,3京2,3勝,大原Ｓ･3勝,1,1,レディーヴァリュー,牝,4,団野大成, 56 ,9,2,１, 内,芝2000,稍,,(栗),小林真也,1594,-0.2,2,2,1,34.2,454,-10,
,"2025.10. 5",京都,3京2,2勝,２勝ｸﾗｽ,7,14,タマモティーカップ,牝,3,永島まな,52◇,16,6,１, ,ダ1400,重,,(栗),高橋亮,1226,-0.1,,3,2,36.2,462,+2,
,"2025.10. 5",京都,3京2,1勝,１勝ｸﾗｽ,4,4,フォーキャンドルズ,牡,3,松本大輝,55☆,12,8,１, 内,芝2000,稍,,(栗),本田優,2001,-0.1,7,6,4,34.5,498,-4,
,"2025.10. 5",京都,3京2,1勝,１勝ｸﾗｽ,4,6,ポッドフォルク,牡,3,中井裕二, 56 ,14,9,１, ,ダ1800,重,,(栗),西園正都,1521,-0.1,2,1,1,36.7,492,0,
,"2025.10. 5",京都,3京2,新馬,新馬,5,7,コウギョク,牝,2,横山和生, 55 ,13,2,１, 外,芝1800,稍,,(栗),昆貢,1488,-0.3,,1,1,34.7,438,,
,"2025.10. 5",京都,3京2,新馬,新馬,5,6,マーブルパレス,牝,2,酒井学, 55 ,12,1,１, 内,芝1200,稍,,(栗),西園正都,1100,-0.2,,2,2,34.7,418,,
,"2025.10. 5",京都,3京2,新馬,新馬,5,10,パイロマンサー,牡,2,横山武史, 56 ,16,2,１, ,ダ1800,重,,(栗),吉村圭司,1518,-0.3,2,1,1,37.3,504,,
,"2025.10. 5",京都,3京2,未勝利,未勝利*,2,2,プレセピオ,牝,2,浜中俊, 55 ,7,3,１, 内,芝1600,稍,,(栗),笹田和秀,1339,-0.0,,1,1,35.3,472,0,
,"2025.10. 5",京都,3京2,未勝利,未勝利*,4,7,サヨノパララックス,牡,2,田口貫太, 56 ,16,4,１, ,ダ1400,重,,(栗),羽月友彦,1245,-0.2,,1,1,37.1,436,+2,
,"2025.10. 4",京都,3京1,2勝,２勝ｸﾗｽ,2,2,ヒルノハンブルク,牡,3,武豊, 56 ,13,1,１, ,ダ1800,不,,(栗),武英智,1502,-0.0,2,2,2,36.5,468,0,B
,"2025.10. 4",京都,3京1,OP(L),オパーＨ(L),2,3,メイショウソラフネ,牡,6,高杉吏麒, 57 ,18,2,１, 内,芝1200,重,,(栗),石橋守,1077,-0.0,,4,4,33.7,454,+2,
,"2025.10. 4",京都,3京1,3勝,大山崎Ｓ･3勝,5,9,メイショウホウレン,牡,4,浜中俊, 58 ,16,4,１, ,ダ1200,不,,(栗),安達昭夫,1091,-0.1,,1,1,35.5,506,-4,
,"2025.10. 4",京都,3京1,1勝,りんどう･1勝,6,6,ラスティングスノー,牝,2,西村淳也, 55 ,8,7,１, 外,芝1400,重,,(美),池上昌和,1217,-0.1,,1,1,34.8,464,0,
,"2025.10. 4",京都,3京1,2勝,２勝ｸﾗｽ,2,2,ウイントレメンデス,牡,4,武豊, 58 ,12,7,１, 内,芝2000,重,,(栗),長谷川浩,1593,-0.1,10,10,10,34.7,478,-4,
,"2025.10. 4",京都,3京1,1勝,１勝ｸﾗｽ,8,16,ジャスパーディビネ,牡,3,和田陽希,54▲,18,3,１, 内,芝1200,重,,(栗),森秀行,1080,-0.1,,1,1,35.3,516,-2,B
,"2025.10. 4",京都,3京1,1勝,１勝ｸﾗｽ,7,13,サンダーロード,牡,3,松若風馬, 56 ,16,8,１, ,ダ1400,不,,(栗),杉山晴紀,1225,-0.1,,2,2,37.2,538,-2,B
,"2025.10. 4",京都,3京1,新馬,新馬,4,6,ダークマルス,牡,2,川田将雅, 56 ,14,3,１, 内,芝2000,重,,(栗),杉山晴紀,2023,-0.1,1,1,1,35.1,472,,
,"2025.10. 4",京都,3京1,1勝,１勝ｸﾗｽ,4,5,メイショウヤシマ,牡,3,武豊, 56 ,14,1,１, ,ダ1800,重,,(栗),高橋亮,1507,-0.5,1,1,1,37.2,466,+4,
,"2025.10. 4",京都,3京1,新馬,新馬,6,11,アスクケンタッキー,牡,2,坂井瑠星, 56 ,16,1,１, ,ダ1400,重,,(栗),藤原英昭,1244,-0.7,,1,1,37.2,474,,
,"2025.10. 4",京都,3京1,未勝利,未勝利*,4,4,ウィズクィーン,牝,2,岩田望来, 55 ,8,3,１, 内,芝2000,稍,,(栗),上村洋行,2029,-0.4,2,2,1,34.3,424,-2,
,"2025.10. 4",京都,3京1,未勝利,未勝利*,5,7,フルールドール,牝,2,坂井瑠星, 55 ,14,2,１, ,ダ1800,重,,(栗),藤原英昭,1522,-0.1,2,2,1,37.7,490,0,
,"2025. 6. 1",京都,2京C,3勝,渡月橋Ｓ･3勝,5,8,ガロンヌ,牡,4,岩田康誠, 58 ,14,1,１, 外,芝1400,良,,(栗),上村洋行,1208,-0.2,,7,7,33.2,472,0,B
,"2025. 6. 1",京都,2京C,OP(L),白百合Ｓ(L),7,8,ライトトラック,牡,3,和田竜二, 57 ,11,3,１, 外,芝1800,良,*,(栗),友道康夫,1453,-0.0,,7,7,34.5,468,-2,
,"2025. 6. 1",京都,2京C,OP(L),安土城Ｈ(L),7,14,ラケマーダ,牡,5,藤岡佑介, 55 ,16,6,１, 外,芝1400,良,*,(栗),千田輝彦,1203,-0.1,,9,9,33.0,512,+10,
,"2025. 6. 1",京都,2京C,2勝,與杼特別･2勝,3,3,メイショウソウタ,牡,4,鮫島克駿, 58 ,14,2,１, ,ダ1800,良,,(栗),岡田稲男,1518,-0.1,8,5,3,37.8,530,0,
,"2025. 6. 1",京都,2京C,2勝,２勝ｸﾗｽ,7,13,パドマ,牝,4,松若風馬, 56 ,16,2,１, ,ダ1200,良,,(栗),杉山晴紀,1114,-0.2,,4,4,35.9,506,+10,
,"2025. 6. 1",京都,2京C,1勝,１勝ｸﾗｽ,8,11,ヴィスマール,牡,4,吉村誠之,57☆,12,1,１, 内,芝2000,良,,(栗),奥村豊,2001,-0.0,6,3,2,36.0,454,+10,
,"2025. 6. 1",京都,2京C,1勝,１勝ｸﾗｽ*,4,6,ソリスクラヴィス,牡,3,鮫島克駿, 57 ,14,1,１, ,ダ1400,良,,(栗),西園正都,1242,-0.0,,6,5,37.4,506,+2,
,"2025. 6. 1",京都,2京C,未勝利,未勝利,3,3,ジョイボーイ,牡,3,藤岡佑介, 57 ,13,1,１, 外,芝2400,良,,(栗),四位洋文,2276,-0.2,5,5,4,34.3,474,+2,
,"2025. 6. 1",京都,2京C,ｵｰﾌﾟﾝ,障害・オープ,7,9,ディナースタ,牡,6,高田潤, 60 ,12,1,１, ,ダ3170,良,,(栗),辻野泰之,3344,-0.2,5,4,3,13.5,492,+6,
,"2025. 6. 1",京都,2京C,未勝利,未勝利,7,14,コリカンチャ,セ,3,団野大成, 57 ,18,5,１, 内,芝1600,良,,(栗),斉藤崇史,1345,-0.4,,8,5,35.2,482,+2,B
,"2025. 6. 1",京都,2京C,未勝利,未勝利,8,14,マテンロウシルビア,牝,3,太宰啓介, 55 ,14,6,１, ,ダ1900,良,,(栗),四位洋文,2015,-0.2,13,10,9,38.1,428,-10,
,"2025. 6. 1",京都,2京C,未勝利,未勝利・牝,7,13,ペンテリコン,牝,3,藤岡佑介, 55 ,16,2,１, ,ダ1200,良,,(栗),武幸四郎,1123,-0.5,,3,3,36.6,482,-2,
,"2025. 5.31",京都,2京B,2勝,２勝ｸﾗｽ,7,11,キタサンダムール,牝,5,岩田望来, 56 ,13,3,１, 外,芝1400,良,,(栗),清水久詞,1206,-0.3,,8,8,33.8,482,+8,
,"2025. 5.31",京都,2京B,Ｇ３,葵ＳG3,4,8,アブキールベイ,牝,3,岩田望来, 55 ,16,15,１, 内,芝1200,良,,(栗),坂口智康,1083,-0.1,,6,6,33.6,420,+2,
,"2025. 5.31",京都,2京B,3勝,桃山ＳＨ･3勝,4,8,ソーニーイシュー,牡,4,川田将雅, 56 ,16,2,１, ,ダ1900,良,,(栗),千田輝彦,1577,-0.5,2,2,2,35.7,520,+18,
,"2025. 5.31",京都,2京B,OP(L),鳳雛Ｓ(L),3,3,ハグ,牡,3,シュタル, 57 ,9,5,１, ,ダ1800,良,,(栗),藤岡健一,1538,-0.3,3,3,2,36.5,498,0,
,"2025. 5.31",京都,2京B,1勝,１勝ｸﾗｽ,8,18,クスクス,牝,4,池添謙一, 56 ,18,8,１, 外,芝1600,良,,(栗),松下武士,1336,-0.2,,1,1,34.8,486,-2,
,"2025. 5.31",京都,2京B,2勝,２勝ｸﾗｽ・牝,1,1,ハニーコム,牝,4,シュタル, 56 ,6,4,１, 内,芝2000,良,,(美),蛯名正義,1595,-0.2,4,5,5,34.6,434,-4,
,"2025. 5.31",京都,2京B,1勝,１勝ｸﾗｽ,1,2,ウィップスティッチ,牝,4,北村友一, 56 ,16,4,１, ,ダ1400,良,,(栗),庄野靖志,1236,-0.2,,3,3,37.4,500,0,
,"2025. 5.31",京都,2京B,未勝利,未勝利,7,15,オリバナム,牝,3,団野大成, 55 ,18,6,１, 外,芝1800,良,,(栗),斉藤崇史,1467,-0.2,,2,2,34.6,470,-4,
,"2025. 5.31",京都,2京B,未勝利,未勝利,1,2,ダンツアトム,牡,3,和田陽希,54▲,18,14,１, 内,芝1400,良,,(栗),本田優,1213,-0.2,,1,1,35.8,496,-14,
,"2025. 5.31",京都,2京B,未勝利,未勝利,5,9,カンピドリオ,牡,3,川田将雅, 57 ,15,1,１, ,ダ1800,良,,(栗),中内田充,1535,-0.4,5,4,3,37.4,478,+2,
,"2025. 5.31",京都,2京B,未勝利,未勝利,6,11,モレポブラーノ,牡,3,北村友一, 57 ,16,2,１, ,ダ1400,良,,(栗),庄野靖志,1250,-0.1,,1,1,37.5,534,+4,
,"2025. 5.31",京都,2京B,未勝利,未勝利・牝,5,9,スルーザナイト,牝,3,北村友一, 55 ,16,2,１, ,ダ1800,良,,(栗),西園翔太,1536,-0.1,8,3,2,38.7,486,+8,
,"2025. 5.25",京都,2京A,2勝,２勝ｸﾗｽ,5,5,アーマルコライト,牡,4,吉村誠之,57☆,9,2,１, ,ダ1900,重,,(栗),寺島良,1576,-0.2,1,2,2,37.1,516,-14,
,"2025. 5.25",京都,2京A,OP(L),都大路Ｈ(L),8,16,セキトバイースト,牝,4,浜中俊, 54 ,17,8,１, 外,芝1800,稍,,(栗),四位洋文,1452,-0.5,,3,2,35.6,456,+2,
,"2025. 5.25",京都,2京A,3勝,高瀬川Ｓ･3勝,7,13,キャプテンネキ,牝,4,松若風馬, 56 ,16,1,１, ,ダ1400,重,,(栗),杉山晴紀,1222,-0.3,,5,5,35.7,544,-6,
,"2025. 5.25",京都,2京A,1勝,１勝ｸﾗｽ,5,9,エールトゥヘヴン,牡,6,池添謙一, 58 ,18,4,１, 外,芝1400,重,,(美),戸田博文,1223,-0.1,,9,1,34.3,462,-8,
,"2025. 5.25",京都,2京A,2勝,聖護院特･2勝,2,2,ファインライン,牡,4,川田将雅, 58 ,7,2,１, 外,芝1800,重,,(栗),松永幹夫,1478,-0.3,,1,1,35.5,476,-4,
,"2025. 5.25",京都,2京A,1勝,１勝ｸﾗｽ*,3,6,トリポリタニア,牡,3,岩田康誠, 57 ,16,2,１, ,ダ1800,重,,(栗),上村洋行,1496,-0.3,4,5,5,36.1,480,+6,
,"2025. 5.25",京都,2京A,1勝,１勝ｸﾗｽ*,6,9,アオイレーギーナ,牝,3,池添謙一, 55 ,13,4,１, 内,芝1200,重,,(栗),宮地貴稔,1102,-0.1,,2,2,34.9,484,+6,
,"2025. 5.25",京都,2京A,未勝利,未勝利,3,3,レーヌマロン,牝,3,高杉吏麒,54☆,14,1,１, 外,芝2200,重,,(栗),小栗実,2155,-0.0,12,7,6,35.5,444,0,
,"2025. 5.25",京都,2京A,未勝利,未勝利,3,5,リアルフォルゴーレ,牡,3,田口貫太, 57 ,18,4,１, 内,芝1600,重,,(栗),大橋勇樹,1362,-0.0,,6,6,35.6,478,+2,
,"2025. 5.25",京都,2京A,未勝利,未勝利,2,2,ワールドキッス,牡,3,浜中俊, 57 ,14,7,１, ,ダ1900,不,,(栗),河嶋宏樹,1585,-0.8,14,2,1,37.7,444,+4,
,"2025. 5.25",京都,2京A,未勝利,未勝利・牝,6,11,ジュルナール,牝,3,松山弘平, 55 ,16,1,１, ,ダ1800,不,,(栗),池添学,1506,-0.6,2,2,2,36.8,468,+6,B
,"2025. 5.25",京都,2京A,未勝利,未勝利,4,7,テーオーライマン,牡,3,高杉吏麒,56☆,16,2,１, ,ダ1400,不,,(栗),宮徹,1234,-0.2,,8,6,35.7,456,0,
,"2025. 5.24",京都,2京9,2勝,オースト･2勝,7,10,プロミシングスター,牡,4,団野大成, 58 ,13,2,１, ,ダ1400,稍,,(栗),高橋義忠,1218,-0.5,,3,3,34.9,460,+6,
,"2025. 5.24",京都,2京9,Ｇ３,平安ＳG3,4,7,アウトレンジ,牡,5,松山弘平, 58 ,16,4,１, ,ダ1900,稍,,(栗),大久保龍,1572,-0.2,3,3,3,35.1,490,-3,
,"2025. 5.24",京都,2京9,3勝,シドニー･3勝,1,1,ランスオブクイーン,牝,4,川田将雅, 56 ,8,3,１, 内,芝2000,稍,,(栗),奥村豊,2050,-0.1,3,3,3,33.9,446,+6,
,"2025. 5.24",京都,2京9,1勝,メルボル･1勝,1,1,グラフィティアート,牡,3,浜中俊, 57 ,13,3,１, 内,芝1600,稍,,(栗),石橋守,1349,-0.0,,12,9,35.5,466,-4,
,"2025. 5.24",京都,2京9,1勝,１勝ｸﾗｽ,8,15,シャハザマーン,牡,4,松山弘平, 58 ,16,1,１, ,ダ1800,稍,,(栗),藤原英昭,1519,-0.1,3,3,1,38.2,468,-6,B
,"2025. 5.24",京都,2京9,1勝,１勝ｸﾗｽ,5,5,ベトルス,セ,4,岩田望来, 58 ,12,1,１, 外,芝2400,稍,,(栗),友道康夫,2264,-0.0,8,9,6,35.2,510,+4,
,"2025. 5.24",京都,2京9,1勝,１勝ｸﾗｽ*,4,4,ユウトザレン,牡,3,高杉吏麒,56☆,9,1,１, ,ダ1400,良,,(栗),千田輝彦,1236,-0.4,,2,2,37.0,476,-2,
,"2025. 5.24",京都,2京9,未勝利,未勝利,3,6,サラダ,牝,3,武豊, 55 ,16,3,１, 内,芝2000,良,,(栗),武英智,2011,-0.2,11,11,10,35.6,444,-8,
,"2025. 5.24",京都,2京9,未勝利,未勝利・牝,8,17,エーデルヴェーグ,牝,3,北村友一, 55 ,18,1,１, 外,芝1800,良,,(栗),田中克典,1485,-0.2,,3,3,33.9,436,+6,
,"2025. 5.24",京都,2京9,未勝利,未勝利,5,9,セクシーマージュ,牝,3,坂井瑠星, 55 ,18,2,１, 内,芝1400,良,,(栗),小椋研介,1210,-0.1,,5,5,34.9,422,0,
,"2025. 5.24",京都,2京9,未勝利,未勝利,7,13,ヤノマスティーロ,牡,3,高杉吏麒,56☆,16,2,１, ,ダ1800,良,,(栗),杉山晴紀,1536,-0.1,3,3,1,38.9,524,-2,B
,"2025. 5.24",京都,2京9,未勝利,未勝利,7,14,バッハアルプゼー,牡,3,松山弘平, 57 ,16,2,１, ,ダ1200,良,,(栗),橋口慎介,1109,-1.0,,1,1,36.0,482,-4,
,"2025. 5.18",京都,2京8,2勝,２勝ｸﾗｽ,5,10,イミュータブル,牡,5,鮫島克駿, 58 ,16,7,１, ,ダ1200,稍,,(栗),浜田多実,1103,-0.1,,2,2,35.2,474,-4,
,"2025. 5.18",京都,2京8,OP(L),栗東ＳＨ(L),2,3,コンティノアール,牡,5,シュタル, 55 ,16,10,１, ,ダ1400,稍,,(栗),矢作芳人,1224,-0.1,,3,3,35.5,536,-8,
,"2025. 5.18",京都,2京8,3勝,錦ＳＨ･3勝,6,7,ココナッツブラウン,牝,5,岩田望来, 55 ,12,2,１, 外,芝1600,稍,,(栗),上村洋行,1331,-0.4,,10,7,32.8,450,+6,
,"2025. 5.18",京都,2京8,2勝,白川特別･2勝,8,9,アクアヴァーナル,牝,4,藤岡佑介, 56 ,9,1,１, 外,芝2400,稍,,(栗),四位洋文,2248,-0.5,3,2,2,35.0,460,0,
,"2025. 5.18",京都,2京8,1勝,１勝ｸﾗｽ,6,6,ジーティームソウ,牡,4,岩田望来, 58 ,10,1,１, 外,芝1800,稍,,(栗),西村真幸,1475,-0.1,,6,6,33.7,494,+6,
,"2025. 5.18",京都,2京8,1勝,１勝ｸﾗｽ,7,7,メイショウカシワデ,牡,4,岩田康誠, 58 ,10,2,１, ,ダ1900,重,,(栗),角田晃一,1591,-0.2,2,2,2,36.2,454,0,
,"2025. 5.18",京都,2京8,1勝,１勝ｸﾗｽ,7,13,トウカイエルデ,牡,4,団野大成, 58 ,16,7,１, 内,芝1200,稍,,(栗),茶木太樹,1088,-0.2,,1,1,34.2,452,-10,
,"2025. 5.18",京都,2京8,1勝,１勝ｸﾗｽ*,8,13,タガノマカシヤ,牡,3,岩田望来, 57 ,13,2,１, ,ダ1800,重,,(栗),中村直也,1512,-0.1,2,3,2,36.1,500,+8,
,"2025. 5.18",京都,2京8,未勝利,未勝利,5,5,キタサンハナビラ,牝,3,団野大成, 55 ,12,1,１, 内,芝2000,稍,,(栗),斉藤崇史,2010,-0.5,1,1,1,35.4,438,0,
,"2025. 5.18",京都,2京8,未勝利,未勝利,2,3,ブライティアブーケ,牝,3,荻野琢真, 55 ,16,6,１, 内,芝1200,稍,,(栗),小林真也,1094,-0.1,,1,1,35.2,434,+14,
,"2025. 5.18",京都,2京8,未勝利,未勝利・牝,4,5,ハギノコラソン,牝,3,岩田望来, 55 ,13,1,１, ,ダ1800,重,,(栗),寺島良,1522,-0.2,8,6,6,37.9,466,0,
,"2025. 5.18",京都,2京8,未勝利,未勝利,2,3,ラファル,牡,3,岩田望来, 57 ,16,1,１, ,ダ1400,重,,(栗),田中克典,1239,-0.1,,9,10,35.7,512,+4,
,"2025. 5.17",京都,2京7,2勝,２勝ｸﾗｽ,6,6,ヒロノラメール,牡,4,松山弘平, 58 ,10,4,１, ,ダ1800,不,,(栗),宮地貴稔,1499,-0.4,10,2,2,36.9,486,-2,
,"2025. 5.17",京都,2京7,ｵｰﾌﾟﾝ,鞍馬Ｓ,8,10,オタルエバー,牡,6,幸英明, 58 ,11,8,１, 内,芝1200,重,,(栗),中竹和也,1087,-0.1,,3,2,33.9,490,-2,
,"2025. 5.17",京都,2京7,3勝,上賀茂Ｓ･3勝,6,12,グーデンドラーク,牡,6,池添謙一, 58 ,16,7,１, ,ダ1800,不,,(栗),池添学,1484,-0.6,2,2,2,35.9,528,0,
,"2025. 5.17",京都,2京7,1勝,あずさ賞･1勝,4,4,マイユニバース,牡,3,浜中俊, 57 ,10,3,１, 内,芝2000,不,,(栗),武幸四郎,2008,-0.1,8,7,5,35.1,468,0,
,"2025. 5.17",京都,2京7,ＪＧ２,京都ハイJG2,5,5,アンクルブラック,牡,5,高田潤, 60 ,10,1,１, ,芝3930,不,,(栗),高橋亮,4360,-1.1,6,2,2,14.0,478,-4,
,"2025. 5.17",京都,2京7,2勝,２勝ｸﾗｽ,2,2,ワンダーキサラ,牝,6,太宰啓介, 56 ,13,3,１, 内,芝1200,不,,(栗),石橋守,1096,-0.0,,2,2,34.5,468,+4,
,"2025. 5.17",京都,2京7,1勝,１勝ｸﾗｽ,7,11,クアトロジャック,牡,4,坂井瑠星, 58 ,14,1,１, ,ダ1400,不,,(栗),庄野靖志,1235,-0.4,,1,1,36.0,488,0,B
,"2025. 5.17",京都,2京7,未勝利,未勝利,6,11,ニュークレド,牡,3,高杉吏麒,56☆,15,1,１, 外,芝1800,不,,(栗),石坂公一,1490,-0.8,,12,12,34.0,424,+4,
,"2025. 5.17",京都,2京7,未勝利,未勝利,8,15,マンオブノーブル,牡,3,吉村誠之,56☆,16,1,１, 外,芝2400,不,,(栗),池江泰寿,2294,-0.1,7,7,8,36.4,474,+8,B
,"2025. 5.17",京都,2京7,未勝利,未勝利・牝,4,7,スマートミストラル,牝,3,川田将雅, 55 ,17,1,１, 内,芝1600,不,,(栗),大久保龍,1360,-0.5,,1,1,35.3,428,-2,
,"2025. 5.17",京都,2京7,未勝利,未勝利,7,7,クロノスバレット,牡,3,坂井瑠星, 57 ,10,1,１, ,ダ1900,不,,(栗),吉村圭司,1588,-0.0,2,2,2,37.0,498,+2,
,"2025. 5.17",京都,2京7,未勝利,未勝利,4,4,ユキノクラウン,牡,3,松山弘平, 57 ,11,2,１, ,ダ1800,不,,(栗),長谷川浩,1522,-0.9,1,1,1,36.6,518,-8,B
,"2025. 5.11",京都,2京6,2勝,２勝ｸﾗｽ,2,4,プルートマスター,牡,6,松若風馬, 58 ,16,3,１, ,ダ1400,稍,,(栗),今野貞一,1239,-0.4,,1,1,36.4,506,+10,
,"2025. 5.11",京都,2京6,ｵｰﾌﾟﾝ,平城京Ｓ,7,14,サンライズアリオン,牡,6,藤岡佑介, 57 ,16,7,１, ,ダ1800,稍,,(栗),平田修,1497,-0.0,1,1,1,36.5,520,0,
,"2025. 5.11",京都,2京6,OP(L),橘Ｓ(L),3,3,ムイ,牝,3,今村聖奈, 55 ,11,7,１, 外,芝1400,良,,(栗),笹田和秀,1218,-0.0,,7,7,33.4,460,+2,
,"2025. 5.11",京都,2京6,3勝,烏丸ＳＨ･3勝,4,5,サンライズソレイユ,牡,4,坂井瑠星, 57 ,14,2,１, 外,芝2400,良,,(栗),矢作芳人,2243,-0.1,8,5,6,34.6,524,+6,
,"2025. 5.11",京都,2京6,1勝,１勝ｸﾗｽ・牝,8,14,メイショウザンゲツ,牝,4,和田竜二, 56 ,14,11,１, ,ダ1400,稍,,(栗),鈴木孝志,1255,-0.2,,2,1,37.0,442,-2,
,"2025. 5.11",京都,2京6,1勝,１勝ｸﾗｽ*,2,2,ミッキージュエリー,牝,3,藤岡佑介, 55 ,8,3,１, 内,芝1600,良,,(栗),中内田充,1343,-0.2,,1,1,35.4,490,+2,
,"2025. 5.11",京都,2京6,1勝,１勝ｸﾗｽ・牝*,8,11,ツキノアカリ,牝,3,田山旺佑,52▲,11,3,１, ,ダ1800,稍,,(栗),牧田和弥,1533,-0.2,6,6,4,36.3,450,+4,
,"2025. 5.11",京都,2京6,未勝利,未勝利,3,3,サンライズバブル,牡,3,田山旺佑,54▲,12,9,１, 外,芝2200,良,,(栗),新谷功一,2157,-0.1,4,5,5,34.1,510,,
,"2025. 5.11",京都,2京6,未勝利,未勝利,7,13,プチプランス,牡,3,高杉吏麒,56☆,16,2,１, 内,芝1600,良,,(栗),藤岡健一,1348,-0.2,,7,6,34.5,482,-6,
,"2025. 5.11",京都,2京6,未勝利,未勝利・牝,8,18,アラベラ,牝,3,Ｍ．デム, 55 ,18,9,１, 内,芝2000,良,,(栗),上村洋行,2011,-0.2,18,17,17,35.4,444,0,
,"2025. 5.11",京都,2京6,未勝利,未勝利,5,9,ゼロスネーク,牡,3,藤岡佑介, 57 ,16,1,１, ,ダ1800,稍,,(栗),四位洋文,1524,-0.1,8,6,3,37.6,446,-8,
,"2025. 5.11",京都,2京6,未勝利,未勝利,3,6,ジェバーダ,牝,3,藤岡佑介, 55 ,16,2,１, ,ダ1200,稍,*,(栗),松下武士,1123,-0.2,,5,5,36.4,494,+4,
,"2025. 5.10",京都,2京5,2勝,２勝ｸﾗｽ,5,5,リトルハピ,牡,4,坂井瑠星, 58 ,10,1,１, ,ダ1800,重,,(栗),大久保龍,1508,-0.6,2,2,2,36.3,460,-8,
,"2025. 5.10",京都,2京5,Ｇ２,京都新聞G2,7,8,ショウヘイ,牡,3,川田将雅, 57 ,10,5,１, 外,芝2200,稍,,(栗),友道康夫,2147,-0.4,2,2,2,33.8,456,-2,
,"2025. 5.10",京都,2京5,2勝,鴨川特別･2勝,8,8,ダノンフロイデ,牡,6,松山弘平, 58 ,8,4,１, 内,芝2000,稍,,(栗),坂口智康,2011,-0.2,1,1,1,34.9,482,+2,B
,"2025. 5.10",京都,2京5,2勝,久御山特･2勝,4,4,アルトゥーム,牡,4,高杉吏麒, 58 ,8,1,１, 外,芝1600,稍,,(栗),藤岡健一,1350,-0.1,,8,8,33.6,440,+6,
,"2025. 5.10",京都,2京5,1勝,１勝ｸﾗｽ,7,7,オーシンハーフ,セ,4,池添謙一, 58 ,8,3,１, ,ダ1800,重,,(栗),高橋一哉,1512,-0.3,1,1,1,35.7,448,+6,
,"2025. 5.10",京都,2京5,1勝,１勝ｸﾗｽ,1,1,レディーヴァリュー,牝,4,武豊, 56 ,11,1,１, 内,芝2000,稍,,(栗),小林真也,2016,-0.5,1,1,1,34.8,464,+22,
,"2025. 5.10",京都,2京5,1勝,１勝ｸﾗｽ*,3,6,セントールビースト,牡,3,田山旺佑,54▲,16,7,１, ,ダ1200,重,,(栗),羽月友彦,1105,-0.2,,2,2,35.9,422,-2,
,"2025. 5.10",京都,2京5,未勝利,未勝利,5,9,ライトトラック,牡,3,和田竜二, 57 ,15,2,１, 外,芝1800,稍,,(栗),友道康夫,1480,-0.3,,9,9,35.4,470,,
,"2025. 5.10",京都,2京5,未勝利,未勝利・牝,7,10,アンジュアルディ,牝,3,横山典弘, 55 ,12,3,１, ,ダ1800,重,,(栗),昆貢,1509,-1.7,1,1,1,37.4,462,-6,B
,"2025. 5.10",京都,2京5,未勝利,未勝利,7,15,クイーンズデイ,牝,3,池添謙一, 55 ,18,9,１, 内,芝1400,稍,,(栗),岡田稲男,1218,-0.1,,4,4,35.2,450,+2,
,"2025. 5.10",京都,2京5,未勝利,未勝利,5,10,メリトーリアス,牡,3,松若風馬, 57 ,16,7,１, ,ダ1900,重,*,(栗),東田明士,1597,-0.1,8,9,9,37.8,526,+2,
,"2025. 5.10",京都,2京5,未勝利,未勝利・牝,5,9,ステアハート,牝,3,坂井瑠星, 55 ,16,2,１, ,ダ1400,重,,(栗),新谷功一,1226,-0.1,,2,2,36.3,472,-4,
,"2025. 5. 4",京都,2京4,3勝,巨椋池Ｈ･3勝,8,16,キタノズエッジ,牡,4,古川吉洋, 56 ,16,1,１, ,ダ1200,良,,(栗),畑端省吾,1102,-0.1,,10,10,35.4,534,0,
,"2025. 5. 4",京都,2京4,Ｇ１,天皇賞春G1,4,6,ヘデントール,牡,4,レーン, 58 ,15,1,１, 外,芝3200,良,,(美),木村哲也,3140,-0.0,7,6,5,35.3,478,-4,
,"2025. 5. 4",京都,2京4,3勝,淀Ｓ･3勝,4,4,ヤマニンアルリフラ,牡,4,団野大成, 58 ,13,2,１, 内,芝1200,良,,(栗),斉藤崇史,1082,-0.2,,4,3,33.6,482,-4,
,"2025. 5. 4",京都,2京4,2勝,須知特別･2勝,3,3,カネトシゴウト,牡,4,幸英明, 58 ,10,3,１, ,ダ1900,良,,(栗),大橋勇樹,1595,-0.1,2,2,2,36.7,464,-4,
,"2025. 5. 4",京都,2京4,2勝,島原特別･2勝,4,4,ミッキースピネル,牝,4,川田将雅, 56 ,7,1,１, 外,芝1800,良,,(栗),中内田充,1463,-0.2,,2,2,34.2,480,0,
,"2025. 5. 4",京都,2京4,1勝,１勝ｸﾗｽ,8,9,ミッキースターダム,セ,4,丹内祐次, 58 ,9,4,１, 外,芝1600,良,,(栗),前川恭子,1340,-0.4,,1,1,34.2,450,-4,
,"2025. 5. 4",京都,2京4,1勝,１勝ｸﾗｽ・牝,2,2,タマモナポリ,牝,4,岩田康誠, 56 ,7,1,１, ,ダ1800,良,,(栗),河嶋宏樹,1544,-0.0,2,2,2,37.6,462,-2,
,"2025. 5. 4",京都,2京4,1勝,１勝ｸﾗｽ*,5,8,ダノンフィーゴ,牡,3,レーン, 57 ,15,3,１, ,ダ1400,良,,(栗),友道康夫,1240,-0.0,,7,8,36.8,466,0,
,"2025. 5. 4",京都,2京4,未勝利,未勝利,7,10,ダノンジョーカー,牡,3,川田将雅, 57 ,13,1,１, 内,芝2000,良,,(栗),中内田充,2008,-0.3,7,6,5,34.0,486,+2,
,"2025. 5. 4",京都,2京4,未勝利,未勝利,5,10,サンタンカ,牡,3,岩田望来, 57 ,18,8,１, 内,芝1400,良,*,(栗),千田輝彦,1214,-0.4,,7,5,34.2,518,+4,
,"2025. 5. 4",京都,2京4,未勝利,未勝利,5,8,スコーピオンイメル,牡,3,武豊, 57 ,14,1,１, ,ダ1800,稍,,(栗),武英智,1538,-0.0,8,5,2,38.0,494,+4,B
,"2025. 5. 4",京都,2京4,未勝利,未勝利,7,14,コパノマロン,牝,3,岩田望来, 55 ,16,6,１, ,ダ1200,稍,,(栗),加藤公太,1128,-0.3,,3,2,36.0,448,+2,
,"2025. 5. 3",京都,2京3,2勝,２勝ｸﾗｽ,6,11,アガシ,セ,4,田口貫太, 58 ,16,8,１, ,ダ1200,稍,*,(栗),庄野靖志,1109,-0.0,,12,12,34.8,486,-6,
,"2025. 5. 3",京都,2京3,Ｇ３,ユニコーG3,4,4,カナルビーグル,牡,3,吉村誠之, 57 ,13,3,１, ,ダ1900,稍,,(栗),佐藤悠太,1568,-0.1,4,5,4,36.3,500,+6,B
,"2025. 5. 3",京都,2京3,2勝,御池特別･2勝,3,3,グロリアラウス,セ,4,レーン, 58 ,8,1,１, 外,芝1400,良,,(栗),斉藤崇史,1209,-0.1,,2,2,34.6,494,+2,
,"2025. 5. 3",京都,2京3,1勝,矢車賞･1勝*,3,3,タガノアビー,牝,3,藤岡佑介, 55 ,6,2,１, 外,芝2200,良,,(栗),千田輝彦,2143,-0.1,6,5,6,33.3,496,0,
,"2025. 5. 3",京都,2京3,1勝,１勝ｸﾗｽ,6,9,プリンスノット,牡,5,岩田康誠, 58 ,14,5,１, ,ダ1200,重,,(栗),小椋研介,1116,-0.0,,10,11,35.2,478,+2,
,"2025. 5. 3",京都,2京3,1勝,１勝ｸﾗｽ,7,7,ロードオールライト,牡,4,岩田望来, 58 ,8,1,１, 外,芝2200,稍,,(栗),中内田充,2148,-0.0,2,2,2,34.0,524,-4,B
,"2025. 5. 3",京都,2京3,1勝,１勝ｸﾗｽ*,8,9,タガノアンファン,牡,3,菱田裕二, 57 ,9,1,１, 外,芝1400,稍,,(栗),石坂公一,1215,-0.1,,7,7,33.0,464,+2,
,"2025. 5. 3",京都,2京3,未勝利,未勝利,7,9,ヤエギリ,牝,3,藤岡佑介, 55 ,12,4,１, 外,芝1800,稍,,(栗),福永祐一,1486,-0.1,,3,2,34.3,468,+4,
,"2025. 5. 3",京都,2京3,未勝利,未勝利,6,11,サンライズシュガー,牡,3,坂井瑠星, 57 ,16,1,１, ,ダ1900,重,,(栗),新谷功一,1598,-0.8,6,3,2,37.3,498,-4,
,"2025. 5. 3",京都,2京3,未勝利,未勝利・牝,8,18,レディーミコノス,牝,3,岩田望来, 55 ,18,9,１, 内,芝1600,稍,*,(栗),寺島良,1361,-0.3,,2,2,33.3,454,-8,
,"2025. 5. 3",京都,2京3,未勝利,未勝利,3,5,ソリスクラヴィス,牡,3,レーン, 57 ,16,2,１, ,ダ1400,重,,(栗),西園正都,1236,-0.1,,4,3,36.2,504,-2,
,"2025. 5. 3",京都,2京3,未勝利,未勝利・牝,3,6,ルージュミステリオ,牝,3,菱田裕二, 55 ,16,5,１, ,ダ1800,重,,(栗),辻野泰之,1527,-0.2,12,9,5,37.7,424,-4,
,"2025. 4.27",京都,2京2,2勝,２勝ｸﾗｽ,5,5,スマートリアファル,牡,4,武豊, 58 ,12,6,１, ,ダ1800,良,,(栗),加藤公太,1520,-0.0,1,2,2,37.1,492,0,
,"2025. 4.27",京都,2京2,Ｇ２,マイラーG2,8,10,ロングラン,セ,7,岩田康誠, 57 ,10,5,１, 外,芝1600,良,,(美),和田勇介,1317,-0.1,,6,7,33.3,478,0,
,"2025. 4.27",京都,2京2,3勝,センテＨ･3勝,7,14,ホウオウラスカーズ,牝,7,田口貫太, 54 ,16,12,１, 外,芝1800,良,,(美),高木登,1458,-0.1,,11,11,32.9,454,-2,
,"2025. 4.27",京都,2京2,2勝,比良山Ｈ･2勝,4,4,キャントウェイト,牡,4,和田竜二, 57 ,8,2,１, 外,芝2200,良,,(美),萱野浩二,2146,-0.2,2,2,1,33.2,470,-4,
,"2025. 4.27",京都,2京2,1勝,１勝ｸﾗｽ,5,6,メイショウオオコ,牡,4,武豊, 58 ,12,1,１, ,ダ1800,良,,(栗),荒川義之,1529,-0.0,8,7,5,37.3,468,0,
,"2025. 4.27",京都,2京2,1勝,１勝ｸﾗｽ,7,8,ジーティームソウ,牡,4,坂井瑠星, 58 ,10,2,１, 外,芝1800,良,,(栗),西村真幸,1466,-0.1,,5,5,34.1,488,-2,
,"2025. 4.27",京都,2京2,1勝,１勝ｸﾗｽ*,4,4,ゲッティヴィラ,牡,3,吉村誠之,56☆,10,1,１, ,ダ1400,良,,(栗),小栗実,1250,-0.3,,2,3,37.1,450,+2,
,"2025. 4.27",京都,2京2,未勝利,未勝利,7,12,ルージュスティーズ,牝,3,団野大成, 55 ,14,1,１, 内,芝2000,良,*,(栗),斉藤崇史,1595,-0.2,2,2,2,34.8,480,0,
,"2025. 4.27",京都,2京2,未勝利,障害未勝利,7,9,アルマーザアミール,牡,4,小牧加矢, 59 ,12,6,１, ,ダ2910,良,*,(栗),斉藤崇史,3213,-0.2,4,2,2,13.8,486,0,
,"2025. 4.27",京都,2京2,未勝利,未勝利,7,13,シャインベック,牡,3,岩田康誠, 57 ,18,2,１, 内,芝1600,良,,(栗),北出成人,1343,-0.0,,8,5,35.1,448,-6,
,"2025. 4.27",京都,2京2,未勝利,未勝利,6,11,シュネーグロッケン,牡,3,吉村誠之,56☆,16,1,１, ,ダ1800,良,,(栗),清水久詞,1540,-1.1,3,2,2,37.8,480,0,B
,"2025. 4.27",京都,2京2,未勝利,未勝利・牝,5,9,ペプチドクレマチス,牝,3,岩田望来, 55 ,16,8,１, ,ダ1200,良,,(栗),畑端省吾,1130,-0.3,,1,2,36.2,444,-2,
,"2025. 4.26",京都,2京1,2勝,２勝ｸﾗｽ,4,4,ブリックワーク,牝,4,西塚洸二,55☆,9,1,１, 外,芝1600,良,,(栗),辻野泰之,1329,-0.2,,1,1,33.9,436,0,B
,"2025. 4.26",京都,2京1,ｵｰﾌﾟﾝ,天王山Ｓ,8,13,ドンアミティエ,牡,5,坂井瑠星, 59 ,14,1,１, ,ダ1200,良,,(栗),今野貞一,1107,-0.1,,5,5,35.2,496,-4,B
,"2025. 4.26",京都,2京1,3勝,観月橋Ｓ･3勝,6,8,ジンセイ,牡,4,川田将雅, 58 ,12,1,１, ,ダ1900,良,,(栗),庄野靖志,1580,-0.3,5,5,4,36.0,510,-2,
,"2025. 4.26",京都,2京1,1勝,１勝ｸﾗｽ,6,8,サダメ,牝,4,幸英明, 56 ,12,1,１, 外,芝1400,良,,(栗),畑端省吾,1208,-0.0,,4,3,34.2,458,-2,
,"2025. 4.26",京都,2京1,1勝,あやめ賞･1勝,2,2,キングメーカー,牡,3,武豊, 57 ,7,2,１, 外,芝1800,良,,(栗),須貝尚介,1469,-0.1,,7,7,32.8,488,-4,
,"2025. 4.26",京都,2京1,1勝,１勝ｸﾗｽ*,5,6,ロードラビリンス,牡,3,川田将雅, 57 ,12,1,１, ,ダ1800,良,,(栗),松下武士,1527,-0.1,7,2,1,38.2,488,-2,
,"2025. 4.26",京都,2京1,未勝利,未勝利,7,11,サイモンベローチェ,牡,3,柴田裕一,54▲,14,7,１, 外,芝2400,良,,(栗),佐々木晶,2254,-0.0,1,1,1,35.4,516,-2,
,"2025. 4.26",京都,2京1,未勝利,未勝利・牝,3,6,エイカイカッシーナ,牝,3,西塚洸二,54☆,18,6,１, 外,芝1800,良,,(栗),藤原英昭,1480,-0.0,,2,3,34.8,432,+4,
,"2025. 4.26",京都,2京1,ｵｰﾌﾟﾝ,障害・オープ,3,3,ナリノモンターニュ,牡,8,五十嵐雄, 61 ,11,3,１, ,ダ3170,良,,(美),上原博之,3354,-0.2,3,3,3,13.6,520,-4,
,"2025. 4.26",京都,2京1,未勝利,未勝利,2,3,レディエンス,牝,3,Ｍ．デム, 55 ,18,5,１, 内,芝1200,良,*,(栗),藤野健太,1087,-0.0,,7,6,33.7,436,-12,
,"2025. 4.26",京都,2京1,未勝利,未勝利,2,3,パーフェクト,牡,3,吉村誠之,56☆,16,7,１, ,ダ1800,良,,(栗),松下武士,1537,-0.0,3,4,4,38.6,484,0,B
,"2025. 4.26",京都,2京1,未勝利,未勝利,6,11,アメリカンポリス,牡,3,坂井瑠星, 57 ,16,1,１, ,ダ1400,良,,(栗),池江泰寿,1245,-0.4,,2,2,37.5,504,0,
,"2025. 2.23",京都,1京8,2勝,２勝ｸﾗｽ,5,5,ヒルノドゴール,牡,4,岩田康誠, 58 ,12,2,１, ,ダ1400,良,,(栗),北出成人,1250,-0.4,,8,6,36.8,518,-4,
,"2025. 2.23",京都,1京8,ｵｰﾌﾟﾝ,大和Ｓ,7,13,ドンアミティエ,牡,5,田口貫太, 58 ,16,2,１, ,ダ1200,良,,(栗),今野貞一,1112,-0.3,,2,2,35.7,500,-4,B
,"2025. 2.23",京都,1京8,OP(L),マーガレ(L),3,3,ポッドベイダー,牡,3,荻野極, 57 ,8,5,１, 内,芝1200,良,,(美),上原佑紀,1096,-0.1,,2,2,33.8,488,+8,
,"2025. 2.23",京都,1京8,3勝,山城ＳＨ･3勝,8,8,スカイロケット,牡,5,田口貫太, 56 ,9,8,１, 外,芝1400,良,,(栗),須貝尚介,1223,-0.2,,4,5,33.6,436,0,
,"2025. 2.23",京都,1京8,1勝,１勝ｸﾗｽ,8,12,シャハザマーン,牡,4,西塚洸二,56☆,12,3,１, ,ダ1800,良,,(栗),藤原英昭,1541,-0.2,3,2,2,38.0,480,-2,B
,"2025. 2.23",京都,1京8,1勝,１勝ｸﾗｽ,6,6,アメジストブラック,牡,6,北村友一, 58 ,10,6,１, 外,芝2400,良,*,(栗),小椋研介,2278,-0.4,3,5,3,34.4,530,-2,
,"2025. 2.23",京都,1京8,1勝,１勝ｸﾗｽ*,7,8,ルヴァンユニベール,牡,3,高倉稜, 57 ,10,1,１, ,ダ1900,良,,(栗),北出成人,2030,-0.3,3,4,4,36.9,526,-2,
,"2025. 2.23",京都,1京8,未勝利,未勝利,4,7,レベルスルール,牡,3,荻野極, 57 ,16,2,１, 外,芝1800,良,,(栗),池江泰寿,1483,-0.4,,2,1,36.9,500,0,
,"2025. 2.23",京都,1京8,新馬,新馬,5,5,オメガドライヴ,牡,3,北村宏司, 57 ,10,2,１, ,ダ1800,良,,(栗),安田翔伍,1577,-0.1,6,6,6,37.9,492,,
,"2025. 2.23",京都,1京8,未勝利,未勝利,2,4,ユウトザレン,牡,3,西塚洸二,56☆,16,5,１, ,ダ1400,良,,(栗),千田輝彦,1259,-0.3,,4,2,38.5,476,+10,
,"2025. 2.23",京都,1京8,未勝利,未勝利,6,11,ニシノミチアキ,牡,3,武藤雅, 57 ,16,4,１, ,ダ1800,良,,(栗),吉村圭司,1555,-0.2,7,5,5,38.2,478,+2,
,"2025. 2.23",京都,1京8,未勝利,未勝利・牝,6,9,ドナポンド,牝,3,荻野極, 55 ,14,1,１, ,ダ1200,良,,(栗),小林真也,1136,-0.0,,4,3,37.1,490,-4,B
,"2025. 2.22",京都,1京7,2勝,２勝ｸﾗｽ,8,14,ウイニンググレイス,牡,5,幸英明, 58 ,14,3,１, ,ダ1800,良,,(栗),河嶋宏樹,1532,-0.2,1,1,1,37.0,518,+2,
,"2025. 2.22",京都,1京7,Ｇ３,阪急杯G3,8,16,カンチェンジュンガ,牡,5,幸英明, 57 ,18,7,１, 外,芝1400,良,,(栗),庄野靖志,1217,-0.1,,11,12,34.0,496,+12,
,"2025. 2.22",京都,1京7,3勝,河原町Ｈ･3勝,5,10,ニシキギミッチー,牡,5,古川吉洋, 56 ,16,1,１, ,ダ1400,良,,(美),鈴木伸尋,1239,-0.5,,9,8,35.9,496,+4,
,"2025. 2.22",京都,1京7,1勝,つばき賞･1勝,5,5,パラディレーヌ,牝,3,岩田望来, 55 ,8,1,１, 外,芝1800,良,,(栗),千田輝彦,1468,-0.5,,2,2,35.2,502,+4,
,"2025. 2.22",京都,1京7,2勝,２勝ｸﾗｽ,8,9,エポックヴィーナス,牝,4,和田竜二, 56 ,9,3,１, 外,芝1600,良,,(栗),新谷功一,1350,-0.1,,3,2,34.2,444,+2,
,"2025. 2.22",京都,1京7,1勝,１勝ｸﾗｽ,5,9,ゴイゴイスー,牡,7,川須栄彦, 58 ,16,6,１, ,ダ1200,良,,(栗),中尾秀正,1128,-0.0,,9,8,36.4,516,0,
,"2025. 2.22",京都,1京7,1勝,１勝ｸﾗｽ・牝,5,5,ブルーペクトライト,牝,5,Ｍ．デム, 56 ,11,3,１, ,ダ1800,良,,(栗),宮地貴稔,1547,-0.2,5,4,4,37.9,492,+2,
,"2025. 2.22",京都,1京7,未勝利,未勝利,2,3,ロットブラータ,牡,3,和田竜二, 57 ,15,1,１, 外,芝2400,良,,(栗),平田修,2284,-0.0,2,2,2,34.5,526,+4,
,"2025. 2.22",京都,1京7,新馬,新馬,8,15,アクアマリーナ,牝,3,斎藤新, 55 ,15,2,１, ,ダ1400,良,,(美),伊坂重信,1274,-0.8,,1,1,38.5,446,,
,"2025. 2.22",京都,1京7,未勝利,未勝利,7,9,ランツフート,牡,3,Ｍ．デム, 57 ,12,2,１, ,ダ1900,良,,(栗),大久保龍,2019,-0.3,10,2,2,39.0,468,+4,
,"2025. 2.22",京都,1京7,未勝利,未勝利,8,14,シークザドリーム,牡,3,北村友一, 57 ,15,1,１, ,ダ1200,良,,(栗),中竹和也,1132,-0.0,,3,3,36.9,508,-4,
,"2025. 2.22",京都,1京7,未勝利,未勝利・牝,8,10,クリノスワロー,牝,3,岩田望来, 55 ,11,4,１, ,ダ1800,良,*,(栗),高橋義忠,1552,-0.7,3,3,3,38.6,490,0,
,"2025. 2.16",京都,1京6,2勝,２勝ｸﾗｽ・牝,2,3,タガノミスト,牝,4,幸英明, 56 ,16,1,１, ,ダ1200,稍,,(栗),渡辺薫彦,1122,-0.2,,4,3,36.8,480,+2,
,"2025. 2.16",京都,1京6,Ｇ２,京都記念G2,1,1,ヨーホーレイク,牡,7,岩田望来, 57 ,12,5,１, 外,芝2200,稍,,(栗),友道康夫,2157,-0.1,5,6,4,34.2,534,+20,
,"2025. 2.16",京都,1京6,3勝,北山Ｓ･3勝,5,6,コンティノアール,牡,5,西村淳也, 58 ,13,9,１, ,ダ1800,稍,,(栗),矢作芳人,1517,-0.3,2,2,2,37.4,540,-2,
,"2025. 2.16",京都,1京6,2勝,春日特別･2勝,4,4,バッデレイト,牡,4,岩田望来, 57 ,9,1,１, 内,芝2000,稍,,(栗),上村洋行,2026,-0.1,4,4,4,35.1,476,+8,
,"2025. 2.16",京都,1京6,1勝,１勝ｸﾗｽ,7,14,ロストシークレット,牡,4,川田将雅, 58 ,18,2,１, 外,芝1600,稍,,(栗),中内田充,1356,-0.0,,12,12,35.2,464,+10,
,"2025. 2.16",京都,1京6,1勝,１勝ｸﾗｽ,7,11,アリエスキング,牡,4,田口貫太,56☆,13,1,１, ,ダ1800,稍,,(栗),庄野靖志,1542,-0.1,2,3,2,37.9,462,+16,
,"2025. 2.16",京都,1京6,未勝利,未勝利,8,13,ミッキージュエリー,牝,3,川田将雅, 55 ,14,1,１, 内,芝1600,稍,,(栗),中内田充,1355,-0.4,,1,1,35.7,488,-6,
,"2025. 2.16",京都,1京6,未勝利,未勝利,7,12,オデット,牝,3,吉村誠之,53△,14,11,１, 内,芝2000,稍,,(栗),緒方努,2044,-0.0,2,2,1,36.3,446,+2,
,"2025. 2.16",京都,1京6,1勝,１勝ｸﾗｽ*,8,11,ピエマンソン,牡,3,池添謙一, 57 ,11,1,１, ,ダ1400,稍,,(栗),平田修,1249,-1.0,,4,1,36.7,472,0,
,"2025. 2.16",京都,1京6,未勝利,未勝利,5,9,ニシノジェダイ,牡,3,池添謙一, 57 ,16,2,１, ,ダ1400,稍,,(栗),宮本博,1268,-0.3,,6,3,37.7,460,0,
,"2025. 2.16",京都,1京6,新馬,新馬,5,5,ショウナンサエッタ,牡,3,池添謙一, 57 ,10,2,１, ,ダ1800,稍,*,(栗),渡辺薫彦,1569,-0.0,5,2,1,38.8,520,,
,"2025. 2.16",京都,1京6,未勝利,未勝利,3,3,リアルスター,牡,3,田口貫太,56☆,10,5,１, ,ダ1900,稍,,(栗),大橋勇樹,2030,-0.0,2,2,2,39.6,542,0,
,"2025. 2.15",京都,1京5,2勝,２勝ｸﾗｽ,3,3,ジンセイ,牡,4,西村淳也, 57 ,13,2,１, ,ダ1900,良,,(栗),庄野靖志,1589,-1.1,2,2,1,37.8,510,+6,
,"2025. 2.15",京都,1京5,OP(L),洛陽ＳＨ(L),8,16,ロジリオン,牡,4,松山弘平, 58 ,16,3,１, 外,芝1600,良,,(美),古賀慎明,1338,-0.1,,6,5,34.3,498,-4,
,"2025. 2.15",京都,1京5,3勝,飛鳥Ｓ･3勝,4,4,ウエストナウ,牡,4,西村淳也, 57 ,9,4,１, 内,芝2000,良,,(栗),佐々木晶,2007,-0.3,2,2,2,34.8,484,+14,B
,"2025. 2.15",京都,1京5,1勝,こぶし賞･1勝,3,3,マテンロウバローズ,牡,3,横山典弘, 57 ,7,1,１, 内,芝1600,良,,(栗),昆貢,1353,-0.0,,5,6,34.3,480,+6,
,"2025. 2.15",京都,1京5,1勝,１勝ｸﾗｽ,8,12,ダブルジャッジ,牡,4,Ｍ．デム, 57 ,12,3,１, ,ダ1900,良,,(栗),笹田和秀,2003,-0.2,2,1,1,37.9,502,-2,
,"2025. 2.15",京都,1京5,1勝,１勝ｸﾗｽ,4,7,キングツェッペリン,牡,4,松若風馬, 58 ,16,10,１, ,ダ1400,良,,(栗),牧田和弥,1254,-0.1,,13,12,37.1,466,+8,
,"2025. 2.15",京都,1京5,未勝利,未勝利・牝,6,9,サヴォンリンナ,牝,3,北村友一, 55 ,14,2,１, 内,芝2000,良,,(栗),田中克典,2020,-0.1,6,5,6,34.9,438,-8,
,"2025. 2.15",京都,1京5,新馬,新馬,3,5,エナジーガンツ,牡,3,北村友一, 57 ,16,2,１, ,ダ1200,良,,(栗),小椋研介,1147,-0.1,,8,6,38.2,482,,
,"2025. 2.15",京都,1京5,未勝利,未勝利,7,10,ソルトチューダ,牡,3,古川吉洋, 57 ,13,6,１, ,ダ1800,良,,(栗),木原一良,1561,-0.0,12,8,7,39.0,504,0,
,"2025. 2.15",京都,1京5,未勝利,未勝利・牝,5,10,スニーカースキル,牝,3,吉村誠之,53△,16,5,１, ,ダ1400,良,,(栗),杉山晴紀,1262,-0.5,,2,1,38.4,504,+2,
,"2025. 2.15",京都,1京5,未勝利,未勝利,8,12,サンディエゴ,牡,3,岩田望来, 57 ,12,3,１, ,ダ1800,良,,(栗),清水久詞,1552,-0.5,1,1,1,39.2,490,+2,B
,"2025. 2.15",京都,1京5,未勝利,未勝利,1,1,ハヤテノツバサ,牡,3,吉村誠之,55△,16,7,１, ,ダ1200,良,,(栗),杉山佳明,1128,-0.0,,2,2,36.8,494,+8,B
,"2025. 2.10",京都,1京3,1勝,１勝ｸﾗｽ,8,16,エコロネオ,牡,4,団野大成, 58 ,16,4,１, ,ダ1200,良,*,(栗),森秀行,1125,-0.4,,2,2,37.2,496,+6,
,"2025. 2.10",京都,1京3,ｵｰﾌﾟﾝ,アルデバ,3,6,ブライアンセンス,牡,5,岩田望来, 57 ,16,4,１, ,ダ1900,良,,(美),斎藤誠,1582,-0.0,4,4,3,35.9,520,+8,
,"2025. 2.10",京都,1京3,OP(L),エルフィ(L),7,8,ヴーレヴー,牝,3,浜中俊, 55 ,10,4,１, 外,芝1600,良,,(栗),武幸四郎,1353,-0.1,,2,2,34.8,474,+18,
,"2025. 2.10",京都,1京3,3勝,橿原Ｓ･3勝,7,11,ペプチドヤマト,牡,6,松山弘平, 58 ,13,2,１, ,ダ1200,良,,(栗),武英智,1122,-0.0,,7,6,35.8,500,+2,B
,"2025. 2.10",京都,1京3,2勝,２勝ｸﾗｽ,6,6,ノーブルスカイ,牡,4,鮫島克駿, 57 ,8,4,１, 外,芝1800,良,,(栗),高柳大輔,1485,-0.0,,3,3,34.7,482,0,
,"2025. 2.10",京都,1京3,1勝,１勝ｸﾗｽ・牝,5,8,ルミッキ,牝,4,菱田裕二, 56 ,15,3,１, ,ダ1400,良,,(栗),橋口慎介,1259,-0.0,,5,5,37.9,456,-2,
,"2025. 2.10",京都,1京3,1勝,１勝ｸﾗｽ,7,8,コルレオニス,牡,4,川田将雅, 57 ,11,3,１, 外,芝1800,良,,(栗),友道康夫,1477,-0.0,,1,1,35.4,462,+16,
,"2025. 2.10",京都,1京3,未勝利,未勝利・牝,1,1,インヴォーグ,牝,3,川田将雅, 55 ,18,2,１, 内,芝1600,良,,(栗),福永祐一,1363,-0.2,,1,1,34.6,480,-2,
,"2025. 2.10",京都,1京3,新馬,新馬,6,12,ポイントネモ,牡,3,坂井瑠星, 57 ,16,1,１, ,ダ1800,良,,(栗),大久保龍,1564,-0.3,2,2,1,37.9,488,,
,"2025. 2.10",京都,1京3,未勝利,未勝利,8,12,エンダードラゴン,牡,3,武豊, 57 ,12,1,１, ,ダ1400,良,,(栗),友道康夫,1259,-1.0,,4,2,37.2,518,+4,
,"2025. 2.10",京都,1京3,未勝利,未勝利,8,10,オーレアミスト,牡,3,岩田望来, 57 ,11,1,１, ,ダ1900,良,,(栗),友道康夫,2031,-0.1,3,3,4,38.9,498,+4,
,"2025. 2.10",京都,1京3,未勝利,未勝利,3,3,スーパージョック,牡,3,坂井瑠星, 57 ,12,1,１, ,ダ1800,良,,(栗),佐々木晶,1545,-0.2,1,1,1,39.3,488,+6,
,"2025. 2. 9",京都,1京4,2勝,２勝ｸﾗｽ,3,6,ネグレスコ,牝,4,ルメート, 56 ,16,14,１, ,ダ1200,稍,,(栗),西園正都,1126,-0.0,,4,5,37.4,482,-6,
,"2025. 2. 9",京都,1京4,Ｇ３,きさらぎG3,8,10,サトノシャイニング,牡,3,西村淳也, 57 ,10,1,１, 外,芝1800,稍,,(栗),杉山晴紀,1470,-0.5,,6,6,35.1,492,0,
,"2025. 2. 9",京都,1京4,ｵｰﾌﾟﾝ,令月ＳＨ,7,14,ロードアウォード,セ,5,西村淳也, 56 ,16,3,１, ,ダ1200,稍,,(栗),吉岡辰弥,1112,-0.4,,2,2,35.8,476,+4,
,"2025. 2. 9",京都,1京4,3勝,斑鳩Ｓ･3勝,2,2,タガノエルピーダ,牝,4,団野大成, 56 ,14,1,１, 外,芝1600,稍,,(栗),斉藤崇史,1350,-0.0,,3,3,34.6,466,+10,
,"2025. 2. 9",京都,1京4,2勝,２勝ｸﾗｽ,4,4,マキアージュ,牝,6,小林美駒,52★,13,1,１, 内,芝1200,稍,,(美),菊川正達,1091,-0.4,,1,1,34.8,458,0,
,"2025. 2. 9",京都,1京4,1勝,１勝ｸﾗｽ,6,7,ギマール,牡,4,岩田康誠, 57 ,11,1,１, ,ダ1800,稍,,(栗),上村洋行,1546,-0.0,2,2,2,37.7,456,+4,B
,"2025. 2. 9",京都,1京4,未勝利,未勝利,6,8,ホウオウアートマン,牡,3,高杉吏麒,56☆,13,2,１, 外,芝2200,稍,*,(栗),矢作芳人,2157,-0.4,3,3,3,36.2,482,0,
,"2025. 2. 9",京都,1京4,新馬,新馬,8,17,ルージュソリテール,牝,3,西村淳也, 55 ,18,2,１, 内,芝1600,稍,,(栗),藤原英昭,1371,-0.3,,3,3,35.4,430,,
,"2025. 2. 9",京都,1京4,1勝,１勝ｸﾗｽ*,8,9,グランドプラージュ,牡,3,川田将雅, 57 ,10,1,１, ,ダ1800,稍,,(栗),杉山晴紀,1535,-0.5,3,3,3,37.3,524,0,
,"2025. 2. 9",京都,1京4,未勝利,未勝利,3,6,レイザリオ,牡,3,鮫島克駿, 57 ,16,2,１, ,ダ1400,稍,,(栗),橋口慎介,1265,-0.2,,2,1,37.5,472,-8,
,"2025. 2. 9",京都,1京4,未勝利,未勝利・牝,6,9,メリッササンライズ,牝,3,高杉吏麒,54☆,14,3,１, ,ダ1800,稍,,(栗),河内洋,1566,-0.4,4,3,3,39.2,452,-12,
,"2025. 2. 9",京都,1京4,未勝利,未勝利,8,13,ウォーターパラディ,牡,3,幸英明, 57 ,13,2,１, ,ダ1200,稍,,(栗),岡田稲男,1135,-1.1,,2,2,36.3,476,+6,
,"2025. 2. 2",京都,1京2,1勝,１勝ｸﾗｽ,8,18,フライングブレード,牡,5,三浦皇成, 58 ,18,8,１, 外,芝1400,稍,,(栗),飯田祐史,1230,-0.0,,6,6,34.3,492,0,
,"2025. 2. 2",京都,1京2,Ｇ３,シルクロＨG3,6,11,エイシンフェンサー,牝,5,川又賢治, 55 ,17,9,１, 内,芝1200,稍,,(栗),吉村圭司,1082,-0.3,,7,7,34.0,480,+4,
,"2025. 2. 2",京都,1京2,3勝,八坂Ｓ･3勝,7,7,リビアングラス,牡,5,坂井瑠星, 58 ,7,3,１, 外,芝2200,稍,,(栗),矢作芳人,2158,-0.0,2,2,2,34.4,496,+8,
,"2025. 2. 2",京都,1京2,2勝,天ケ瀬特･2勝,6,6,レーウィン,セ,4,岩田康誠, 57 ,10,4,１, ,ダ1800,稍,,(栗),上村洋行,1531,-0.3,3,3,2,38.2,504,-4,B
,"2025. 2. 2",京都,1京2,2勝,２勝ｸﾗｽ,1,1,ジャスティンアース,牡,4,吉村誠之,56△,12,3,１, ,ダ1400,稍,,(栗),杉山晴紀,1234,-0.9,,9,5,36.0,482,-4,
,"2025. 2. 2",京都,1京2,1勝,１勝ｸﾗｽ,5,6,メイショウトム,牡,4,高杉吏麒,56☆,13,9,１, ,ダ1800,稍,,(栗),河内洋,1543,-0.3,2,2,1,38.9,488,-4,
,"2025. 2. 2",京都,1京2,未勝利,未勝利,4,4,シンゼンカガ,牡,3,幸英明, 57 ,12,8,１, 内,芝1600,稍,,(栗),荒川義之,1357,-0.2,,3,4,36.4,448,-4,
,"2025. 2. 2",京都,1京2,新馬,新馬,8,17,ハギノピアチェーレ,牝,3,藤懸貴志, 55 ,17,7,１, 外,芝1800,稍,,(栗),高野友和,1499,-0.1,,2,1,35.9,464,,
,"2025. 2. 2",京都,1京2,1勝,１勝ｸﾗｽ・牝*,4,4,ヤマニンバロネス,牝,3,川田将雅, 55 ,7,1,１, ,ダ1400,稍,,(栗),千田輝彦,1257,-0.1,,3,2,37.1,458,-4,
,"2025. 2. 2",京都,1京2,未勝利,未勝利,4,4,クリノラピダス,牡,3,幸英明, 57 ,10,4,１, ,ダ1800,稍,,(栗),谷潔,1565,-0.2,9,9,5,38.2,458,+2,
,"2025. 2. 2",京都,1京2,未勝利,未勝利,6,8,キングコロネット,牡,3,田口貫太,56☆,12,1,１, ,ダ1200,稍,,(栗),大橋勇樹,1130,-0.2,,2,2,37.3,452,+2,
,"2025. 2. 2",京都,1京2,未勝利,未勝利・牝,7,10,デルマサクラサク,牝,3,岩田康誠, 55 ,12,2,１, ,ダ1800,稍,,(栗),牧田和弥,1556,-0.4,11,9,7,38.6,466,-14,B
,"2025. 2. 1",京都,1京1,2勝,２勝ｸﾗｽ,8,8,スイープアワーズ,牡,5,坂井瑠星, 58 ,8,2,１, 外,芝1600,良,,(栗),友道康夫,1348,-0.1,,7,6,33.9,452,0,
,"2025. 2. 1",京都,1京1,3勝,舞鶴Ｓ･3勝,5,6,ダブルハートボンド,牝,4,坂井瑠星, 55 ,12,1,１, ,ダ1800,良,,(栗),大久保龍,1522,-0.6,2,2,2,36.9,476,-2,
,"2025. 2. 1",京都,1京1,2勝,許波多Ｈ･2勝,5,5,ウィープディライト,セ,4,松山弘平, 56 ,10,3,１, 外,芝2400,良,,(栗),池添学,2249,-0.0,5,5,5,35.5,500,0,
,"2025. 2. 1",京都,1京1,1勝,白梅賞･1勝*,5,5,モンテシート,牡,3,ルメート, 57 ,8,2,１, 内,芝1600,良,,(栗),牧田和弥,1347,-0.0,,1,1,33.9,494,-2,
,"2025. 2. 1",京都,1京1,1勝,１勝ｸﾗｽ,7,14,ヒルノドゴール,牡,4,松山弘平, 58 ,16,1,１, ,ダ1400,良,*,(栗),北出成人,1248,-0.5,,3,3,36.4,522,-2,
,"2025. 2. 1",京都,1京1,1勝,１勝ｸﾗｽ*,1,1,ドラゴンウェルズ,牡,3,北村友一, 57 ,8,1,１, ,ダ1200,良,,(栗),藤原英昭,1123,-0.9,,1,1,36.3,472,0,
,"2025. 2. 1",京都,1京1,未勝利,未勝利,2,2,フェアリーライク,牝,3,岩田望来, 55 ,10,3,１, 外,芝1800,良,,(栗),笹田和秀,1471,-0.7,,4,4,34.6,462,0,
,"2025. 2. 1",京都,1京1,新馬,新馬,5,9,ラブミーナッソー,牝,3,藤岡佑介, 55 ,16,1,１, ,ダ1400,良,,(栗),宮徹,1270,-0.0,,3,2,37.0,466,,
,"2025. 2. 1",京都,1京1,未勝利,未勝利,3,3,テルアスワッド,牡,3,坂井瑠星, 57 ,9,3,１, ,ダ1900,良,,(栗),須貝尚介,2014,-0.7,2,2,1,37.7,504,-4,B
,"2025. 2. 1",京都,1京1,未勝利,未勝利,7,13,ハクサンアイリス,牡,3,西村淳也, 57 ,15,2,１, ,ダ1400,良,,(栗),高橋一哉,1255,-0.3,,2,1,37.1,484,-6,
,"2025. 2. 1",京都,1京1,未勝利,未勝利,6,6,コウジョリョウゾク,牡,3,荻野琢真, 57 ,9,6,１, ,ダ1800,良,,(栗),牧田和弥,1546,-0.0,8,8,7,37.7,466,-2,
,"2025. 2. 1",京都,1京1,未勝利,未勝利・牝,7,10,ツーピース,牝,3,川須栄彦, 55 ,13,2,１, ,ダ1200,良,,(栗),河嶋宏樹,1130,-0.5,,2,2,37.0,506,0,
,2024.12.28,京都,7京9,3勝,カウント･3勝,6,12,ロードフォアエース,牡,3,岩田望来, 57 ,16,1,１, 内,芝1200,良,,(栗),友道康夫,1085,-0.0,,6,7,33.7,538,+2,
,2024.12.28,京都,7京9,OP(L),ベテルギ(L),8,16,サンデーファンデー,牡,4,浜中俊, 57 ,16,9,１, ,ダ1800,良,,(栗),音無秀孝,1503,-0.4,2,2,2,37.5,528,+4,B
,2024.12.28,京都,7京9,2勝,フォーＨ･2勝,4,7,ワレハウミノコ,牝,4,菱田裕二, 54 ,16,7,１, 内,芝2000,良,,(栗),武英智,2007,-0.0,15,1,1,35.3,468,+12,
,2024.12.28,京都,7京9,2勝,春待月賞･2勝,5,10,ニシキギミッチー,牡,4,古川吉洋, 58 ,16,5,１, ,ダ1400,良,,(美),鈴木伸尋,1245,-0.4,,9,8,36.0,492,-6,
,2024.12.28,京都,7京9,1勝,１勝ｸﾗｽ,2,4,ペンナヴェローチェ,牡,3,岩田望来, 57 ,16,2,１, ,ダ1800,良,,(栗),須貝尚介,1538,-0.2,3,3,2,38.4,502,+6,
,2024.12.28,京都,7京9,1勝,１勝ｸﾗｽ,3,6,ショウナンガチ,牡,3,Ｍ．デム, 57 ,18,9,１, 外,芝1800,良,,(栗),須貝尚介,1476,-0.1,,2,2,34.7,502,-4,
,2024.12.28,京都,7京9,1勝,１勝ｸﾗｽ*,6,8,ヴィリアリート,牝,2,幸英明, 55 ,13,2,１, ,ダ1800,良,,(栗),西村真幸,1534,-0.4,2,2,2,37.7,532,-4,
,2024.12.28,京都,7京9,新馬,新馬,1,1,ムーンライトラガー,牝,2,荻野琢真, 55 ,16,4,１, 内,芝2000,良,,(栗),大久保龍,2032,-0.3,8,10,8,35.0,416,,
,2024.12.28,京都,7京9,未勝利,障害未勝利,3,4,バーンパッション,牡,7,大江原圭, 60 ,14,2,１, ,ダ2910,良,,(美),天間昭一,3198,-0.4,3,1,1,13.7,486,+14,
,2024.12.28,京都,7京9,未勝利,未勝利*,1,1,リガーレ,牡,2,荻野極, 56 ,16,2,１, 内,芝2000,良,*,(栗),池江泰寿,2017,-0.1,1,1,1,35.4,530,0,
,2024.12.28,京都,7京9,未勝利,未勝利*,3,6,メイショウアイナ,牡,2,菱田裕二, 56 ,16,6,１, ,ダ1800,良,,(栗),河内洋,1538,-0.1,1,1,1,38.2,498,+4,
,2024.12.28,京都,7京9,未勝利,未勝利*,5,9,ダイシンリンク,牡,2,川端海翼,53▲,16,4,１, ,ダ1400,良,,(栗),森秀行,1265,-0.1,,7,7,37.6,458,0,
,2024.12.22,京都,7京8,2勝,ジングＨ･2勝,5,10,ヤマニンアルリフラ,牡,3,Ｍ．デム, 53 ,17,4,１, 外,芝1400,良,*,(栗),斉藤崇史,1212,-0.4,,5,4,33.7,482,+4,
,2024.12.22,京都,7京8,ｵｰﾌﾟﾝ,りんくう,6,11,ドンアミティエ,牡,4,菱田裕二, 57 ,16,4,１, ,ダ1200,良,,(栗),今野貞一,1115,-0.3,,8,8,36.0,504,-2,B
,2024.12.22,京都,7京8,3勝,サンタク･3勝,8,14,ホウオウプロサンゲ,牡,3,菱田裕二, 57 ,14,4,１, 内,芝2000,良,*,(栗),矢作芳人,2009,-0.2,1,1,1,34.1,492,0,
,2024.12.22,京都,7京8,2勝,クリスマ･2勝,7,13,タンゴバイラリン,牡,3,田辺裕信, 57 ,16,1,１, ,ダ1800,良,,(美),栗田徹,1538,-0.1,9,9,8,37.3,510,-2,
,2024.12.22,京都,7京8,2勝,２勝ｸﾗｽ,5,10,スターペスカオリ,牝,4,角田大和, 56 ,16,13,１, ,ダ1400,良,,(栗),石橋守,1254,-0.1,,14,11,36.4,460,+2,
,2024.12.22,京都,7京8,1勝,１勝ｸﾗｽ,7,13,ヤマカツパトリシア,牝,7,柴田裕一,53▲,16,10,１, ,ダ1200,良,,(栗),谷潔,1129,-0.0,,11,11,36.6,476,0,
,2024.12.22,京都,7京8,新馬,新馬,4,5,マトラコーニッシュ,牝,2,北村友一, 55 ,14,2,１, 外,芝1800,良,,(栗),池添学,1499,-0.3,,13,12,34.0,424,,
,2024.12.22,京都,7京8,未勝利,障害未勝利,8,13,マテンロウジョイ,牡,4,西谷誠, 60 ,14,6,１, ,ダ2910,良,,(栗),四位洋文,3188,-1.5,1,1,1,13.7,468,+14,
,2024.12.22,京都,7京8,新馬,新馬,5,6,タイセイドラード,牡,2,西村淳也, 56 ,13,1,１, ,ダ1800,良,,(栗),杉山晴紀,1547,-1.9,1,1,1,38.1,526,,
,2024.12.22,京都,7京8,未勝利,未勝利*,3,6,ウィンストン,牡,2,吉村誠之,54△,18,1,１, 内,芝1400,良,,(栗),杉山晴紀,1216,-0.1,,2,1,35.5,502,+6,
,2024.12.22,京都,7京8,未勝利,未勝利*,5,9,グラフィティアート,牡,2,浜中俊, 56 ,18,1,１, 内,芝1600,良,,(栗),石橋守,1348,-0.2,,16,15,34.5,476,+14,
,2024.12.22,京都,7京8,未勝利,未勝利・牝*,6,12,オリージネアリア,牝,2,Ｍ．デム, 55 ,16,3,１, ,ダ1400,良,,(栗),吉村圭司,1261,-0.2,,8,5,37.7,428,-2,
,2024.12.21,京都,7京7,2勝,２勝ｸﾗｽ・牝,7,10,サフィラ,牝,3,Ｃ．デム, 55 ,13,1,１, 外,芝1800,良,,(栗),池添学,1467,-0.5,,1,1,33.9,464,-2,
,2024.12.21,京都,7京7,Ｇ２,阪神カッG2,8,16,ナムラクレア,牝,5,ルメール, 56 ,18,1,１, 外,芝1400,良,,(栗),長谷川浩,1201,-0.1,,12,13,33.3,480,+8,
,2024.12.21,京都,7京7,3勝,御陵ＳＨ･3勝,1,1,モンブランミノル,牡,3,松山弘平, 56 ,16,1,１, ,ダ1800,良,,(栗),小栗実,1524,-0.1,5,6,6,36.1,492,0,
,2024.12.21,京都,7京7,1勝,万両賞･1勝*,5,5,ライラ,牝,2,幸英明, 55 ,12,7,１, 外,芝1400,良,,(美),牧光二,1217,-0.3,,1,1,34.0,464,+6,
,2024.12.21,京都,7京7,1勝,１勝ｸﾗｽ,3,5,ビダーヤ,牡,3,坂井瑠星, 57 ,16,2,１, ,ダ1400,良,,(栗),矢作芳人,1248,-0.3,,4,5,36.5,492,+4,
,2024.12.21,京都,7京7,1勝,１勝ｸﾗｽ・牝,6,10,コーラルハート,牝,3,鮫島克駿, 55 ,15,3,１, ,ダ1800,良,,(栗),小林真也,1536,-0.4,2,2,2,38.4,504,-4,B
,2024.12.21,京都,7京7,新馬,新馬,7,14,トウタツ,牡,2,幸英明, 56 ,16,6,１, ,ダ1400,良,,(栗),大根田裕,1266,-0.1,,12,4,38.0,506,,
,2024.12.21,京都,7京7,新馬,新馬,7,14,フランクスピード,牝,2,Ｃ．デム, 55 ,17,6,１, 内,芝1600,良,,(栗),高野友和,1355,-0.6,,5,4,35.4,434,,
,2024.12.21,京都,7京7,未勝利,未勝利*,6,11,リンクスティップ,牝,2,Ｃ．デム, 55 ,16,2,１, 内,芝2000,良,,(栗),西村真幸,2008,-0.4,2,2,1,34.8,474,-4,
,2024.12.21,京都,7京7,未勝利,未勝利*,1,1,ロードシュヴァリエ,牡,2,中井裕二, 56 ,16,6,１, ,ダ1800,良,,(栗),森田直行,1542,-0.0,4,3,3,38.8,492,+4,B
,2024.12.21,京都,7京7,未勝利,未勝利*,3,5,イマージョン,牡,2,北村友一, 56 ,16,1,１, ,ダ1200,良,,(栗),高野友和,1128,-0.3,,1,1,37.1,508,0,
,2024.12.21,京都,7京7,未勝利,未勝利*,6,11,ダノンヴェステル,牡,2,池添謙一, 56 ,16,2,１, ,ダ1800,良,,(栗),高柳大輔,1557,-0.6,2,1,1,38.6,474,0,
,2024.12.15,京都,7京6,3勝,東山ＳＨ･3勝,1,1,フォーチュンタイム,牡,3,ムーア, 57 ,18,1,１, 外,芝1400,良,,(栗),吉岡辰弥,1206,-0.4,,5,5,34.2,500,+4,
,2024.12.15,京都,7京6,Ｇ１,フューチG1,1,2,アドマイヤズーム,牡,2,川田将雅, 56 ,16,5,１, 外,芝1600,良,,(栗),友道康夫,1341,-0.4,,2,2,33.6,468,+2,
,2024.12.15,京都,7京6,3勝,サリオス･3勝,1,1,ナスティウェザー,牡,3,坂井瑠星, 57 ,16,4,１, ,ダ1400,良,*,(美),加藤征弘,1256,-0.3,,3,3,37.4,466,0,
,2024.12.15,京都,7京6,2勝,小倉山特･2勝,5,5,コトホドサヨウニ,牡,3,川田将雅, 57 ,11,1,１, ,ダ1800,良,,(栗),奥村豊,1528,-0.6,4,4,4,36.7,508,+2,
,2024.12.15,京都,7京6,1勝,１勝ｸﾗｽ,8,16,クルミナーレ,牡,3,ルメール, 56 ,18,2,１, 外,芝2200,良,,(栗),池江泰寿,2123,-0.1,3,3,3,35.3,508,+4,
,2024.12.15,京都,7京6,1勝,１勝ｸﾗｽ,2,3,ハリウッドブルース,牡,3,北村友一, 57 ,16,1,１, ,ダ1400,良,,(栗),浜田多実,1264,-0.1,,10,9,36.4,456,-2,
,2024.12.15,京都,7京6,新馬,新馬,5,9,ショーダンサー,牡,2,国分優作, 56 ,16,9,１, ,ダ1800,良,,(栗),大根田裕,1548,-0.3,11,9,8,37.5,442,,
,2024.12.15,京都,7京6,新馬,新馬,6,10,ノクナレア,牝,2,松山弘平, 55 ,14,9,１, 内,芝1600,良,,(栗),今野貞一,1376,-0.3,,6,6,34.1,462,,
,2024.12.15,京都,7京6,未勝利,未勝利*,5,8,ショウヘイ,牡,2,川田将雅, 56 ,14,1,１, 外,芝1800,良,,(栗),友道康夫,1489,-0.4,,3,4,34.6,462,-4,
,2024.12.15,京都,7京6,未勝利,未勝利*,5,8,サマーナイト,牡,2,Ｃ．デム, 56 ,14,5,１, ,ダ1800,良,,(栗),寺島良,1551,-0.9,5,3,1,37.4,488,0,B
,2024.12.15,京都,7京6,未勝利,未勝利*,1,1,シホノペルフェット,牡,2,Ｃ．デム, 56 ,16,4,１, ,ダ1400,良,,(栗),寺島良,1258,-0.3,,3,3,37.2,512,+14,B
,2024.12.15,京都,7京6,未勝利,未勝利・牝*,4,4,ドゥラリス,牝,2,松山弘平, 55 ,13,1,１, ,ダ1800,良,,(栗),吉岡辰弥,1561,-0.1,4,4,4,37.4,504,-2,
,2024.12.14,京都,7京5,2勝,２勝ｸﾗｽ,6,9,ムーンリットナイト,牡,5,川田将雅, 58 ,14,1,１, 外,芝1600,良,*,(栗),杉山佳明,1340,-0.1,,7,4,33.8,516,+12,
,2024.12.14,京都,7京5,ｵｰﾌﾟﾝ,タンザナＨ,6,12,メイショウソラフネ,牡,5,酒井学, 56 ,16,2,１, 内,芝1200,良,,(栗),石橋守,1085,-0.2,,3,5,33.6,454,+8,
,2024.12.14,京都,7京5,2勝,出町特別･2勝,7,9,ネバーモア,牝,3,藤岡佑介, 55 ,12,4,１, ,ダ1800,良,,(栗),宮本博,1520,-0.9,5,2,2,37.5,492,+6,
,2024.12.14,京都,7京5,2勝,深草特別･2勝,2,4,ルクスメテオール,牡,4,浜中俊, 58 ,16,1,１, ,ダ1200,良,,(栗),小林真也,1122,-0.2,,8,5,35.7,490,-10,
,2024.12.14,京都,7京5,1勝,１勝ｸﾗｽ,4,7,カネトシゴウト,牡,3,松山弘平, 57 ,16,2,１, ,ダ1800,良,,(栗),大橋勇樹,1537,-0.5,2,2,2,37.5,466,0,
,2024.12.14,京都,7京5,未勝利,未勝利・牝*,5,9,パラディレーヌ,牝,2,岩田望来, 55 ,18,1,１, 外,芝1800,良,,(栗),千田輝彦,1476,-0.7,,2,2,35.4,498,-2,
,2024.12.14,京都,7京5,新馬,新馬,5,7,ペイシャヴァルツー,牝,2,団野大成, 55 ,14,4,１, ,ダ1200,良,,(栗),吉田直弘,1132,-1.5,,1,1,36.8,446,,
,2024.12.14,京都,7京5,新馬,新馬,3,3,メディテラニアン,牡,2,坂井瑠星, 56 ,10,1,１, 内,芝2000,良,*,(栗),池江泰寿,2026,-0.0,4,5,2,35.3,462,,
,2024.12.14,京都,7京5,ｵｰﾌﾟﾝ,障害・オープ,5,5,インディゴブラック,セ,5,小坂忠士, 60 ,10,6,１, ,ダ3170,良,,(栗),奥村豊,3359,-0.2,1,2,2,13.6,524,+8,
,2024.12.14,京都,7京5,未勝利,未勝利*,7,13,スピリットライズ,セ,2,坂井瑠星, 56 ,15,3,１, 内,芝1200,良,,(栗),高柳大輔,1094,-0.1,,2,2,34.7,440,-4,
,2024.12.14,京都,7京5,未勝利,未勝利*,8,12,ヒフミバンダム,セ,2,吉村誠之,54△,12,5,１, ,ダ1800,良,,(栗),小栗実,1562,-0.3,4,4,7,39.0,472,0,
,2024.12.14,京都,7京5,未勝利,未勝利*,4,6,ショウナンアトレ,牡,2,松山弘平, 56 ,15,3,１, ,ダ1200,良,,(栗),梅田智之,1142,-0.1,,11,8,37.7,464,+2,
,"2024.12. 8",京都,7京4,2勝,鹿ケ谷特･2勝,5,5,イサチルシーサイド,牡,3,木幡初也, 57 ,11,4,１, 内,芝1200,良,,(美),竹内正洋,1087,-0.1,,2,2,34.1,484,+4,
,"2024.12. 8",京都,7京4,Ｇ１,阪神ジュG1,6,12,アルマヴェローチェ,牝,2,岩田望来, 55 ,18,5,１, 外,芝1600,良,,(栗),上村洋行,1334,-0.2,,7,9,34.3,484,0,
,"2024.12. 8",京都,7京4,3勝,ブエナビ･3勝,7,8,ムルソー,牡,3,団野大成, 57 ,10,1,１, ,ダ1900,良,,(栗),斉藤崇史,1573,-1.2,2,2,1,36.7,506,-8,
,"2024.12. 8",京都,7京4,3勝,オリオン･3勝,6,7,マイネルエンペラー,牡,4,デットー, 58 ,12,2,１, 外,芝2200,良,,(栗),清水久詞,2138,-0.0,2,2,2,33.5,480,+2,
,"2024.12. 8",京都,7京4,2勝,２勝ｸﾗｽ,4,7,メイショウタイゲイ,牡,5,武豊, 58 ,15,4,１, ,ダ1200,良,,(栗),荒川義之,1122,-0.2,,12,13,35.8,462,0,
,"2024.12. 8",京都,7京4,1勝,１勝ｸﾗｽ,7,8,レーウィン,セ,3,デットー, 57 ,10,1,１, ,ダ1800,良,,(栗),上村洋行,1541,-0.1,6,2,1,39.1,508,-4,B
,"2024.12. 8",京都,7京4,1勝,１勝ｸﾗｽ*,8,10,アメリカンステージ,牡,2,坂井瑠星, 56 ,10,2,１, ,ダ1200,良,,(栗),矢作芳人,1112,-0.7,,1,1,36.1,506,0,
,"2024.12. 8",京都,7京4,新馬,新馬,8,10,エリカアンディーヴ,牝,2,松山弘平, 55 ,10,4,１, 外,芝1800,良,,(栗),吉岡辰弥,1504,-0.1,,3,2,33.7,484,,
,"2024.12. 8",京都,7京4,新馬,新馬・牝,6,12,ヤマニンバロネス,牝,2,武豊, 55 ,16,2,１, ,ダ1400,良,,(栗),千田輝彦,1266,-1.4,,4,2,37.4,462,,
,"2024.12. 8",京都,7京4,未勝利,未勝利*,6,6,モンテシート,牡,2,ルメール, 56 ,10,1,１, 内,芝1600,良,,(栗),牧田和弥,1349,-0.2,,2,2,35.8,500,+12,
,"2024.12. 8",京都,7京4,未勝利,未勝利*,3,3,ラマンシュ,牡,2,幸英明, 56 ,12,2,１, ,ダ1800,良,,(栗),音無秀孝,1558,-0.5,3,3,3,38.6,418,+4,
,"2024.12. 8",京都,7京4,未勝利,未勝利*,6,6,ベルジュロネット,牡,2,鮫島克駿, 56 ,11,1,１, ,ダ1400,良,,(栗),大久保龍,1255,-0.8,,5,5,37.3,538,+6,
,"2024.12. 7",京都,7京3,2勝,２勝ｸﾗｽ,5,5,ギャンブルルーム,牡,3,デットー, 56 ,10,1,１, 外,芝2400,良,,(栗),大久保龍,2247,-0.6,3,4,3,34.6,496,+8,
,"2024.12. 7",京都,7京3,OP(L),リゲルＳ(L),8,12,シャドウフューリー,牡,4,ルメール, 57 ,13,4,１, 外,芝1600,良,,(栗),杉山晴紀,1329,-0.1,,2,2,34.1,484,+2,
,"2024.12. 7",京都,7京3,2勝,花見小Ｈ･2勝,4,5,ロードクロンヌ,牡,3,藤岡佑介, 55 ,14,2,１, ,ダ1900,良,,(栗),四位洋文,1588,-1.4,2,2,2,37.7,484,+2,
,"2024.12. 7",京都,7京3,1勝,エリカ賞･1勝,2,2,ナグルファル,牡,2,坂井瑠星, 56 ,7,1,１, 内,芝2000,良,,(栗),杉山晴紀,2006,-0.7,2,2,2,34.0,502,0,
,"2024.12. 7",京都,7京3,1勝,１勝ｸﾗｽ,1,1,メイショウヤーキス,牡,3,藤岡佑介, 57 ,13,3,１, ,ダ1200,良,,(栗),飯田祐史,1124,-0.3,,7,8,35.9,446,0,
,"2024.12. 7",京都,7京3,未勝利,未勝利*,7,8,ダノンシーマ,牡,2,川田将雅, 56 ,10,1,１, 内,芝2000,良,,(栗),中内田充,2010,-0.3,3,2,2,34.5,486,+6,
,"2024.12. 7",京都,7京3,新馬,新馬,8,9,グランドプラージュ,牡,2,川田将雅, 56 ,9,1,１, ,ダ1800,良,,(栗),杉山晴紀,1536,-0.3,2,1,1,37.0,524,,
,"2024.12. 7",京都,7京3,新馬,新馬,7,8,ガンマジーティーピ,牡,2,武豊, 56 ,10,1,１, 内,芝1200,良,,(栗),渡辺薫彦,1097,-0.2,,4,2,33.5,454,,
,"2024.12. 7",京都,7京3,ｵｰﾌﾟﾝ,障害・オープ,5,5,インプレス,牡,5,小牧加矢, 61 ,11,1,１, ,ダ3170,良,,(栗),佐々木晶,3354,-0.5,2,3,3,13.6,526,-2,
,"2024.12. 7",京都,7京3,未勝利,未勝利*,4,6,ピーチマカロン,牝,2,水口優也, 55 ,14,11,１, ,ダ1200,良,,(栗),大根田裕,1145,-0.1,,9,8,37.5,472,-6,
,"2024.12. 7",京都,7京3,未勝利,未勝利*,7,7,カナルビーグル,牡,2,Ｃ．デム, 56 ,7,2,１, ,ダ1800,良,,(栗),音無秀孝,1539,-1.3,3,3,2,36.1,490,0,B
,"2024.12. 7",京都,7京3,未勝利,未勝利・牝*,1,1,ヒミノエトワール,牝,2,ルメール, 55 ,13,1,１, ,ダ1400,良,,(栗),宮地貴稔,1283,-0.0,,6,7,38.0,442,-6,
,"2024.12. 1",京都,7京2,2勝,２勝ｸﾗｽ,5,6,ウルトラソニック,牡,6,柴田裕一,55▲,12,10,１, 外,芝1400,良,,(栗),中尾秀正,1209,-0.1,,2,2,33.8,482,+4,
,"2024.12. 1",京都,7京2,ｵｰﾌﾟﾝ,ギャラクＨ,5,10,アルファマム,牝,5,北村友一, 56 ,16,3,１, ,ダ1400,良,,(栗),佐々木晶,1240,-0.0,,15,15,35.0,464,+2,
,"2024.12. 1",京都,7京2,3勝,嵯峨野Ｓ･3勝,2,2,オールナット,牡,3,北村友一, 56 ,13,3,１, 外,芝1800,良,,(栗),高野友和,1459,-0.1,,3,3,33.4,526,+2,
,"2024.12. 1",京都,7京2,2勝,聚楽第特･2勝,2,2,サンライズパスカル,牡,4,高杉吏麒, 58 ,11,3,１, ,ダ1800,良,,(栗),石坂公一,1540,-0.1,1,1,1,37.1,538,-6,
,"2024.12. 1",京都,7京2,2勝,２勝ｸﾗｽ,5,10,ジャーヴィス,牡,4,Ｍ．デム, 58 ,16,8,１, ,ダ1400,良,,(栗),千田輝彦,1242,-0.2,,3,3,36.0,488,0,
,"2024.12. 1",京都,7京2,1勝,１勝ｸﾗｽ・牝,7,12,モイラ,牝,3,田口貫太,54☆,14,10,１, ,ダ1200,良,,(栗),鈴木孝志,1127,-0.0,,3,3,36.7,464,+2,
,"2024.12. 1",京都,7京2,新馬,新馬,6,6,ソニックステップ,牡,2,西村淳也, 56 ,7,1,１, ,ダ1800,良,,(栗),高野友和,1548,-0.1,2,2,2,36.4,506,,
,"2024.12. 1",京都,7京2,新馬,新馬,7,7,ランスオブカオス,牡,2,吉村誠之,54△,9,2,１, 内,芝1400,良,,(栗),奥村豊,1225,-0.4,,8,6,33.6,502,,
,"2024.12. 1",京都,7京2,未勝利,障害未勝利,8,13,テイエムエメラルド,牝,6,小野寺祐, 58 ,13,3,１, ,ダ2910,良,,(栗),小椋研介,3200,-0.2,4,3,3,13.7,476,+8,
,"2024.12. 1",京都,7京2,未勝利,未勝利*,4,4,サタデーサンライズ,牝,2,吉村誠之,53△,11,4,１, 外,芝1800,良,,(栗),石坂公一,1485,-0.0,,2,2,34.1,446,-4,
,"2024.12. 1",京都,7京2,未勝利,未勝利・牝*,5,5,ブーディガ,牝,2,西村淳也, 55 ,10,3,１, 内,芝1600,良,,(栗),奥村豊,1360,-0.5,,2,2,34.2,478,+6,
,"2024.12. 1",京都,7京2,未勝利,未勝利*,7,12,ペイシャケイプ,牡,2,酒井学, 56 ,15,1,１, ,ダ1200,良,,(栗),高橋康之,1134,-0.7,,13,13,35.9,538,+10,
,2024.11.30,京都,7京1,2勝,２勝ｸﾗｽ,5,5,ベラジオボンド,牡,3,川田将雅, 56 ,7,2,１, 外,芝1800,良,,(栗),上村洋行,1462,-0.2,,3,3,33.6,494,-2,
,2024.11.30,京都,7京1,Ｇ３,チャレンG3,5,9,ラヴェル,牝,4,川田将雅, 55 ,15,3,１, 内,芝2000,良,,(栗),矢作芳人,1582,-0.3,9,7,6,35.0,468,0,
,2024.11.30,京都,7京1,3勝,姫路Ｓ･3勝,6,12,ジョーローリット,牝,3,ルメール, 55 ,16,1,１, ,ダ1200,稍,,(栗),中竹和也,1117,-0.0,,1,1,36.7,486,-2,
,2024.11.30,京都,7京1,1勝,さざんか･1勝,5,5,ルクスレゼルヴァ,セ,2,団野大成, 56 ,9,5,１, 内,芝1200,良,,(栗),村山明,1091,-0.3,,4,4,33.7,500,-6,
,2024.11.30,京都,7京1,1勝,１勝ｸﾗｽ,2,3,モズナイスバディー,牡,3,Ｍ．デム, 57 ,15,3,１, ,ダ1400,稍,,(栗),飯田祐史,1262,-0.1,,7,7,37.4,500,+10,
,2024.11.30,京都,7京1,1勝,１勝ｸﾗｽ,6,8,シャンデルナゴル,牡,4,Ｃ．デム, 58 ,12,1,１, ,ダ1800,稍,,(栗),石坂公一,1533,-0.2,4,3,3,37.7,492,-2,
,2024.11.30,京都,7京1,未勝利,未勝利*,3,3,スライビングロード,牝,2,ムーア, 55 ,12,3,１, 内,芝1400,良,,(栗),福永祐一,1220,-0.3,,7,8,34.5,454,+8,
,2024.11.30,京都,7京1,新馬,新馬,8,12,マディソンガール,牝,2,川田将雅, 55 ,13,2,１, 外,芝1800,良,,(栗),中内田充,1494,-0.1,,3,2,33.0,448,,
,2024.11.30,京都,7京1,新馬,新馬,8,11,ナリノエンブレム,牝,2,ルメール, 55 ,11,3,１, ,ダ1200,稍,,(美),加藤征弘,1130,-0.5,,1,1,36.2,476,,
,2024.11.30,京都,7京1,未勝利,未勝利*,3,3,メイケイレイン,牡,2,武豊, 56 ,11,1,１, ,ダ1800,稍,,(栗),中竹和也,1553,-0.2,6,1,1,39.2,440,0,
,2024.11.30,京都,7京1,未勝利,未勝利*,5,7,セディバン,牡,2,川田将雅, 56 ,13,1,１, ,ダ1400,稍,,(栗),吉田直弘,1266,-0.3,,1,1,37.7,490,0,
,2024.11.30,京都,7京1,未勝利,未勝利・牝*,2,2,ヴァンアグレアブル,牝,2,Ｃ．デム, 55 ,14,1,１, ,ダ1800,稍,,(栗),橋口慎介,1548,-0.2,7,6,4,38.4,518,0,
,2024.11.24,京都,6京8,Ｇ３,京阪杯G3,2,3,ビッグシーザー,牡,4,北村友一, 57 ,18,1,１, 内,芝1200,良,,(栗),西園正都,1077,-0.1,,5,3,33.7,518,0,
,2024.11.24,京都,6京8,ｵｰﾌﾟﾝ,カノープＨ,1,2,ホウオウルーレット,牡,5,岩田康誠, 56 ,16,4,１, ,ダ1900,良,,(美),栗田徹,1576,-0.4,13,8,6,37.3,494,-8,B
,2024.11.24,京都,6京8,3勝,清水Ｓ･3勝,5,6,ビヨンドザヴァレー,牝,4,菱田裕二, 56 ,13,2,１, 外,芝1600,良,,(栗),橋口慎介,1330,-0.2,,2,2,33.5,474,-2,
,2024.11.24,京都,6京8,3勝,花園ＳＨ･3勝,2,2,フォーチュンテラー,牡,5,三浦皇成, 57 ,13,5,１, ,ダ1800,良,,(栗),浜田多実,1521,-0.0,9,10,9,35.9,484,-6,
,2024.11.24,京都,6京8,2勝,２勝ｸﾗｽ,6,12,サウンドアレグリア,牝,3,藤岡佑介, 55 ,16,1,１, ,ダ1400,良,,(栗),武英智,1243,-0.0,,1,1,37.6,500,-2,
,2024.11.24,京都,6京8,1勝,１勝ｸﾗｽ,1,1,キュクヌス,牝,3,岩田望来, 54 ,18,6,１, 外,芝1800,良,,(栗),池江泰寿,1469,-0.0,,3,4,34.3,456,+4,
,2024.11.24,京都,6京8,新馬,新馬,6,8,ネブラディスク,牡,2,岩田望来, 56 ,12,2,１, 内,芝2000,良,,(栗),福永祐一,2018,-0.5,6,4,4,34.4,448,,
,2024.11.24,京都,6京8,1勝,１勝ｸﾗｽ,5,9,キングブルー,牡,3,藤岡佑介, 56 ,15,1,１, ,ダ1800,良,,(栗),四位洋文,1534,-0.1,4,4,3,38.2,490,+2,
,2024.11.24,京都,6京8,新馬,新馬,6,10,セボンサデッセ,牡,2,幸英明, 56 ,14,2,１, ,ダ1400,良,,(栗),橋口慎介,1264,-0.6,,4,2,37.7,494,,
,2024.11.24,京都,6京8,未勝利,未勝利*,4,8,ベイリークロア,牡,2,Ｍ．デム, 56 ,18,3,１, 内,芝1600,良,,(栗),大久保龍,1348,-0.1,,4,5,35.0,470,-2,
,2024.11.24,京都,6京8,未勝利,未勝利*,8,13,ゴッドエスパーダ,牡,2,角田大和, 56 ,13,3,１, ,ダ1800,良,,(栗),角田晃一,1545,-0.3,3,2,2,38.9,474,0,
,2024.11.24,京都,6京8,未勝利,未勝利*,6,11,レーンアジリティ,牡,2,高杉吏麒,54△,16,8,１, ,ダ1200,良,,(栗),中尾秀正,1126,-0.4,,2,2,37.2,466,+14,
,2024.11.23,京都,6京7,2勝,２勝ｸﾗｽ,4,8,アンクルクロス,牡,3,長岡禎仁, 57 ,16,5,１, 内,芝1200,良,,(栗),高橋亮,1082,-0.3,,7,7,33.0,468,+2,
,2024.11.23,京都,6京7,Ｇ３,京都２歳G3,8,8,エリキング,牡,2,川田将雅, 56 ,8,1,１, 内,芝2000,良,,(栗),中内田充,2009,-0.2,5,3,3,34.2,498,0,
,2024.11.23,京都,6京7,2勝,コントレ･2勝,3,3,オーロラエックス,牝,3,松山弘平, 54 ,8,1,１, 外,芝2200,良,,(栗),杉山晴紀,2133,-0.3,2,2,2,33.7,490,+2,
,2024.11.23,京都,6京7,2勝,栂尾特別･2勝,1,1,ルシュヴァルドール,牡,3,松山弘平, 56 ,13,3,１, ,ダ1800,良,,(栗),矢作芳人,1522,-0.4,5,5,5,37.3,526,-4,
,2024.11.23,京都,6京7,1勝,１勝ｸﾗｽ,4,4,ホルトバージ,牡,3,武豊, 56 ,9,2,１, ,ダ1900,良,,(栗),寺島良,2006,-0.4,3,2,3,37.9,474,0,
,2024.11.23,京都,6京7,1勝,１勝ｸﾗｽ,2,4,ヘルメース,牡,3,吉村誠之,55△,16,8,１, ,ダ1200,良,,(美),伊藤圭三,1125,-0.6,,1,1,36.9,484,+6,B
,2024.11.23,京都,6京7,新馬,新馬,7,8,スマートシーカー,牡,2,西塚洸二,55☆,11,5,１, ,ダ1800,良,,(栗),吉村圭司,1545,-0.2,4,2,2,38.0,492,,
,2024.11.23,京都,6京7,新馬,新馬,6,7,ワイルデンウーリー,牝,2,松山弘平, 55 ,11,1,１, 内,芝1600,良,,(栗),大久保龍,1356,-0.1,,5,3,34.7,478,,
,2024.11.23,京都,6京7,未勝利,障害未勝利,7,8,マケルナマサムネ,牡,6,難波剛健, 60 ,11,3,１, ,ダ2910,良,,(栗),畑端省吾,3196,-0.3,6,3,2,13.7,480,+2,
,2024.11.23,京都,6京7,未勝利,未勝利*,7,7,シュバルツマサムネ,牡,2,浜中俊, 56 ,10,7,１, 内,芝2000,良,,(栗),杉山佳明,2008,-0.4,10,9,8,35.0,452,+6,
,2024.11.23,京都,6京7,未勝利,未勝利*,4,5,ブルックリンダンス,牡,2,Ｃ．デム, 56 ,14,2,１, ,ダ1800,良,,(栗),田中克典,1541,-0.7,5,3,2,37.3,478,-2,
,2024.11.23,京都,6京7,未勝利,未勝利・牝*,3,6,デュアルロール,牝,2,Ｍ．デム, 55 ,16,2,１, ,ダ1400,良,,(栗),笹田和秀,1271,-0.2,,8,8,38.2,472,+4,
,2024.11.17,京都,6京6,2勝,壬生特別･2勝,4,4,ワールズエンド,牡,3,Ｃ．デム, 57 ,12,1,１, 外,芝1600,良,,(栗),池添学,1331,-0.5,,2,1,33.9,462,-8,
,2024.11.17,京都,6京6,Ｇ１,マイルチG1,7,13,ソウルラッシュ,牡,6,団野大成, 58 ,17,4,１, 外,芝1600,良,,(栗),池江泰寿,1320,-0.4,,10,10,33.6,514,+2,
,2024.11.17,京都,6京6,3勝,グランア･3勝,3,5,インビンシブルパパ,牡,3,ルメール, 56 ,15,1,１, ,ダ1400,良,,(美),伊藤大士,1235,-0.1,,1,1,37.5,536,+20,
,2024.11.17,京都,6京6,3勝,比叡ＳＨ･3勝,7,14,ヴェローチェエラ,牡,3,Ｃ．デム, 55 ,17,1,１, 外,芝2400,良,,(栗),須貝尚介,2245,-0.1,10,10,6,34.5,500,+6,
,2024.11.17,京都,6京6,2勝,２勝ｸﾗｽ,8,15,ツークフォーゲル,牡,4,シュタル, 58 ,16,5,１, ,ダ1200,良,*,(栗),荒川義之,1111,-0.0,,7,8,35.7,544,+4,
,2024.11.17,京都,6京6,1勝,１勝ｸﾗｽ,8,14,オペラプラージュ,牡,3,川田将雅, 56 ,15,1,１, ,ダ1800,良,*,(栗),新谷功一,1539,-0.0,12,10,8,37.4,502,-2,
,2024.11.17,京都,6京6,1勝,１勝ｸﾗｽ・牝,3,6,ジョニール,牝,3,岩田望来, 55 ,16,1,１, ,ダ1400,良,,(栗),森田直行,1248,-0.1,,2,2,37.9,456,+2,
,2024.11.17,京都,6京6,新馬,新馬,5,5,キングメーカー,牡,2,ルメール, 56 ,9,1,１, 外,芝1800,良,,(栗),須貝尚介,1491,-0.1,,1,1,33.9,482,,
,2024.11.17,京都,6京6,新馬,新馬,3,3,キアニーナ,牝,2,ルメール, 55 ,12,1,１, ,ダ1200,良,,(美),宮田敬介,1130,-0.1,,2,2,36.6,506,,
,2024.11.17,京都,6京6,未勝利,未勝利・牝*,5,8,キスアンドクライ,牝,2,松山弘平, 55 ,14,8,１, 内,芝1600,良,,(栗),橋口慎介,1346,-0.3,,3,3,34.9,442,-2,
,2024.11.17,京都,6京6,未勝利,未勝利*,6,7,チュウジョウ,牡,2,Ｍ．デム, 56 ,12,4,１, ,ダ1800,良,,(栗),杉山佳明,1536,-0.4,2,2,2,37.3,500,0,
,2024.11.17,京都,6京6,未勝利,未勝利*,3,6,ダイヤモンド,牡,2,武豊, 56 ,18,1,１, 内,芝1200,良,*,(栗),清水久詞,1097,-0.3,,2,1,35.8,506,+2,
,2024.11.16,京都,6京5,2勝,２勝ｸﾗｽ,7,11,ナムラフッカー,牡,3,武豊, 56 ,14,1,１, 内,芝2000,良,,(栗),村山明,2014,-0.0,11,11,11,34.4,472,+2,
,2024.11.16,京都,6京5,OP(L),アンドＨ(L),4,6,デシエルト,牡,5,岩田康誠, 57 ,15,8,１, 内,芝2000,良,,(栗),安田翔伍,1586,-0.6,1,1,1,35.3,528,-2,
,2024.11.16,京都,6京5,2勝,近江特別･2勝,6,11,メイプルタピット,牡,3,渡辺竜也, 56 ,16,8,１, ,ダ1900,良,,(美),南田美知,1589,-0.4,10,8,6,37.4,502,-14,
,2024.11.16,京都,6京5,1勝,秋明菊賞･1勝,1,1,キャッスルレイク,牝,2,田口貫太, 55 ,9,2,１, 外,芝1400,良,,(栗),松下武士,1230,-0.1,,2,3,33.6,464,+2,
,2024.11.16,京都,6京5,2勝,２勝ｸﾗｽ・牝,7,13,バロネッサ,牝,3,Ｃ．デム, 54 ,16,1,１, ,ダ1800,良,,(美),田中博康,1520,-0.2,4,4,4,38.5,504,0,
,2024.11.16,京都,6京5,1勝,１勝ｸﾗｽ,7,14,アストラカ,セ,3,坂井瑠星, 57 ,16,8,１, ,ダ1400,良,,(栗),田中克典,1246,-0.0,,4,3,37.6,490,+2,B
,2024.11.16,京都,6京5,新馬,新馬,6,11,ヒルノハンブルク,牡,2,坂井瑠星, 56 ,16,1,１, ,ダ1800,良,,(栗),武英智,1546,-0.2,5,4,4,37.6,472,,
,2024.11.16,京都,6京5,新馬,新馬,6,10,メイショウタマユラ,牝,2,田口貫太,54☆,14,10,１, 内,芝1400,良,,(栗),大橋勇樹,1228,-0.2,,5,8,35.1,420,,
,2024.11.16,京都,6京5,未勝利,未勝利*,5,7,フォーキャンドルズ,牡,2,横山典弘, 56 ,14,2,１, 外,芝1800,良,,(栗),本田優,1492,-0.1,,3,3,34.9,508,0,
,2024.11.16,京都,6京5,未勝利,未勝利*,8,13,ピエマンソン,牡,2,池添謙一, 56 ,13,1,１, ,ダ1400,良,,(栗),平田修,1255,-0.5,,4,2,38.4,468,-6,
,2024.11.16,京都,6京5,未勝利,未勝利*,1,1,ベイラム,牡,2,岩田望来, 56 ,11,3,１, ,ダ1800,良,,(栗),武英智,1542,-0.2,2,1,1,38.7,438,+4,
,2024.11.16,京都,6京5,未勝利,未勝利*,2,4,ヤマニンチェルキ,牡,2,酒井学, 56 ,16,3,１, ,ダ1200,良,,(栗),木原一良,1123,-0.7,,1,1,36.9,530,0,
,2024.11.10,京都,6京4,2勝,ドンカス･2勝,8,13,フルメタルボディー,セ,4,吉村誠之, 58 ,14,8,１, 外,芝1400,良,,(栗),清水久詞,1207,-0.2,,2,2,34.4,498,+4,B
,2024.11.10,京都,6京4,Ｇ１,エリザベG1,6,11,スタニングローズ,牝,5,Ｃ．デム, 56 ,17,3,１, 外,芝2200,良,,(栗),高野友和,2111,-0.4,4,4,2,34.0,498,+6,
,2024.11.10,京都,6京4,3勝,ラッキー･3勝,2,2,チュウワハート,牡,4,ムーア, 58 ,14,7,１, ,ダ1800,良,,(栗),大久保龍,1512,-0.0,5,5,4,37.0,526,+26,
,2024.11.10,京都,6京4,1勝,黄菊賞･1勝*,2,2,ミュージアムマイル,牡,2,Ｃ．デム, 56 ,9,1,１, 内,芝2000,良,,(栗),高柳大輔,2000,-0.5,6,6,3,33.7,496,0,
,2024.11.10,京都,6京4,2勝,２勝ｸﾗｽ,5,7,ヘルモーズ,牡,3,Ｃ．デム, 57 ,13,1,１, ,ダ1400,良,,(栗),小林真也,1240,-0.0,,5,4,37.1,512,+8,
,2024.11.10,京都,6京4,2勝,２勝ｸﾗｽ,8,11,パシアンジャン,牡,3,松山弘平, 56 ,12,5,１, ,ダ1800,良,,(栗),鈴木孝志,1514,-0.2,2,2,1,36.7,456,+4,
,2024.11.10,京都,6京4,1勝,１勝ｸﾗｽ,8,15,ジンセイ,牡,3,川田将雅, 56 ,15,4,１, 外,芝2200,良,,(栗),庄野靖志,2124,-0.4,1,1,1,34.6,506,0,
,2024.11.10,京都,6京4,新馬,新馬,8,10,エコロディノス,牡,2,ムーア, 56 ,10,1,１, 内,芝2000,良,,(栗),大久保龍,2009,-0.6,2,2,1,34.8,472,,
,2024.11.10,京都,6京4,新馬,新馬・牝,3,3,アスタールフナ,牝,2,岩田望来, 55 ,14,3,１, ,ダ1400,良,,(栗),中竹和也,1255,-0.2,,1,1,37.6,440,,
,2024.11.10,京都,6京4,未勝利,未勝利*,5,8,アドマイヤズーム,牡,2,川田将雅, 56 ,14,2,１, 内,芝1600,良,,(栗),友道康夫,1339,-0.5,,2,2,35.0,466,+2,
,2024.11.10,京都,6京4,未勝利,未勝利*,1,1,チムニートップス,牡,2,Ｃ．デム, 56 ,10,1,１, ,ダ1800,良,,(栗),杉山晴紀,1534,-0.1,3,3,2,38.3,476,-10,
,2024.11.10,京都,6京4,未勝利,未勝利*,3,6,ポッドドンナー,牡,2,吉村誠之,53▲,16,4,１, ,ダ1400,良,,(栗),辻野泰之,1257,-0.3,,5,4,38.3,470,+6,
,"2024.11. 9",京都,6京3,2勝,２勝ｸﾗｽ,4,4,キングサーガ,セ,7,Ｃ．デム, 58 ,6,2,１, 外,芝2400,良,,(栗),小栗実,2269,-0.0,2,2,2,34.4,492,+4,
,"2024.11. 9",京都,6京3,Ｇ２,デイリーG2,5,5,ランフォーヴァウ,牝,2,坂井瑠星, 55 ,7,1,１, 外,芝1600,良,,(栗),福永祐一,1347,-0.1,,4,4,33.7,450,-4,
,"2024.11. 9",京都,6京3,ｵｰﾌﾟﾝ,室町ＳＨ,4,7,イスラアネーロ,牡,5,川又賢治, 55 ,16,12,１, ,ダ1200,良,,(栗),吉村圭司,1107,-0.1,,7,8,36.1,454,+10,
,"2024.11. 9",京都,6京3,3勝,修学院Ｈ･3勝,5,7,ショウナンアデイブ,牡,5,池添謙一, 56 ,14,6,１, 内,芝2000,良,,(栗),高野友和,1578,-0.1,3,3,3,35.2,516,+6,
,"2024.11. 9",京都,6京3,ＪＧ３,京都ジャJG3,3,3,スマイルスルー,牡,4,高田潤, 60 ,7,1,１, ,芝3170,良,,(栗),斉藤崇史,3334,-1.3,1,1,1,13.5,518,-2,
,"2024.11. 9",京都,6京3,1勝,１勝ｸﾗｽ,8,15,クリノオリーブ,牝,3,幸英明, 55 ,16,1,１, ,ダ1200,良,,(栗),谷潔,1112,-0.3,,2,2,36.0,466,+4,
,"2024.11. 9",京都,6京3,1勝,１勝ｸﾗｽ,5,9,ルシュヴァルドール,牡,3,岩田望来, 56 ,15,3,１, ,ダ1800,良,,(栗),矢作芳人,1516,-0.3,6,3,3,37.3,530,-4,
,"2024.11. 9",京都,6京3,新馬,新馬,5,8,ミニトランザット,牡,2,鮫島克駿, 56 ,14,4,１, 内,芝1600,良,,(栗),杉山佳明,1355,-0.1,,1,1,34.2,464,,
,"2024.11. 9",京都,6京3,新馬,新馬,3,4,ナルカミ,牡,2,坂井瑠星, 56 ,15,1,１, ,ダ1800,良,,(栗),坂口智康,1512,-2.0,1,1,1,36.3,500,,
,"2024.11. 9",京都,6京3,未勝利,未勝利*,3,3,パーティハーン,牡,2,坂井瑠星, 56 ,11,2,１, 内,芝2000,良,,(栗),友道康夫,2010,-0.9,1,1,1,34.0,472,-6,
,"2024.11. 9",京都,6京3,未勝利,未勝利*,6,9,ウォーターエルピス,牝,2,鮫島克駿, 55 ,14,3,１, ,ダ1800,良,,(栗),藤野健太,1556,-0.1,2,2,2,38.5,510,+2,
,"2024.11. 9",京都,6京3,未勝利,未勝利・牝*,6,8,フェニーチェドーロ,牝,2,松山弘平, 55 ,13,3,１, ,ダ1200,良,,(栗),宮本博,1130,-0.3,,10,9,36.1,450,+4,
,"2024.11. 3",京都,6京2,1勝,１勝ｸﾗｽ,7,14,ビップジーニー,牡,3,古川吉洋, 57 ,16,14,１, 外,芝1600,稍,,(栗),松下武士,1336,-0.1,,2,2,35.8,480,-2,
,"2024.11. 3",京都,6京2,Ｇ３,みやこＳG3,8,15,サンライズジパング,牡,3,鮫島克駿, 56 ,15,3,１, ,ダ1800,重,,(栗),音無秀孝,1497,-0.1,8,4,3,37.1,512,+4,
,"2024.11. 3",京都,6京2,3勝,醍醐Ｓ･3勝,7,8,クファシル,牡,4,北村友一, 58 ,10,2,１, 内,芝1200,稍,,(栗),池添学,1083,-0.1,,5,5,33.7,492,-2,
,"2024.11. 3",京都,6京2,1勝,もちの木･1勝,3,3,クァンタムウェーブ,牡,2,西村淳也, 56 ,12,1,１, ,ダ1800,重,,(栗),松永幹夫,1516,-0.0,5,6,2,37.3,512,+8,
,"2024.11. 3",京都,6京2,2勝,２勝ｸﾗｽ・牝,1,1,ローズバルサム,牝,4,岩田望来, 56 ,9,4,１, ,ダ1400,重,,(栗),吉村圭司,1236,-0.1,,9,9,37.1,438,-6,
,"2024.11. 3",京都,6京2,2勝,２勝ｸﾗｽ,1,1,ヨーカイディスコ,牝,3,岩田望来, 55 ,12,4,１, ,ダ1200,重,,(美),斎藤誠,1115,-0.4,,1,1,36.7,482,+2,
,"2024.11. 3",京都,6京2,1勝,１勝ｸﾗｽ・牝,6,6,シンコーナホチャン,牝,3,国分優作, 54 ,9,1,１, ,ダ1800,重,,(栗),畑端省吾,1536,-0.1,7,6,6,38.2,478,0,
,"2024.11. 3",京都,6京2,新馬,新馬,7,8,ウォータークラーク,牡,2,田口貫太,55☆,10,4,１, 外,芝1800,稍,,(栗),石橋守,1483,-0.1,,2,2,34.4,480,,
,"2024.11. 3",京都,6京2,新馬,新馬,8,14,インブロリオ,牝,2,Ｍ．デム, 55 ,14,1,１, 内,芝1200,稍,,(栗),吉村圭司,1104,-0.2,,3,3,34.3,484,,
,"2024.11. 3",京都,6京2,未勝利,未勝利*,2,2,ファウストラーゼン,牡,2,鮫島克駿, 56 ,8,6,１, 内,芝2000,稍,,(栗),西村真幸,2017,-0.2,7,6,5,36.0,456,-6,
,"2024.11. 3",京都,6京2,未勝利,未勝利*,8,14,バレンシア,牝,2,Ｍ．デム, 55 ,14,1,１, ,ダ1800,重,,(栗),笹田和秀,1573,-0.0,10,9,3,40.2,432,-4,
,"2024.11. 3",京都,6京2,未勝利,未勝利*,7,11,マテンロウコマンド,牡,2,松山弘平, 56 ,13,1,１, ,ダ1400,重,*,(栗),長谷川浩,1269,-1.2,,3,3,38.2,496,+6,
,"2024.11. 2",京都,6京1,2勝,２勝ｸﾗｽ,5,5,ガイアメンテ,牡,3,佐々木大, 56 ,8,1,１, 外,芝1800,不,,(栗),須貝尚介,1486,-0.1,,8,6,33.7,498,0,
,"2024.11. 2",京都,6京1,Ｇ３,ファンタG3,7,12,ダンツエラン,牝,2,団野大成, 55 ,15,4,１, 外,芝1400,不,,(栗),本田優,1228,-0.0,,6,6,34.4,486,0,
,"2024.11. 2",京都,6京1,3勝,貴船ＳＨ･3勝,2,4,インユアパレス,牡,3,佐々木大, 56 ,16,1,１, ,ダ1200,不,,(栗),須貝尚介,1102,-0.5,,5,4,35.1,478,+4,
,"2024.11. 2",京都,6京1,2勝,衣笠特別･2勝,1,1,ロードトラスト,セ,4,シュタル, 58 ,10,1,１, ,ダ1800,不,,(栗),長谷川浩,1517,-0.1,4,5,5,37.8,500,-6,B
,"2024.11. 2",京都,6京1,1勝,１勝ｸﾗｽ,4,4,エアサンサーラ,牡,3,岩田望来, 56 ,8,3,１, ,ダ1800,不,,(栗),辻野泰之,1519,-0.9,2,2,2,36.8,584,-4,
,"2024.11. 2",京都,6京1,新馬,新馬・牝,1,1,サウンドサンライズ,牝,2,浜中俊, 55 ,14,9,１, 内,芝1600,重,,(栗),音無秀孝,1369,-0.2,,3,3,36.1,404,,
,"2024.11. 2",京都,6京1,新馬,新馬,5,9,ストップヤーニング,牡,2,長岡禎仁, 56 ,16,8,１, ,ダ1400,不,,(栗),羽月友彦,1247,-0.4,,5,5,36.9,426,,
,"2024.11. 2",京都,6京1,未勝利,未勝利*,4,4,リカントロポ,牡,2,田口貫太,55☆,8,3,１, 外,芝1800,重,,(栗),梅田智之,1486,-0.8,,3,2,35.8,460,+2,
,"2024.11. 2",京都,6京1,未勝利,未勝利*,3,3,モンタルチーノ,牡,2,西村淳也, 56 ,13,2,１, 内,芝1400,重,,(栗),庄野靖志,1229,-0.1,,2,2,35.2,494,+4,
,"2024.11. 2",京都,6京1,未勝利,未勝利*,6,7,アメリカンステージ,牡,2,北村友一, 56 ,11,1,１, ,ダ1200,不,,(栗),矢作芳人,1107,-2.4,,1,1,35.9,506,-6,
,"2024.11. 2",京都,6京1,未勝利,未勝利・牝*,1,1,レイナデアルシーラ,牝,2,岩田望来, 55 ,7,1,１, ,ダ1800,不,,(栗),西園正都,1531,-0.6,1,1,1,39.8,500,+4,
,2024.10.27,京都,5京8,2勝,２勝ｸﾗｽ,7,10,ラブコメディ,牝,3,吉村誠之,51▲,12,3,１, ,ダ1400,良,,(栗),寺島良,1236,-0.1,,2,2,37.1,442,-6,B
,2024.10.27,京都,5京8,OP(L),カシオペ(L),4,8,アルジーヌ,牝,4,西村淳也, 55 ,18,2,１, 外,芝1800,良,*,(栗),中内田充,1448,-0.2,,6,5,34.6,454,-2,
,2024.10.27,京都,5京8,3勝,古都Ｓ･3勝,7,7,コパノサントス,牡,4,Ｍ．デム, 58 ,8,3,１, 外,芝3000,良,,(栗),梅田智之,3084,-0.1,4,4,4,34.0,476,+4,
,2024.10.27,京都,5京8,2勝,北野特Ｈ･2勝,5,5,ホウオウプロサンゲ,牡,3,西村淳也, 55 ,8,1,１, 内,芝2000,良,,(栗),矢作芳人,1595,-0.2,1,1,1,34.5,488,-2,
,2024.10.27,京都,5京8,1勝,１勝ｸﾗｽ,7,12,アガシ,セ,3,田口貫太,56☆,15,8,１, ,ダ1200,良,,(栗),庄野靖志,1120,-0.2,,4,4,36.3,480,-7,
,2024.10.27,京都,5京8,1勝,１勝ｸﾗｽ,2,2,マサハヤウォルズ,牡,4,吉村誠之,55▲,11,2,１, ,ダ1900,良,,(栗),今野貞一,2008,-0.3,6,5,5,38.7,470,+2,
,2024.10.27,京都,5京8,1勝,１勝ｸﾗｽ・牝,4,6,アナスタシス,牝,3,高杉吏麒,52△,15,5,１, ,ダ1400,良,,(栗),岡田稲男,1250,-0.4,,2,2,37.5,460,0,
,2024.10.27,京都,5京8,新馬,新馬,7,8,リラエンブレム,牡,2,浜中俊, 56 ,10,1,１, 内,芝1600,良,,(栗),武幸四郎,1342,-0.3,,5,3,34.4,470,,
,2024.10.27,京都,5京8,新馬,新馬,7,14,ゴールデンクラウド,牡,2,鮫島克駿, 56 ,16,2,１, ,ダ1800,良,,(栗),小林真也,1545,-0.0,2,4,3,37.7,526,,
,2024.10.27,京都,5京8,未勝利,未勝利*,7,9,ロードガレリア,牡,2,西村淳也, 56 ,12,1,１, 内,芝2000,良,,(栗),藤岡健一,2016,-0.3,1,1,1,35.7,444,-10,
,2024.10.27,京都,5京8,未勝利,未勝利*,5,7,コシュデリ,牡,2,団野大成, 56 ,14,6,１, ,ダ1800,良,,(栗),千田輝彦,1537,-0.9,2,2,2,39.0,490,-6,
,2024.10.27,京都,5京8,未勝利,未勝利*,8,8,セントールビースト,牡,2,吉村誠之,53▲,9,1,１, ,ダ1200,良,,(栗),羽月友彦,1124,-0.3,,2,2,37.2,426,+6,
,2024.10.26,京都,5京7,2勝,２勝ｸﾗｽ,6,10,ヴィンテージボンド,牡,5,Ｃ．デム, 58 ,15,3,１, ,ダ1800,良,,(栗),西園正都,1522,-0.2,2,2,2,36.9,490,-4,
,2024.10.26,京都,5京7,Ｇ２,スワンＳG2,8,17,ダノンマッキンリー,牡,3,松山弘平, 55 ,17,5,１, 外,芝1400,良,,(栗),藤原英昭,1205,-0.1,,11,11,34.0,464,-4,
,2024.10.26,京都,5京7,3勝,ハロウィ･3勝,5,5,シゲルショウグン,牡,4,シュタル, 58 ,9,1,１, ,ダ1900,良,*,(栗),大橋勇樹,1572,-1.6,1,1,1,37.2,516,+14,
,2024.10.26,京都,5京7,2勝,２勝ｸﾗｽ,5,9,ナムラアトム,牡,3,浜中俊, 56 ,15,3,１, 外,芝1400,良,,(栗),長谷川浩,1213,-0.0,,5,5,34.0,500,-4,
,2024.10.26,京都,5京7,OP(L),萩Ｓ(L),5,5,テリオスララ,牝,2,鮫島克駿, 55 ,6,2,１, 外,芝1800,良,,(美),田島俊明,1481,-0.3,,1,1,33.7,496,0,
,2024.10.26,京都,5京7,1勝,１勝ｸﾗｽ,7,8,ミカエルパシャ,牡,3,松山弘平, 56 ,11,3,１, 内,芝2000,良,,(栗),橋口慎介,1599,-0.0,2,2,2,34.9,478,+6,
,2024.10.26,京都,5京7,1勝,１勝ｸﾗｽ,1,1,キャピタルサックス,牡,3,松山弘平, 56 ,8,1,１, ,ダ1800,良,,(栗),杉山晴紀,1521,-0.6,3,2,2,37.2,498,-2,
,2024.10.26,京都,5京7,新馬,新馬,6,9,ミッキーゴールド,牡,2,浜中俊, 56 ,13,3,１, 内,芝2000,良,,(栗),池江泰寿,2022,-0.0,8,4,3,34.6,496,,
,2024.10.26,京都,5京7,新馬,新馬,2,4,ヴィリアリート,牝,2,Ｃ．デム, 55 ,16,1,１, ,ダ1400,良,,(栗),西村真幸,1255,-0.6,,4,4,36.7,536,,
,2024.10.26,京都,5京7,未勝利,未勝利*,6,7,アイサンサン,牝,2,岩田望来, 55 ,12,1,１, 内,芝1600,良,,(栗),佐々木晶,1343,-0.2,,4,4,34.7,446,-4,
,2024.10.26,京都,5京7,未勝利,未勝利*,1,1,ジューンエオス,牝,2,岩田望来, 55 ,11,2,１, ,ダ1800,良,,(栗),武英智,1545,-0.5,1,1,1,38.3,478,0,
,2024.10.26,京都,5京7,未勝利,未勝利・牝*,8,12,アンズアメ,牝,2,鮫島克駿, 55 ,13,4,１, ,ダ1400,良,,(栗),高柳大輔,1254,-0.2,,6,6,38.0,470,-2,
,2024.10.20,京都,5京6,3勝,桂川Ｓ･3勝,8,12,テイエムリステット,牡,3,酒井学, 56 ,13,1,１, ,ダ1400,稍,,(栗),木原一良,1244,-0.6,,2,2,36.9,476,+2,
,2024.10.20,京都,5京6,Ｇ１,菊花賞G1,7,13,アーバンシック,牡,3,ルメール, 57 ,18,2,１, 外,芝3000,良,,(美),武井亮,3041,-0.4,8,5,3,35.6,510,0,
,2024.10.20,京都,5京6,3勝,キセキＨ･3勝,1,1,キープカルム,牡,3,シュタル, 56 ,17,1,１, 外,芝1600,良,,(栗),中竹和也,1343,-0.1,,3,3,34.1,498,+14,
,2024.10.20,京都,5京6,2勝,清滝特別･2勝,7,7,サブマリーナ,牡,3,武豊, 55 ,8,1,１, 外,芝2200,良,,(栗),庄野靖志,2138,-0.7,6,7,7,34.4,474,+6,
,2024.10.20,京都,5京6,1勝,なでしこ･1勝,8,10,コスモストーム,牡,2,秋山稔樹, 56 ,11,7,１, ,ダ1400,稍,,(栗),北出成人,1261,-0.3,,4,4,38.7,498,+12,
,2024.10.20,京都,5京6,2勝,２勝ｸﾗｽ・牝,2,4,バスタードサフラン,牝,3,酒井学, 54 ,16,2,１, ,ダ1800,稍,,(栗),渡辺薫彦,1529,-0.0,1,1,1,37.9,474,+12,B
,2024.10.20,京都,5京6,1勝,１勝ｸﾗｽ,6,6,アウトドライブ,牡,3,幸英明, 56 ,8,3,１, ,ダ1800,稍,,(栗),鈴木孝志,1537,-0.3,5,4,2,37.0,570,+12,
,2024.10.20,京都,5京6,新馬,新馬,2,2,ヤマニンブークリエ,牡,2,武豊, 56 ,11,2,１, 外,芝1800,良,,(栗),松永幹夫,1495,-0.0,,6,6,34.8,518,,
,2024.10.20,京都,5京6,新馬,新馬・牝,1,2,エリカエクスプレス,牝,2,ルメール, 55 ,17,1,１, 内,芝1600,稍,*,(栗),杉山晴紀,1347,-0.4,,1,1,36.0,456,,
,2024.10.20,京都,5京6,新馬,新馬,3,5,フェデラー,牡,2,武豊, 56 ,16,1,１, ,ダ1200,稍,,(栗),石橋守,1122,-1.8,,1,1,36.3,500,,
,2024.10.20,京都,5京6,未勝利,未勝利*,7,7,イリフィ,牝,2,鮫島克駿, 55 ,10,2,１, 内,芝1200,稍,,(栗),高野友和,1101,-0.2,,2,2,35.3,426,+8,
,2024.10.20,京都,5京6,未勝利,未勝利*,2,2,サンダーロード,牡,2,ルメール, 56 ,8,1,１, ,ダ1800,稍,,(栗),杉山晴紀,1568,-0.2,4,4,3,40.1,532,0,
,2024.10.19,京都,5京5,2勝,２勝ｸﾗｽ,7,13,プレシオーソ,セ,7,高杉吏麒,56△,15,5,１, ,ダ1200,稍,,(栗),岡田稲男,1115,-0.0,,10,10,35.7,478,0,
,2024.10.19,京都,5京5,ｵｰﾌﾟﾝ,オータム,7,11,ライツフォル,牡,4,坂井瑠星, 58 ,14,1,１, ,ダ1400,稍,,(栗),高橋義忠,1238,-0.5,,2,2,35.9,496,+4,
,2024.10.19,京都,5京5,2勝,宝ケ池特･2勝,4,4,マイシンフォニー,牝,5,武豊, 56 ,9,3,１, 外,芝1600,稍,,(栗),松永幹夫,1349,-0.0,,6,5,34.1,492,0,
,2024.10.19,京都,5京5,2勝,北國新Ｈ･2勝,2,2,タイトニット,牡,4,坂井瑠星, 58 ,12,1,１, ,ダ1900,稍,,(栗),今野貞一,1585,-0.1,7,4,4,38.2,562,+12,B
,2024.10.19,京都,5京5,1勝,１勝ｸﾗｽ,5,8,ナッカーフェイス,牡,5,高倉稜, 58 ,15,4,１, ,ダ1400,稍,*,(栗),北出成人,1248,-0.0,,7,7,36.8,462,+2,
,2024.10.19,京都,5京5,1勝,１勝ｸﾗｽ,5,5,パシアンジャン,牡,3,幸英明, 56 ,11,1,１, ,ダ1800,稍,,(栗),鈴木孝志,1538,-0.5,1,1,1,39.9,452,0,
,2024.10.19,京都,5京5,1勝,１勝ｸﾗｽ,1,1,グランアルティスタ,牡,3,武豊, 55 ,6,2,１, 外,芝2400,稍,,(栗),寺島良,2281,-0.3,3,2,2,35.1,520,+8,B
,2024.10.19,京都,5京5,新馬,新馬,5,7,アクルクス,牡,2,藤懸貴志, 56 ,14,7,１, 内,芝1400,稍,,(栗),池添学,1227,-0.3,,5,5,35.7,472,,
,2024.10.19,京都,5京5,新馬,新馬,3,5,ビーコ,牝,2,長岡禎仁, 55 ,16,14,１, ,ダ1800,稍,,(美),竹内正洋,1560,-0.0,1,1,1,39.7,470,,
,2024.10.19,京都,5京5,未勝利,未勝利*,8,10,タイセイリコルド,牡,2,坂井瑠星, 56 ,10,1,１, 外,芝1800,良,,(栗),小栗実,1489,-0.3,,3,2,34.7,470,+4,
,2024.10.19,京都,5京5,未勝利,未勝利・牝*,8,9,ブルーミングローズ,牝,2,北村友一, 55 ,10,4,１, 内,芝1600,良,,(栗),高野友和,1353,-0.1,,3,4,35.2,456,+6,
,2024.10.19,京都,5京5,未勝利,未勝利*,4,4,マジカルシャイン,牝,2,武豊, 55 ,12,2,１, ,ダ1400,良,,(栗),武英智,1256,-0.3,,2,2,37.6,492,-4,
,2024.10.13,京都,5京4,2勝,亀岡特別･2勝,1,1,ギーロカスタル,牡,4,松山弘平, 58 ,10,3,１, ,ダ1400,良,,(栗),鈴木孝志,1249,-0.3,,3,3,37.2,460,0,
,2024.10.13,京都,5京4,Ｇ１,秋華賞G1,3,5,チェルヴィニア,牝,3,ルメール, 55 ,15,1,１, 内,芝2000,良,,(美),木村哲也,1571,-0.3,8,8,7,34.2,490,+8,
,2024.10.13,京都,5京4,3勝,アカイＨ･3勝,8,13,ダンテバローズ,牡,4,岩田望来, 56 ,13,6,１, ,ダ1800,良,,(栗),上村洋行,1522,-0.1,2,2,3,36.6,516,+2,B
,2024.10.13,京都,5京4,1勝,１勝ｸﾗｽ,4,5,メイショウタイゲイ,牡,5,団野大成, 58 ,14,4,１, ,ダ1200,良,,(栗),荒川義之,1119,-0.1,,8,8,36.5,460,+6,
,2024.10.13,京都,5京4,ｵｰﾌﾟﾝ,もみじＳ,4,4,リリーフィールド,牝,2,岩田望来, 55 ,6,4,１, 外,芝1400,良,,(栗),小崎憲,1212,-0.6,,2,1,35.4,428,0,
,2024.10.13,京都,5京4,2勝,２勝ｸﾗｽ,3,3,オールナット,牡,3,北村友一, 56 ,8,2,１, 外,芝1800,良,,(栗),高野友和,1453,-0.3,,5,5,33.7,524,+10,
,2024.10.13,京都,5京4,1勝,１勝ｸﾗｽ,7,8,タイセイミニスター,牡,3,幸英明, 56 ,10,7,１, ,ダ1800,良,,(栗),大橋勇樹,1537,-0.0,6,5,3,38.1,488,+4,
,2024.10.13,京都,5京4,新馬,新馬,1,1,ロヴィーサ,牝,2,幸英明, 55 ,11,9,１, 外,芝1800,良,,(栗),大根田裕,1494,-0.2,,3,3,35.0,434,,
,2024.10.13,京都,5京4,新馬,新馬,8,15,コモンスナイプ,牡,2,鮫島克駿, 56 ,16,3,１, 内,芝1200,良,,(栗),藤岡健一,1096,-0.3,,2,2,34.7,440,,
,2024.10.13,京都,5京4,未勝利,未勝利*,1,1,センツブラッド,牡,2,ルメール, 56 ,9,1,１, 内,芝2000,良,,(栗),斉藤崇史,2003,-0.0,4,2,2,35.4,460,+2,
,2024.10.13,京都,5京4,未勝利,未勝利*,6,6,マテンロウブレイブ,牡,2,横山典弘, 56 ,10,3,１, ,ダ1800,良,,(栗),高橋亮,1535,-0.6,6,3,2,38.2,488,-4,
,2024.10.13,京都,5京4,未勝利,未勝利*,7,8,シャドウキャッスル,牡,2,松山弘平, 56 ,11,1,１, ,ダ1400,良,,(栗),藤原英昭,1255,-0.3,,2,2,38.0,456,-8,
,2024.10.12,京都,5京3,2勝,２勝ｸﾗｽ,6,12,オックスリップ,牝,4,坂井瑠星, 56 ,17,5,１, 内,芝1200,良,,(栗),杉山晴紀,1079,-0.1,,4,4,34.0,466,0,B
,2024.10.12,京都,5京3,ｵｰﾌﾟﾝ,大阪スポ,6,11,デリカダ,牝,5,三浦皇成, 55 ,16,5,１, ,ダ1800,良,,(栗),吉田直弘,1510,-0.0,7,7,7,36.8,494,-4,
,2024.10.12,京都,5京3,3勝,大原Ｓ･3勝,3,4,ケイアイセナ,牡,5,武豊, 58 ,14,1,１, 外,芝1800,良,,(栗),平田修,1440,-0.0,,1,1,34.6,480,+10,
,2024.10.12,京都,5京3,2勝,２勝ｸﾗｽ,5,7,モンブランミノル,牡,3,松山弘平, 56 ,13,2,１, ,ダ1800,良,,(栗),小栗実,1518,-0.6,2,2,2,36.1,492,-4,
,2024.10.12,京都,5京3,1勝,紫菊賞･1勝*,6,6,ビップデイジー,牝,2,幸英明, 55 ,6,3,１, 外,芝1800,良,,(栗),松下武士,1488,-0.2,,3,3,33.3,438,+12,
,2024.10.12,京都,5京3,1勝,１勝ｸﾗｽ,6,12,タガノミスト,牝,3,松山弘平, 54 ,16,1,１, ,ダ1400,良,*,(栗),庄野靖志,1239,-0.4,,2,2,37.1,472,0,
,2024.10.12,京都,5京3,1勝,１勝ｸﾗｽ・牝,8,12,ネバーモア,牝,3,藤岡佑介, 54 ,13,4,１, ,ダ1800,良,,(栗),宮本博,1527,-0.1,3,3,2,37.2,486,+8,
,2024.10.12,京都,5京3,新馬,新馬,7,11,ナグルファル,牡,2,川田将雅, 56 ,13,1,１, 内,芝2000,良,,(栗),杉山晴紀,2007,-0.1,2,2,2,34.2,502,,
,2024.10.12,京都,5京3,新馬,新馬,7,14,ドンインザムード,牡,2,松山弘平, 56 ,16,7,１, ,ダ1800,良,,(栗),今野貞一,1550,-0.2,3,4,4,39.2,504,,
,2024.10.12,京都,5京3,未勝利,未勝利*,4,8,ドラゴンブースト,牡,2,田口貫太,55☆,16,8,１, 内,芝1600,良,,(栗),藤野健太,1344,-0.1,,5,3,35.3,468,+10,
,2024.10.12,京都,5京3,未勝利,未勝利*,2,2,ヴェーヌドール,牡,2,坂井瑠星, 56 ,11,1,１, ,ダ1800,良,,(栗),武英智,1552,-0.2,1,1,1,39.1,530,0,
,2024.10.12,京都,5京3,未勝利,未勝利・牝*,7,13,トゥインクルアップ,牝,2,鮫島克駿, 55 ,15,6,１, ,ダ1200,良,,(栗),杉山佳明,1134,-0.1,,1,1,37.3,482,+14,
,"2024.10. 6",京都,5京2,2勝,２勝ｸﾗｽ,7,12,ドンレパルス,牡,5,古川吉洋, 58 ,15,7,１, ,ダ1200,良,,(美),高木登,1116,-0.3,,8,6,36.0,518,0,B
,"2024.10. 6",京都,5京2,Ｇ２,京都大賞G2,4,4,シュヴァリエローズ,牡,6,北村友一, 57 ,11,8,１, 外,芝2400,良,,(栗),清水久詞,2229,-0.0,6,5,5,34.2,468,+10,
,"2024.10. 6",京都,5京2,ｵｰﾌﾟﾝ,藤森Ｓ,8,16,クインズメリッサ,牝,6,藤懸貴志, 55 ,16,7,１, ,ダ1200,良,,(栗),宮本博,1113,-0.1,,10,10,35.4,494,+12,
,"2024.10. 6",京都,5京2,3勝,長岡京Ｓ･3勝,6,12,ワイドラトゥール,牝,3,北村友一, 54 ,16,4,１, 外,芝1400,良,,(栗),藤原英昭,1200,-0.1,,10,10,33.8,424,-12,
,"2024.10. 6",京都,5京2,2勝,２勝ｸﾗｽ・牝,8,11,キャプテンネキ,牝,3,松山弘平, 54 ,12,3,１, ,ダ1400,良,,(栗),杉山晴紀,1231,-0.6,,2,2,36.0,536,+8,
,"2024.10. 6",京都,5京2,1勝,１勝ｸﾗｽ,5,10,ブエナオンダ,牡,3,シュタル, 56 ,16,1,１, 外,芝1800,良,,(栗),須貝尚介,1460,-0.1,,7,6,34.0,456,+8,
,"2024.10. 6",京都,5京2,1勝,１勝ｸﾗｽ,5,5,ソーニーイシュー,牡,3,団野大成, 56 ,8,1,１, ,ダ1800,良,,(栗),千田輝彦,1524,-0.6,2,2,2,36.6,514,0,
,"2024.10. 6",京都,5京2,新馬,新馬,6,9,サトノブリジャール,牡,2,川田将雅, 56 ,13,1,１, 外,芝1800,良,,(栗),友道康夫,1468,-0.1,,8,8,34.8,454,,
,"2024.10. 6",京都,5京2,新馬,新馬・牝,1,2,インフローレ,牝,2,藤岡佑介, 55 ,17,1,１, 内,芝1400,良,,(栗),寺島良,1213,-0.2,,2,3,34.8,444,,
,"2024.10. 6",京都,5京2,新馬,新馬,7,14,ステイクオール,牡,2,松山弘平, 56 ,16,1,１, ,ダ1800,良,,(栗),上村洋行,1565,-0.9,8,2,2,37.3,498,,
,"2024.10. 6",京都,5京2,未勝利,未勝利*,3,3,ランフォーヴァウ,牝,2,川田将雅, 55 ,14,3,１, 内,芝1400,良,,(栗),福永祐一,1213,-0.3,,7,6,34.5,454,-2,
,"2024.10. 6",京都,5京2,未勝利,未勝利*,5,5,ダノンフィーゴ,牡,2,川田将雅, 56 ,11,1,１, ,ダ1400,良,,(栗),友道康夫,1255,-1.0,,4,4,37.5,464,+4,
,"2024.10. 5",京都,5京1,2勝,２勝ｸﾗｽ,4,6,マルチャレアル,牡,3,団野大成, 56 ,14,1,１, ,ダ1800,稍,,(栗),斉藤崇史,1531,-0.4,3,2,2,37.9,496,0,
,"2024.10. 5",京都,5京1,OP(L),オパーＨ(L),7,14,ビッグシーザー,牡,4,田口貫太, 58 ,18,6,１, 内,芝1200,良,,(栗),西園正都,1074,-0.1,,3,3,33.9,518,+2,
,"2024.10. 5",京都,5京1,3勝,大山崎Ｓ･3勝,4,7,スターターン,牡,3,幸英明, 57 ,16,1,１, ,ダ1200,稍,,(栗),坂口智康,1114,-0.3,,6,6,36.8,496,+20,
,"2024.10. 5",京都,5京1,1勝,りんどう･1勝,7,8,ヴーレヴー,牝,2,シュタル, 55 ,11,3,１, 外,芝1400,良,,(栗),武幸四郎,1218,-0.0,,7,6,33.8,462,-4,
,"2024.10. 5",京都,5京1,2勝,２勝ｸﾗｽ,2,2,ヴェローチェエラ,牡,3,川田将雅, 55 ,8,1,１, 外,芝2400,良,,(栗),須貝尚介,2250,-0.2,4,4,4,34.4,494,-6,
,"2024.10. 5",京都,5京1,1勝,１勝ｸﾗｽ,2,2,ジョータルマエ,セ,4,鮫島良太, 58 ,10,1,１, ,ダ1800,稍,,(栗),河嶋宏樹,1530,-0.1,1,1,1,38.6,494,+6,B
,"2024.10. 5",京都,5京1,1勝,１勝ｸﾗｽ,8,13,ジャーヴィス,牡,4,岩田望来, 58 ,14,2,１, ,ダ1400,稍,*,(栗),千田輝彦,1259,-0.0,,10,9,37.1,484,-2,
,"2024.10. 5",京都,5京1,新馬,新馬,8,14,テレサ,牝,2,岩田望来, 55 ,15,3,１, 内,芝1600,良,,(栗),吉岡辰弥,1344,-0.1,,1,1,34.8,428,,
,"2024.10. 5",京都,5京1,新馬,新馬,5,10,ドラゴンウェルズ,牡,2,北村友一, 56 ,16,2,１, ,ダ1400,稍,,(栗),藤原英昭,1247,-1.5,,2,1,37.2,456,,
,"2024.10. 5",京都,5京1,未勝利,未勝利*,4,4,ミュージアムマイル,牡,2,幸英明, 56 ,8,1,１, 外,芝1800,良,,(栗),高柳大輔,1468,-0.2,,3,3,34.2,496,-4,
,"2024.10. 5",京都,5京1,未勝利,未勝利*,6,6,シュラザック,牡,2,幸英明, 56 ,10,4,１, ,ダ1800,稍,,(栗),大根田裕,1555,-0.2,6,4,3,38.6,470,+2,
,"2024.10. 5",京都,5京1,未勝利,未勝利*,1,1,テーオーエルビス,牡,2,鮫島克駿, 56 ,12,1,１, ,ダ1200,稍,,(栗),高柳大輔,1116,-1.9,,1,1,36.8,494,+2,
,"2024. 6.23",京都,4京8,2勝,リボン賞･2勝,1,1,エスカル,牡,3,松若風馬, 55 ,16,3,１, ,ダ1200,不,,(栗),森秀行,1101,-0.2,,1,1,35.3,480,+6,
,"2024. 6.23",京都,4京8,Ｇ１,宝塚記念G1,8,12,ブローザホーン,牡,5,菅原明良, 58 ,13,3,１, 外,芝2200,重,,(栗),吉岡辰弥,2120,-0.3,11,10,7,34.0,428,+4,
,"2024. 6.23",京都,4京8,3勝,サイレン･3勝,6,11,ライツフォル,牡,4,松山弘平, 58 ,15,1,１, ,ダ1400,不,,(栗),高橋義忠,1233,-0.0,,2,2,35.2,492,0,
,"2024. 6.23",京都,4京8,2勝,瀬田特Ｈ･2勝,6,11,クランフォード,牝,3,西村淳也, 53 ,18,2,１, 外,芝1400,重,,(栗),杉山晴紀,1212,-0.6,,2,2,33.9,454,-2,
,"2024. 6.23",京都,4京8,1勝,木屋町特･1勝,8,8,バッデレイト,牡,3,岩田望来, 55 ,8,2,１, 内,芝2000,重,,(栗),上村洋行,2031,-0.2,2,2,2,34.0,458,-6,
,"2024. 6.23",京都,4京8,1勝,１勝ｸﾗｽ・牝,2,3,オーケーカルメン,牝,3,団野大成, 53 ,15,2,１, ,ダ1800,不,,(栗),奥村豊,1515,-0.0,10,11,10,37.2,416,-2,
,"2024. 6.23",京都,4京8,未勝利,未勝利,8,18,ジャスティンダイス,牡,3,ルメール, 57 ,18,1,１, 外,芝2200,重,,(栗),吉岡辰弥,2149,-0.4,3,3,2,35.8,504,-2,
,"2024. 6.23",京都,4京8,新馬,新馬,6,6,エリキング,牡,2,川田将雅, 55 ,10,1,１, 外,芝1800,重,,(栗),中内田充,1521,-0.2,,5,3,34.3,484,,
,"2024. 6.23",京都,4京8,未勝利,未勝利,4,7,プリズマジコ,牡,3,秋山稔樹,56☆,18,4,１, 内,芝1600,重,*,(栗),高橋義忠,1354,-0.3,,9,7,35.2,446,+2,
,"2024. 6.23",京都,4京8,未勝利,未勝利,1,1,タイセイアレス,牡,3,ルメール, 57 ,15,1,１, ,ダ1200,不,,(栗),西村真幸,1111,-0.3,,1,1,35.8,468,-2,
,"2024. 6.23",京都,4京8,未勝利,未勝利,7,13,バトンインディ,牡,3,幸英明, 57 ,16,9,１, ,ダ1800,不,,(栗),安達昭夫,1521,-0.0,3,3,1,36.9,458,+7,
,"2024. 6.23",京都,4京8,未勝利,未勝利,8,15,アルベリック,牡,3,松山弘平, 57 ,16,1,１, ,ダ1800,不,,(栗),中竹和也,1521,-0.0,5,4,2,36.8,476,+2,
,"2024. 6.23",京都,4京8,未勝利,未勝利・牝,7,14,フォルテローザ,牝,3,ルメール, 55 ,16,2,１, ,ダ1400,不,,(栗),斉藤崇史,1249,-0.4,,4,4,37.6,434,+8,
,"2024. 6.22",京都,4京7,1勝,１勝ｸﾗｽ,4,6,フォーチュンタイム,牡,3,川田将雅, 55 ,15,2,１, 外,芝1600,良,,(栗),吉岡辰弥,1329,-0.2,,4,4,34.0,492,-20,
,"2024. 6.22",京都,4京7,ｵｰﾌﾟﾝ,天保山Ｓ,5,9,サトノルフィアン,牡,5,坂井瑠星, 57 ,16,1,１, ,ダ1400,稍,,(栗),高橋康之,1233,-0.5,,2,2,36.4,518,-2,B
,"2024. 6.22",京都,4京7,3勝,ストーＨ･3勝,4,7,ジョウショーホープ,牡,4,西村淳也, 56 ,17,2,１, 外,芝1400,良,*,(栗),新谷功一,1204,-0.0,,5,6,33.6,478,+2,
,"2024. 6.22",京都,4京7,2勝,京極特別･2勝,8,12,ディープリボーン,牡,4,坂井瑠星, 58 ,12,3,１, ,ダ1900,稍,,(栗),四位洋文,1578,-0.8,2,2,2,36.3,460,-4,
,"2024. 6.22",京都,4京7,1勝,１勝ｸﾗｽ,7,14,クリノキングマン,牡,3,酒井学, 55 ,16,6,１, ,ダ1400,稍,,(栗),高橋康之,1234,-0.1,,1,1,36.5,492,+4,
,"2024. 6.22",京都,4京7,1勝,１勝ｸﾗｽ,4,8,タイトニット,牡,4,小沢大仁,57☆,16,9,１, ,ダ1800,稍,,(栗),今野貞一,1516,-0.2,7,6,5,37.1,542,0,B
,"2024. 6.22",京都,4京7,未勝利,未勝利・牝,7,14,ブリックワーク,牝,3,西塚洸二,53△,18,1,１, 外,芝1800,良,,(栗),辻野泰之,1461,-0.0,,3,2,34.6,432,-2,
,"2024. 6.22",京都,4京7,新馬,新馬,5,6,ラプラーニュ,牝,2,松山弘平, 55 ,12,2,１, 内,芝1400,良,,(栗),渡辺薫彦,1235,-0.0,,4,3,33.9,452,,
,"2024. 6.22",京都,4京7,未勝利,未勝利,4,7,ニホンピロマリンバ,牝,3,田口貫太,54☆,16,10,１, ,ダ1900,重,,(栗),安達昭夫,2016,-0.1,1,1,1,39.0,492,-6,
,"2024. 6.22",京都,4京7,未勝利,未勝利,8,16,ブーヤカ,セ,3,田口貫太,56☆,16,1,１, ,ダ1400,重,,(栗),藤岡健一,1254,-0.2,,7,8,37.9,446,-2,B
,"2024. 6.22",京都,4京7,未勝利,未勝利・牝,7,14,シンコーナホチャン,牝,3,国分優作, 55 ,16,11,１, ,ダ1800,重,,(栗),畑端省吾,1549,-0.6,15,15,12,37.1,466,,
,"2024. 6.22",京都,4京7,未勝利,未勝利*,4,4,ショウナンザナドゥ,牝,2,池添謙一, 55 ,7,1,１, 内,芝1600,良,,(栗),松下武士,1335,-0.8,,2,1,35.1,436,+2,
,"2024. 6.16",京都,4京6,2勝,２勝ｸﾗｽ,7,13,ジーサイクロン,牡,3,川田将雅, 55 ,16,2,１, ,ダ1800,良,,(栗),吉岡辰弥,1528,-0.3,6,5,4,36.4,480,+2,
,"2024. 6.16",京都,4京6,Ｇ３,マーメイＨG3,7,13,アリスヴェリテ,牝,4,永島まな, 50 ,16,4,１, 内,芝2000,良,,(栗),中竹和也,1572,-0.4,1,1,1,36.1,468,+2,
,"2024. 6.16",京都,4京6,3勝,天橋立Ｓ･3勝,5,10,ペプチドソレイユ,牡,4,富田暁, 58 ,16,2,１, ,ダ1800,良,,(栗),武英智,1531,-0.1,13,2,2,36.8,490,0,
,"2024. 6.16",京都,4京6,2勝,皆生特別･2勝,7,7,スマートワイス,牡,3,川田将雅, 55 ,9,1,１, 外,芝1600,良,,(栗),大久保龍,1330,-0.0,,3,5,33.9,476,-2,
,"2024. 6.16",京都,4京6,1勝,１勝ｸﾗｽ,4,6,リチャードバローズ,牡,3,岩田望来, 55 ,15,2,１, 外,芝1400,良,,(栗),上村洋行,1213,-0.1,,5,3,33.8,494,-8,
,"2024. 6.16",京都,4京6,1勝,１勝ｸﾗｽ,7,9,ノーブルライジング,牡,4,国分恭介, 58 ,11,2,１, 外,芝2400,良,,(栗),宮本博,2262,-0.0,7,7,7,33.9,506,-12,
,"2024. 6.16",京都,4京6,1勝,１勝ｸﾗｽ・牝,6,11,ブリーズオンチーク,牝,3,北村友一, 53 ,16,6,１, ,ダ1400,良,,(栗),高野友和,1248,-0.2,,12,10,36.5,462,+6,
,"2024. 6.16",京都,4京6,新馬,新馬,8,10,トータルクラリティ,牡,2,北村友一, 55 ,10,2,１, 内,芝1600,良,,(栗),池添学,1365,-0.1,,3,3,33.9,454,,
,"2024. 6.16",京都,4京6,未勝利,未勝利,4,8,ワンダーフェロー,牡,3,高倉稜, 57 ,16,2,１, 内,芝2000,稍,,(栗),杉山晴紀,2012,-0.2,2,3,3,34.3,478,+10,
,"2024. 6.16",京都,4京6,未勝利,未勝利,2,3,フェールブリエ,牡,3,坂井瑠星, 57 ,16,3,１, ,ダ1400,稍,,(栗),鮫島一歩,1265,-0.2,,6,6,38.5,416,0,
,"2024. 6.16",京都,4京6,未勝利,未勝利,8,16,メイショウソウタ,牡,3,西村淳也, 57 ,16,1,１, ,ダ1800,稍,,(栗),岡田稲男,1540,-0.3,2,3,2,37.6,526,-2,
,"2024. 6.16",京都,4京6,未勝利,未勝利・牝,8,15,ミルミナーヴァ,牝,3,坂井瑠星, 55 ,15,1,１, ,ダ1200,稍,,(栗),西園正都,1111,-1.9,,1,1,35.7,484,+8,
,"2024. 6.15",京都,4京5,1勝,１勝ｸﾗｽ,2,4,インユアパレス,牡,3,川田将雅, 55 ,16,1,１, ,ダ1200,良,,(栗),須貝尚介,1113,-0.3,,13,11,35.4,472,-12,
,"2024. 6.15",京都,4京5,OP(L),米子Ｓ(L),1,2,トゥードジボン,牡,5,松山弘平, 57 ,16,4,１, 外,芝1600,良,,(栗),四位洋文,1315,-0.3,,1,1,33.5,486,-2,
,"2024. 6.15",京都,4京5,3勝,保津峡Ｓ･3勝,7,13,ブラックブロッサム,牡,5,団野大成, 58 ,15,2,１, 外,芝2200,良,,(栗),斉藤崇史,2108,-0.1,2,2,1,34.1,528,-6,
,"2024. 6.15",京都,4京5,2勝,稲荷特別･2勝,7,10,マイネルメモリー,牡,4,和田竜二, 58 ,13,4,１, 内,芝2000,良,*,(栗),宮徹,1584,-0.1,10,11,12,33.5,466,0,
,"2024. 6.15",京都,4京5,1勝,１勝ｸﾗｽ,8,14,ミッキークレスト,牡,3,坂井瑠星, 55 ,14,1,１, ,ダ1800,良,,(栗),大久保龍,1529,-0.3,8,5,3,37.9,504,-8,
,"2024. 6.15",京都,4京5,1勝,１勝ｸﾗｽ・牝,3,3,オーロラエックス,牝,3,松山弘平, 53 ,8,2,１, 外,芝1800,良,,(栗),杉山晴紀,1444,-0.1,,2,2,33.6,484,+2,
,"2024. 6.15",京都,4京5,未勝利,未勝利,7,13,カズタンジャー,牡,3,川田将雅, 57 ,16,1,１, ,ダ1900,良,,(栗),新谷功一,2002,-0.5,5,2,1,38.5,488,+2,B
,"2024. 6.15",京都,4京5,新馬,新馬,7,8,ハッピーマン,牡,2,坂井瑠星, 55 ,10,2,１, ,ダ1200,良,,(栗),寺島良,1134,-0.5,,5,5,36.8,456,,
,"2024. 6.15",京都,4京5,未勝利,未勝利,1,1,ツーネサーン,牡,3,坂井瑠星, 57 ,18,1,１, 内,芝1400,良,,(栗),矢作芳人,1200,-0.1,,6,7,33.6,504,+2,
,"2024. 6.15",京都,4京5,未勝利,未勝利,8,16,ゼンカイパイロ,牡,3,吉村誠之,54▲,16,2,１, ,ダ1200,良,*,(栗),千田輝彦,1123,-1.3,,7,7,36.8,486,-2,
,"2024. 6.15",京都,4京5,未勝利,未勝利・牝,1,2,ウィンターガーデン,牝,3,坂井瑠星, 55 ,16,1,１, ,ダ1800,良,,(栗),武幸四郎,1548,-0.1,4,3,3,38.4,466,-4,B
,"2024. 6.15",京都,4京5,ｵｰﾌﾟﾝ,障害・オープ,8,13,タマモワカムシャ,セ,5,大江原圭, 60 ,13,8,１, ,ダ3170,良,,(栗),川村禎彦,3377,-0.8,7,3,2,13.7,490,0,
,"2024. 6. 9",京都,4京4,1勝,１勝ｸﾗｽ,6,9,バンドシェル,牡,3,松山弘平, 55 ,13,1,１, 内,芝1200,稍,,(栗),西村真幸,1087,-0.2,,10,9,33.9,470,-4,
,"2024. 6. 9",京都,4京4,ｵｰﾌﾟﾝ,三宮ＳＨ,1,1,オメガギネス,牡,4,松山弘平, 58 ,16,1,１, ,ダ1800,稍,,(美),大和田成,1508,-1.2,5,3,3,37.8,496,+2,
,"2024. 6. 9",京都,4京4,3勝,安芸ＳＨ･3勝,7,14,ボナンザ,牡,4,川田将雅, 57 ,16,1,１, ,ダ1200,稍,,(栗),庄野靖志,1113,-0.1,,9,9,36.6,502,+8,
,"2024. 6. 9",京都,4京4,2勝,常盤特別･2勝,4,4,インザモーメント,牡,3,川田将雅, 54 ,9,1,１, 外,芝2400,稍,,(栗),田中克典,2275,-0.4,3,3,2,34.2,476,0,
,"2024. 6. 9",京都,4京4,1勝,１勝ｸﾗｽ,4,4,マイネルティグレ,牡,3,和田竜二, 55 ,12,1,１, 外,芝1600,稍,,(栗),西園正都,1349,-0.0,,5,3,34.0,474,0,
,"2024. 6. 9",京都,4京4,1勝,１勝ｸﾗｽ,7,13,レアンダー,牡,3,国分優作, 55 ,16,14,１, ,ダ1800,稍,,(栗),大根田裕,1530,-0.2,1,1,1,38.0,460,0,
,"2024. 6. 9",京都,4京4,未勝利,未勝利,2,4,エボルヴィング,牡,3,川田将雅, 57 ,18,1,１, 外,芝1800,稍,,(栗),藤原英昭,1478,-0.0,,6,3,34.7,450,+2,
,"2024. 6. 9",京都,4京4,新馬,新馬,7,7,ポートデラメール,牝,2,団野大成, 55 ,7,1,１, 内,芝1200,稍,,(栗),斉藤崇史,1113,-0.0,,5,4,33.8,408,,
,"2024. 6. 9",京都,4京4,未勝利,未勝利・牝,3,6,フレミングフープ,牝,3,Ｍ．デム, 55 ,18,1,１, 内,芝1600,稍,,(栗),友道康夫,1336,-0.1,,11,9,34.0,478,-4,
,"2024. 6. 9",京都,4京4,未勝利,未勝利,8,16,レイドデザート,牡,3,幸英明, 57 ,16,2,１, ,ダ1800,稍,,(栗),大根田裕,1540,-0.4,5,6,6,38.2,536,-2,
,"2024. 6. 9",京都,4京4,未勝利,未勝利,1,1,サリュエ,牡,3,西塚洸二,55△,16,2,１, ,ダ1400,稍,,(栗),野中賢二,1257,-0.3,,4,3,37.8,480,-2,
,"2024. 6. 9",京都,4京4,未勝利,障害未勝利,2,2,スマイルスルー,牡,4,高田潤, 60 ,10,1,１, ,ダ2910,稍,,(栗),斉藤崇史,3167,-0.4,2,3,3,13.5,518,0,
,"2024. 6. 8",京都,4京3,1勝,１勝ｸﾗｽ,4,8,カズゴルティス,牡,3,和田竜二, 55 ,16,1,１, ,ダ1400,良,,(栗),杉山晴紀,1243,-0.5,,2,2,37.2,504,+2,
,"2024. 6. 8",京都,4京3,3勝,水無月Ｓ･3勝,7,7,ジュンブロッサム,牡,5,川田将雅, 58 ,10,1,１, 外,芝1600,良,,(栗),友道康夫,1315,-0.5,,5,5,33.1,476,-2,
,"2024. 6. 8",京都,4京3,2勝,長浜特別･2勝,4,4,テイエムリステット,牡,3,酒井学, 55 ,11,1,１, ,ダ1400,良,,(栗),木原一良,1243,-0.2,,1,1,36.8,468,-4,
,"2024. 6. 8",京都,4京3,1勝,一乗寺特･1勝,8,9,メルトユアハート,牝,3,川田将雅, 53 ,9,1,１, 内,芝2000,良,,(栗),長谷川浩,1595,-0.1,2,2,2,34.4,494,-4,
,"2024. 6. 8",京都,4京3,2勝,２勝ｸﾗｽ・牝,8,9,テンカジョウ,牝,3,国分優作, 53 ,10,1,１, ,ダ1800,良,,(栗),岡田稲男,1525,-0.4,7,7,7,37.6,486,+12,
,"2024. 6. 8",京都,4京3,1勝,１勝ｸﾗｽ,1,1,クリノフィガロ,牡,3,団野大成, 55 ,16,6,１, ,ダ1900,良,,(栗),荒川義之,1587,-0.0,6,5,5,37.7,490,-6,
,"2024. 6. 8",京都,4京3,未勝利,未勝利,7,14,シャイニングソード,牡,3,川田将雅, 57 ,18,1,１, 外,芝2400,良,,(栗),中内田充,2245,-0.2,3,4,2,34.1,514,+4,
,"2024. 6. 8",京都,4京3,新馬,新馬,6,7,サニーサルサ,牝,2,永島まな,53◇,12,7,１, 内,芝1600,良,,(栗),高橋康之,1341,-0.1,,1,1,36.6,468,,
,"2024. 6. 8",京都,4京3,未勝利,未勝利,6,11,ドランクマン,牡,3,坂井瑠星, 57 ,18,1,１, 内,芝1200,良,,(栗),新谷功一,1087,-0.1,,6,5,34.3,452,+2,
,"2024. 6. 8",京都,4京3,未勝利,未勝利,4,8,メイショウマドロス,牡,3,坂井瑠星, 57 ,16,1,１, ,ダ1800,良,,(栗),石橋守,1526,-1.9,2,2,2,37.6,482,0,
,"2024. 6. 8",京都,4京3,未勝利,未勝利,8,15,セールヴォラン,牡,3,幸英明, 57 ,16,6,１, ,ダ1200,良,,(栗),北出成人,1122,-0.4,,2,2,36.5,442,-2,
,"2024. 6. 8",京都,4京3,未勝利,未勝利・牝,5,9,タガノエクレール,牝,3,幸英明, 55 ,16,3,１, ,ダ1800,良,,(栗),西園正都,1545,-0.3,4,3,3,37.8,460,-2,
,"2024. 6. 2",京都,4京2,1勝,１勝ｸﾗｽ,8,15,メイショウコギク,牝,4,田口貫太,55☆,16,9,１, 外,芝1400,稍,*,(栗),石橋守,1227,-0.0,,12,12,34.4,442,-4,
,"2024. 6. 2",京都,4京2,ｵｰﾌﾟﾝ,松風月ＳＨ,5,10,ジレトール,牡,5,鮫島克駿,57.5,16,3,１, ,ダ1200,稍,,(栗),松永幹夫,1105,-0.0,,14,13,34.7,484,+2,
,"2024. 6. 2",京都,4京2,3勝,下鴨Ｓ･3勝,5,6,ベリーヴィーナス,牝,5,藤懸貴志, 56 ,13,8,１, 内,芝2000,良,,(栗),鈴木孝志,1594,-0.1,1,1,1,35.3,496,+2,
,"2024. 6. 2",京都,4京2,2勝,祇園特別･2勝,7,12,ロードフォアエース,牡,3,岩田望来, 55 ,14,1,１, 内,芝1200,良,,(栗),友道康夫,1076,-0.1,,3,3,34.0,526,-6,
,"2024. 6. 2",京都,4京2,1勝,１勝ｸﾗｽ,8,11,ポッドロゴ,牡,3,松山弘平, 55 ,11,2,１, ,ダ1800,稍,,(栗),西園正都,1518,-1.2,7,7,3,38.0,466,0,
,"2024. 6. 2",京都,4京2,1勝,１勝ｸﾗｽ,5,5,サロニコス,牝,3,鮫島克駿, 53 ,9,2,１, 外,芝1800,良,,(栗),松下武士,1478,-0.1,,3,4,33.8,446,+6,
,"2024. 6. 2",京都,4京2,未勝利,未勝利,6,11,ティンティンデオ,牡,3,鮫島克駿, 57 ,16,3,１, ,ダ1900,稍,,(栗),小崎憲,2011,-0.6,5,5,3,39.6,476,0,
,"2024. 6. 2",京都,4京2,新馬,新馬,7,10,キトンインザスカイ,牝,2,鮫島克駿, 55 ,13,4,１, 内,芝1400,良,,(栗),高野友和,1232,-0.2,,2,2,35.0,432,,
,"2024. 6. 2",京都,4京2,未勝利,未勝利,7,13,シルキーガール,牝,3,岩田望来, 55 ,18,1,１, 内,芝2000,良,,(栗),上村洋行,2003,-0.0,9,6,5,34.3,456,+2,
,"2024. 6. 2",京都,4京2,未勝利,未勝利,4,8,トウカイエルデ,牡,3,Ｍ．デム, 57 ,16,3,１, ,ダ1400,稍,,(栗),茶木太樹,1258,-0.3,,1,1,36.8,452,0,
,"2024. 6. 2",京都,4京2,未勝利,未勝利・牝,8,16,ウェイトゥゴー,牝,3,酒井学, 55 ,16,4,１, ,ダ1800,稍,,(栗),須貝尚介,1544,-0.2,8,4,2,39.4,464,+4,
,"2024. 6. 2",京都,4京2,ｵｰﾌﾟﾝ,障害・オープ,8,10,ネビーイーム,牡,6,小牧加矢, 61 ,10,2,１, ,ダ3170,良,,(栗),佐々木晶,3367,-0.1,5,3,4,13.7,536,+8,
,"2024. 6. 1",京都,4京1,2勝,２勝ｸﾗｽ,6,9,ベンダバリラビア,牡,4,今村聖奈,55▲,14,5,１, ,ダ1200,稍,,(栗),寺島良,1115,-0.0,,8,6,36.0,534,+4,B
,"2024. 6. 1",京都,4京1,Ｇ３,鳴尾記念G3,6,9,ヨーホーレイク,牡,6,岩田望来, 57 ,14,1,１, 内,芝2000,良,,(栗),友道康夫,1572,-0.0,5,5,5,33.9,518,0,
,"2024. 6. 1",京都,4京1,2勝,若狭湾特･2勝,7,8,メイショウシナノ,牡,4,田口貫太, 58 ,10,6,１, ,ダ1800,稍,,(栗),大橋勇樹,1535,-0.2,3,2,2,35.9,488,-4,
,"2024. 6. 1",京都,4京1,1勝,１勝ｸﾗｽ,7,14,エスカル,牡,3,松若風馬, 55 ,16,4,１, ,ダ1200,稍,,(栗),森秀行,1107,-0.4,,2,2,36.2,474,-10,
,"2024. 6. 1",京都,4京1,2勝,聖護院特･2勝,2,2,ドットクルー,牡,4,岩田望来, 58 ,7,3,１, 外,芝1800,良,,(栗),笹田和秀,1459,-0.1,,3,3,33.7,468,+6,
,"2024. 6. 1",京都,4京1,1勝,１勝ｸﾗｽ,1,1,オールセインツ,牡,3,岩田望来, 54 ,9,3,１, 外,芝2200,良,,(栗),友道康夫,2127,-0.1,7,7,7,33.1,490,-10,
,"2024. 6. 1",京都,4京1,1勝,１勝ｸﾗｽ・牝,5,7,サトノアイオライト,牝,3,角田大河,52☆,13,2,１, ,ダ1800,稍,,(栗),吉村圭司,1517,-0.6,1,1,1,37.9,466,+6,
,"2024. 6. 1",京都,4京1,新馬,新馬,1,1,ダノンフェアレディ,牝,2,川田将雅, 55 ,11,1,１, 内,芝1600,良,,(栗),橋口慎介,1338,-0.1,,1,1,33.8,438,,
,"2024. 6. 1",京都,4京1,未勝利,未勝利,6,11,スカイハイ,牡,3,川田将雅, 57 ,18,1,１, 内,芝1600,良,,(栗),清水久詞,1326,-0.1,,3,2,35.4,530,0,
,"2024. 6. 1",京都,4京1,未勝利,未勝利,6,12,イエデゴロゴロ,牝,3,和田竜二, 55 ,16,5,１, ,ダ1200,稍,*,(栗),畑端省吾,1123,-0.3,,10,8,36.5,434,-14,
,"2024. 6. 1",京都,4京1,未勝利,未勝利,3,6,ソーニーイシュー,牡,3,団野大成, 57 ,16,3,１, ,ダ1800,稍,,(栗),千田輝彦,1536,-0.2,2,2,2,37.5,506,-6,
,"2024. 6. 1",京都,4京1,未勝利,未勝利・牝,4,8,ランスオブセヘル,牝,3,モレイラ, 55 ,16,1,１, ,ダ1400,稍,,(栗),奥村豊,1252,-0.2,,1,1,38.0,486,+2,
,"2024. 5.26",京都,3京C,3勝,渡月橋Ｓ･3勝,3,6,サトノペルセウス,セ,6,菱田裕二, 58 ,16,8,１, 外,芝1400,良,,(栗),藤原英昭,1201,-0.1,,6,5,33.9,476,-2,
,"2024. 5.26",京都,3京C,OP(L),白百合Ｓ(L),8,8,ミナデオロ,牡,3,西塚洸二, 57 ,9,4,１, 外,芝1800,良,,(栗),藤原英昭,1465,-0.2,,1,1,33.7,486,-4,
,"2024. 5.26",京都,3京C,OP(L),安土城Ｈ(L),8,17,エイシンスポッター,牡,5,角田大河,57.5,18,6,１, 外,芝1400,良,,(栗),吉村圭司,1210,-0.0,,16,15,32.5,504,+4,
,"2024. 5.26",京都,3京C,2勝,與杼特別･2勝,1,1,ペプチドソレイユ,牡,4,富田暁, 58 ,11,2,１, ,ダ1900,良,,(栗),武英智,1596,-0.1,4,5,4,37.2,490,-2,
,"2024. 5.26",京都,3京C,2勝,２勝ｸﾗｽ,3,5,グッドウッドガイ,牡,5,中井裕二, 58 ,15,6,１, ,ダ1200,良,,(栗),村山明,1118,-0.2,,8,8,35.4,512,-6,
,"2024. 5.26",京都,3京C,1勝,１勝ｸﾗｽ,4,4,アウフヘーベン,牝,4,菱田裕二, 56 ,10,2,１, 外,芝1800,良,,(栗),高橋亮,1475,-0.0,,2,2,33.5,462,+4,
,"2024. 5.26",京都,3京C,1勝,１勝ｸﾗｽ*,6,7,メイショウヨシノ,牝,3,団野大成, 55 ,12,4,１, ,ダ1400,良,,(栗),荒川義之,1251,-0.0,,4,4,37.0,458,-4,
,"2024. 5.26",京都,3京C,未勝利,未勝利,3,3,ディーガレジェンド,牡,3,菱田裕二, 57 ,14,1,１, 内,芝2000,良,,(栗),藤原英昭,2008,-0.0,3,4,4,34.4,452,+4,
,"2024. 5.26",京都,3京C,未勝利,障害未勝利,8,9,エイカイステラ,牝,6,小牧加矢, 58 ,10,1,１, ,ダ2910,良,,(栗),藤原英昭,3185,-0.2,2,2,2,13.6,470,+8,
,"2024. 5.26",京都,3京C,未勝利,未勝利,2,3,ペルフェツィオーネ,牡,3,斎藤新, 57 ,17,6,１, 内,芝1600,良,,(栗),杉山佳明,1337,-0.0,,3,4,34.6,466,+4,
,"2024. 5.26",京都,3京C,未勝利,未勝利,7,13,ジュンラトゥール,牡,3,和田竜二, 57 ,16,1,１, ,ダ1900,良,,(栗),浜田多実,2006,-0.4,6,5,4,37.9,456,+2,
,"2024. 5.26",京都,3京C,未勝利,未勝利・牝,2,4,タマモナポリ,牝,3,高杉吏麒,52▲,16,6,１, ,ダ1800,良,,(栗),河嶋宏樹,1548,-0.2,1,1,1,38.9,450,+4,
,"2024. 5.25",京都,3京B,2勝,２勝ｸﾗｽ,7,13,アスクビギンアゲン,牡,5,岩田望来, 58 ,18,12,１, 外,芝1400,良,,(栗),梅田智之,1199,-0.1,,12,12,34.1,564,-2,
,"2024. 5.25",京都,3京B,Ｇ３,葵ＳG3,8,17,ピューロマジック,牝,3,横山和生, 55 ,18,8,１, 内,芝1200,良,,(栗),安田翔伍,1071,-0.2,,1,1,33.9,446,-4,
,"2024. 5.25",京都,3京B,3勝,桃山ＳＨ･3勝,2,4,ミスティックロア,牡,4,坂井瑠星, 56 ,16,1,１, ,ダ1900,良,,(栗),矢作芳人,1588,-0.1,11,11,5,37.0,530,+8,
,"2024. 5.25",京都,3京B,OP(L),鳳雛Ｓ(L),6,6,カシマエスパーダ,牡,3,田辺裕信, 57 ,11,1,１, ,ダ1800,良,,(美),鈴木慎太,1511,-0.7,2,2,2,37.4,504,+8,
,"2024. 5.25",京都,3京B,2勝,２勝ｸﾗｽ・牝,2,2,アリスヴェリテ,牝,4,柴田裕一,53▲,10,1,１, 内,芝2000,良,,(栗),中竹和也,1578,-0.0,1,1,1,37.2,466,+10,
,"2024. 5.25",京都,3京B,1勝,１勝ｸﾗｽ,8,11,シュピカ,牝,6,吉村誠之,53▲,11,6,１, ,ダ1800,良,,(栗),千田輝彦,1536,-0.0,8,11,11,37.4,498,+2,
,"2024. 5.25",京都,3京B,1勝,１勝ｸﾗｽ,5,9,マイド,牡,4,団野大成, 58 ,16,3,１, ,ダ1400,良,,(栗),野中賢二,1250,-0.1,,4,4,37.3,472,-19,
,"2024. 5.25",京都,3京B,未勝利,未勝利,5,9,アンジョルラス,牡,3,藤岡佑介, 57 ,17,4,１, 外,芝1800,良,,(栗),松下武士,1456,-0.5,,1,1,35.3,496,0,
,"2024. 5.25",京都,3京B,未勝利,未勝利,2,2,ミッキーストライク,牡,3,坂井瑠星, 57 ,12,1,１, 外,芝2200,良,,(栗),矢作芳人,2128,-0.3,7,6,4,34.4,524,+18,
,"2024. 5.25",京都,3京B,未勝利,未勝利,5,9,ベレニーチェ,牝,3,永島まな,53◇,16,4,１, ,ダ1400,良,,(栗),武英智,1255,-0.1,,1,1,38.3,444,0,B
,"2024. 5.25",京都,3京B,未勝利,未勝利,7,13,イザナギ,牡,3,西村淳也, 57 ,16,5,１, ,ダ1800,良,,(栗),坂口智康,1532,-0.8,8,7,6,37.7,524,,
,"2024. 5.25",京都,3京B,未勝利,未勝利,1,1,メイショウハッブル,牡,3,角田大河,56☆,16,2,１, ,ダ1200,良,,(栗),石橋守,1136,-0.0,,7,6,37.4,460,-10,
,"2024. 5.19",京都,3京A,1勝,１勝ｸﾗｽ,5,9,スターペスカオリ,牝,4,酒井学, 56 ,16,7,１, ,ダ1200,良,,(栗),石橋守,1126,-0.1,,9,9,36.5,454,+10,
,"2024. 5.19",京都,3京A,3勝,高瀬川Ｈ･3勝,5,9,エルゲルージ,牡,5,藤岡佑介, 57 ,16,2,１, ,ダ1400,良,,(栗),石坂公一,1238,-0.0,,10,10,36.3,516,0,
,"2024. 5.19",京都,3京A,3勝,パールＳ･3勝,5,6,エンパイアウエスト,牝,5,西村淳也, 56 ,12,2,１, 内,芝2000,良,,(美),黒岩陽一,2003,-0.0,2,2,2,34.5,508,0,
,"2024. 5.19",京都,3京A,2勝,愛宕特別･2勝,8,16,コンティノアール,牡,4,藤岡佑介, 58 ,16,1,１, ,ダ1800,良,,(栗),矢作芳人,1525,-0.3,4,5,4,37.1,540,0,
,"2024. 5.19",京都,3京A,1勝,１勝ｸﾗｽ,6,12,サクセスアイ,牝,4,池添謙一, 56 ,17,2,１, 外,芝1600,良,,(栗),北出成人,1332,-0.1,,5,5,34.7,438,-2,
,"2024. 5.19",京都,3京A,1勝,１勝ｸﾗｽ*,6,6,メイショウミリオレ,牝,3,高杉吏麒,52▲,11,2,１, 内,芝1200,良,,(栗),藤岡健一,1083,-0.1,,9,8,33.8,482,-2,
,"2024. 5.19",京都,3京A,1勝,１勝ｸﾗｽ*,4,5,デトネイション,牡,3,浜中俊, 57 ,14,6,１, ,ダ1800,良,,(栗),石橋守,1526,-0.4,12,10,7,36.6,516,+6,
,"2024. 5.19",京都,3京A,未勝利,未勝利,8,17,フラッシュフリーズ,牝,3,和田竜二, 55 ,18,10,１, 外,芝1800,良,,(栗),吉村圭司,1472,-0.4,,2,2,35.3,390,-2,
,"2024. 5.19",京都,3京A,未勝利,未勝利,4,6,ジャスティンライズ,牡,3,北村友一, 57 ,15,2,１, 外,芝2400,良,*,(栗),吉岡辰弥,2279,-0.0,7,6,5,34.9,514,-4,
,"2024. 5.19",京都,3京A,未勝利,未勝利,4,7,ルクスマーベリック,牡,3,横山典弘, 57 ,18,4,１, 内,芝1600,良,,(栗),松永幹夫,1333,-0.2,,8,5,35.0,448,0,
,"2024. 5.19",京都,3京A,未勝利,未勝利,8,14,アーマルコライト,牡,3,西塚洸二,55△,15,3,１, ,ダ1900,良,,(栗),寺島良,2009,-0.1,2,2,1,38.9,506,-4,B
,"2024. 5.19",京都,3京A,未勝利,未勝利,3,3,サンダーバース,牡,3,高杉吏麒,54▲,14,2,１, ,ダ1400,良,,(栗),高柳大輔,1256,-0.6,,1,1,37.8,470,-2,B
,"2024. 5.18",京都,3京9,2勝,オースト･2勝,1,2,パーティーベル,牡,5,坂井瑠星, 58 ,16,4,１, ,ダ1400,良,,(栗),松永幹夫,1244,-0.2,,12,10,35.9,458,0,
,"2024. 5.18",京都,3京9,Ｇ３,平安ＳG3,1,2,ミトノオー,牡,4,松山弘平, 57 ,16,5,１, ,ダ1900,良,,(美),牧光二,1574,-0.0,1,1,1,37.0,518,-2,
,"2024. 5.18",京都,3京9,2勝,シドニＨ･2勝,2,2,マイネルエニグマ,牡,6,和田竜二, 55 ,9,7,１, 外,芝1800,良,,(栗),吉田直弘,1446,-0.3,,4,4,33.7,462,0,
,"2024. 5.18",京都,3京9,1勝,メルボル･1勝,5,7,スマートワイス,牡,3,武豊, 57 ,14,2,１, 内,芝1600,良,,(栗),大久保龍,1329,-0.1,,3,2,33.6,478,+2,
,"2024. 5.18",京都,3京9,1勝,１勝ｸﾗｽ,3,3,タッチャブル,牡,4,団野大成, 58 ,10,1,１, ,ダ1900,良,,(栗),中村直也,2011,-0.3,6,7,7,37.2,512,-2,
,"2024. 5.18",京都,3京9,1勝,１勝ｸﾗｽ,3,3,リッチブラック,牡,5,西村淳也, 58 ,12,6,１, 外,芝2400,良,,(栗),西村真幸,2240,-0.0,2,2,2,35.4,470,0,
,"2024. 5.18",京都,3京9,1勝,１勝ｸﾗｽ*,2,2,アレ,牡,3,川田将雅, 57 ,15,3,１, ,ダ1400,良,,(栗),中内田充,1244,-0.0,,9,8,36.5,504,+4,
,"2024. 5.18",京都,3京9,未勝利,未勝利・牝,5,8,スターリングアップ,牝,3,池添謙一, 55 ,14,2,１, 内,芝2000,良,,(栗),松永幹夫,2004,-0.1,8,8,8,33.7,434,+2,
,"2024. 5.18",京都,3京9,未勝利,未勝利,7,15,ビダーヤ,牡,3,坂井瑠星, 57 ,18,3,１, 内,芝1400,良,,(栗),矢作芳人,1204,-0.2,,2,2,34.6,492,-2,
,"2024. 5.18",京都,3京9,未勝利,未勝利,1,2,マテンロウブラボー,牡,3,岩田望来, 57 ,16,6,１, ,ダ1800,良,,(栗),野中賢二,1545,-0.2,1,1,1,38.1,504,+10,
,"2024. 5.18",京都,3京9,未勝利,未勝利,5,9,アメリカンマーチ,牡,3,岩田望来, 57 ,16,3,１, ,ダ1200,良,,(栗),池江泰寿,1126,-0.7,,1,1,36.9,480,+2,
,"2024. 5.18",京都,3京9,未勝利,未勝利・牝,2,3,コーラルハート,牝,3,岩田望来, 55 ,16,2,１, ,ダ1800,良,,(栗),小林真也,1541,-0.8,2,2,2,38.5,500,+14,B
,"2024. 5.12",京都,3京8,2勝,２勝ｸﾗｽ,2,2,マーブルロック,牡,4,吉村誠之,55▲,14,7,１, ,ダ1800,良,,(栗),西園正都,1529,-0.4,1,1,1,37.5,506,+4,
,"2024. 5.12",京都,3京8,OP(L),栗東ＳＨ(L),2,4,サンライズアムール,牡,5,坂井瑠星, 57 ,16,4,１, ,ダ1400,良,,(栗),小林真也,1236,-0.1,,1,1,36.1,518,+2,
,"2024. 5.12",京都,3京8,3勝,錦ＳＨ･3勝,4,6,ボーデン,セ,6,団野大成, 55 ,14,12,１, 外,芝1600,良,,(美),上原佑紀,1318,-0.0,,13,11,33.3,490,-18,
,"2024. 5.12",京都,3京8,2勝,白川特別･2勝,4,4,メイショウゲキリン,牡,5,浜中俊, 58 ,7,1,１, 外,芝2400,良,,(栗),笹田和秀,2277,-0.2,2,2,1,33.5,520,0,
,"2024. 5.12",京都,3京8,1勝,１勝ｸﾗｽ・牝,2,2,ノットファウンド,牝,4,団野大成, 56 ,12,3,１, ,ダ1200,良,,(美),国枝栄,1124,-0.1,,10,9,35.9,498,-2,
,"2024. 5.12",京都,3京8,1勝,１勝ｸﾗｽ,4,5,ディアドコス,牡,4,和田竜二, 58 ,14,3,１, 内,芝1200,良,,(栗),羽月友彦,1074,-0.6,,2,2,33.0,490,-8,
,"2024. 5.12",京都,3京8,1勝,１勝ｸﾗｽ,7,7,ルソルティール,牝,4,吉村誠之,53▲,7,3,１, 内,芝2000,良,,(栗),清水久詞,2022,-0.0,1,1,1,33.5,434,-4,B
,"2024. 5.12",京都,3京8,1勝,１勝ｸﾗｽ*,5,9,クーアフュルスト,牡,3,吉村誠之,54▲,16,3,１, ,ダ1800,良,,(美),大和田成,1523,-0.9,2,2,1,36.9,462,-6,
,"2024. 5.12",京都,3京8,未勝利,未勝利,7,11,タガノヘラクレス,牡,3,高杉吏麒,54▲,14,3,１, 外,芝1800,良,,(栗),千田輝彦,1468,-0.4,,10,10,34.2,500,0,
,"2024. 5.12",京都,3京8,未勝利,未勝利,5,9,リチャードバローズ,牡,3,団野大成, 57 ,18,1,１, 内,芝1200,良,,(栗),上村洋行,1082,-0.3,,7,5,33.9,502,-2,
,"2024. 5.12",京都,3京8,未勝利,未勝利,6,10,エスオーライジング,牡,3,小沢大仁,56☆,15,7,１, ,ダ1800,良,,(栗),木原一良,1547,-0.3,5,5,4,39.0,466,+2,
,"2024. 5.12",京都,3京8,未勝利,未勝利・牝,6,12,ノビル,牝,3,和田竜二, 55 ,16,2,１, ,ダ1200,良,,(栗),鈴木孝志,1132,-0.5,,2,2,37.1,432,0,
,"2024. 5.11",京都,3京7,2勝,２勝ｸﾗｽ,6,8,ナスノカンゲツ,牡,4,坂井瑠星, 58 ,13,2,１, ,ダ1200,良,,(美),武井亮,1122,-0.1,,4,4,35.8,520,-2,
,"2024. 5.11",京都,3京7,OP(L),都大路Ｓ(L),6,6,セオ,牡,4,岩田望来, 57 ,11,4,１, 外,芝1800,良,,(栗),上村洋行,1448,-0.2,,2,2,33.5,484,-4,
,"2024. 5.11",京都,3京7,3勝,上賀茂Ｓ･3勝,3,5,レガーメペスカ,牡,7,田口貫太, 58 ,16,14,１, ,ダ1800,良,,(栗),藤野健太,1516,-0.7,1,1,1,37.8,504,+14,B
,"2024. 5.11",京都,3京7,1勝,あずさ賞･1勝,5,5,サブマリーナ,牡,3,武豊, 57 ,11,1,１, 内,芝2000,良,,(栗),庄野靖志,1580,-0.1,7,6,6,33.0,468,+8,
,"2024. 5.11",京都,3京7,ＪＧ２,京都ハイJG2,6,6,サンデイビス,牡,6,上野翔, 60 ,10,6,１, ,芝3930,良,,(美),村田一誠,4310,-0.9,3,2,2,13.8,500,+6,
,"2024. 5.11",京都,3京7,2勝,２勝ｸﾗｽ,3,3,キタノエクスプレス,牡,6,国分優作, 58 ,14,1,１, 内,芝1200,良,,(栗),坂口智康,1077,-0.2,,8,6,33.3,522,+10,
,"2024. 5.11",京都,3京7,1勝,１勝ｸﾗｽ,4,6,サンライズパスカル,牡,4,菱田裕二, 58 ,15,2,１, ,ダ1800,良,,(栗),石坂公一,1540,-0.0,1,1,1,37.6,544,+6,
,"2024. 5.11",京都,3京7,未勝利,未勝利,1,1,ダイヤモンドレイン,牝,3,池添謙一, 55 ,10,5,１, 内,芝2000,良,,(栗),池添学,2006,-0.2,1,1,1,34.2,494,+8,
,"2024. 5.11",京都,3京7,未勝利,未勝利・牝,8,17,コト,牝,3,岩田望来, 55 ,18,3,１, 内,芝1600,良,,(栗),野中賢二,1339,-0.1,,8,8,34.1,460,+2,
,"2024. 5.11",京都,3京7,未勝利,未勝利,6,8,ニホンピロゴルディ,牡,3,幸英明, 57 ,13,5,１, ,ダ1900,良,,(栗),安達昭夫,2022,-0.3,11,9,5,39.2,460,+4,
,"2024. 5.11",京都,3京7,未勝利,未勝利,2,4,ダディーズアイル,牡,3,岩田望来, 57 ,16,1,１, ,ダ1400,良,,(栗),千田輝彦,1263,-0.1,,2,1,38.7,466,-2,
,"2024. 5.11",京都,3京7,未勝利,未勝利・牝,8,13,ルージュシュエット,牝,3,坂井瑠星, 55 ,13,1,１, ,ダ1800,良,,(栗),矢作芳人,1546,-0.9,1,1,1,39.7,446,+2,
,"2024. 5. 5",京都,3京6,1勝,１勝ｸﾗｽ,8,15,バイファーザベスト,牡,5,吉村誠之,55▲,16,9,１, ,ダ1400,良,,(栗),清水久詞,1258,-0.2,,2,1,37.5,524,+2,
,"2024. 5. 5",京都,3京6,ｵｰﾌﾟﾝ,鞍馬Ｓ,8,13,ジャスティンスカイ,牡,5,池添謙一, 58 ,13,4,１, 内,芝1200,良,,(栗),友道康夫,1069,-0.1,,4,4,32.9,536,-4,
,"2024. 5. 5",京都,3京6,OP(L),橘Ｓ(L),7,9,ガロンヌ,牡,3,池添謙一, 57 ,11,3,１, 外,芝1400,良,,(栗),上村洋行,1203,-0.2,,6,6,33.4,468,-4,
,"2024. 5. 5",京都,3京6,3勝,烏丸ＳＨ･3勝,2,2,ジューンアヲニヨシ,牡,4,池添謙一, 56 ,11,3,１, 外,芝2400,良,,(栗),松下武士,2226,-0.1,4,5,5,34.3,484,+2,
,"2024. 5. 5",京都,3京6,2勝,２勝ｸﾗｽ,6,10,ペイシャモノノフ,牡,4,酒井学, 58 ,15,11,１, ,ダ1900,良,,(栗),畑端省吾,1598,-0.3,2,1,1,37.4,478,+4,B
,"2024. 5. 5",京都,3京6,1勝,１勝ｸﾗｽ,6,6,モズアンタレス,牝,4,和田竜二, 56 ,9,3,１, 外,芝1600,良,,(栗),飯田祐史,1340,-0.0,,6,5,34.2,496,+6,
,"2024. 5. 5",京都,3京6,1勝,１勝ｸﾗｽ・牝*,2,3,アンデスビエント,牝,3,田口貫太,54☆,16,1,１, ,ダ1800,良,,(栗),西園正都,1529,-0.6,1,1,1,37.4,466,-2,
,"2024. 5. 5",京都,3京6,未勝利,未勝利,3,5,ミナデオロ,牡,3,西塚洸二,55△,16,2,１, 外,芝1800,良,,(栗),藤原英昭,1462,-0.2,,3,3,35.6,490,-6,
,"2024. 5. 5",京都,3京6,未勝利,未勝利,4,7,ジャズ,牡,3,浜中俊, 57 ,15,1,１, 内,芝1600,良,,(栗),辻野泰之,1326,-0.5,,6,5,35.1,476,+2,
,"2024. 5. 5",京都,3京6,未勝利,未勝利,7,10,ツリーフロッグ,牡,3,高田潤, 57 ,12,3,１, ,ダ1800,良,,(栗),辻野泰之,1548,-0.1,4,5,4,38.1,496,-6,
,"2024. 5. 5",京都,3京6,未勝利,未勝利,1,2,ズバットマサムネ,牡,3,浜中俊, 57 ,16,4,１, ,ダ1400,良,,(栗),杉山佳明,1251,-0.2,,1,1,38.7,490,-2,
,"2024. 5. 5",京都,3京6,未勝利,未勝利・牝,6,6,ゴーダンシング,牝,3,田口貫太,54☆,10,8,１, ,ダ1800,良,,(栗),武英智,1547,-0.1,2,2,2,38.5,458,+4,
,"2024. 5. 4",京都,3京5,2勝,２勝ｸﾗｽ,5,5,アイルシャイン,牡,4,横山典弘, 58 ,10,4,１, 外,芝1600,良,,(栗),新谷功一,1327,-0.4,,7,7,34.3,470,-16,
,"2024. 5. 4",京都,3京5,Ｇ２,京都新聞G2,1,1,ジューンテイク,牡,3,藤岡佑介, 57 ,15,8,１, 外,芝2200,良,,(栗),武英智,2112,-0.2,4,4,5,33.6,486,0,
,"2024. 5. 4",京都,3京5,ｵｰﾌﾟﾝ,平城京Ｓ,4,8,ロコポルティ,牡,6,丸山元気, 57 ,16,8,１, ,ダ1800,良,,(栗),西園正都,1508,-0.6,9,8,7,37.0,520,0,
,"2024. 5. 4",京都,3京5,2勝,鴨川特別･2勝,1,1,メイショウウネビ,牡,5,武豊, 58 ,8,3,１, 内,芝2000,良,,(栗),本田優,1577,-0.0,2,2,2,34.4,486,+2,
,"2024. 5. 4",京都,3京5,1勝,１勝ｸﾗｽ,3,3,アドマイヤソラ,牡,4,川田将雅, 58 ,10,2,１, ,ダ1800,良,,(栗),友道康夫,1538,-0.1,4,5,5,37.4,520,-4,
,"2024. 5. 4",京都,3京5,1勝,１勝ｸﾗｽ*,6,6,ワールズエンド,牡,3,川田将雅, 57 ,8,1,１, 内,芝1600,良,,(栗),池添学,1323,-0.1,,3,3,34.1,458,-4,
,"2024. 5. 4",京都,3京5,1勝,１勝ｸﾗｽ*,8,13,プロミシングスター,牡,3,川田将雅, 57 ,14,1,１, ,ダ1200,良,,(栗),高橋義忠,1127,-0.0,,8,7,37.0,438,-6,
,"2024. 5. 4",京都,3京5,未勝利,未勝利,2,3,バッデレイト,牡,3,岩田望来, 57 ,16,5,１, 外,芝2200,良,,(栗),上村洋行,2130,-0.2,3,4,3,34.1,464,,
,"2024. 5. 4",京都,3京5,未勝利,未勝利,6,7,ウインラウダ,牡,3,Ｍ．デム, 57 ,12,4,１, ,ダ1800,良,,(栗),梅田智之,1538,-0.0,11,3,1,38.6,490,+6,B
,"2024. 5. 4",京都,3京5,未勝利,未勝利,7,13,ゴールデンチップス,牝,3,田口貫太,54☆,16,4,１, ,ダ1200,良,,(栗),須貝尚介,1129,-0.2,,3,3,37.3,494,-6,
,"2024. 5. 4",京都,3京5,未勝利,未勝利,8,10,シェアホルダーズ,牡,3,川田将雅, 57 ,10,2,１, ,ダ1900,良,,(栗),松永幹夫,2017,-0.2,3,2,1,38.6,476,-2,
,"2024. 5. 4",京都,3京5,未勝利,未勝利・牝,1,2,トウカイポワール,牝,3,松山弘平, 55 ,16,3,１, ,ダ1400,良,,(栗),北出成人,1263,-0.3,,9,8,37.7,446,+2,
,"2024. 4.28",京都,3京4,3勝,東大路Ｓ･3勝,8,15,ステラフィオーレ,牝,5,戸崎圭太, 56 ,16,1,１, ,ダ1200,良,,(栗),小栗実,1113,-0.2,,3,2,35.9,480,-4,
,"2024. 4.28",京都,3京4,Ｇ１,天皇賞春G1,7,14,テーオーロイヤル,牡,6,菱田裕二, 58 ,18,1,１, 外,芝3200,良,,(栗),岡田稲男,3142,-0.3,4,5,2,35.0,460,+2,
,"2024. 4.28",京都,3京4,3勝,ライスシ･3勝,8,16,グランテスト,牝,4,戸崎圭太, 56 ,18,1,１, 内,芝1200,良,,(栗),今野貞一,1078,-0.1,,4,3,33.3,468,+10,
,"2024. 4.28",京都,3京4,2勝,六波羅Ｈ･2勝,1,1,メイショウカゲカツ,牡,5,三浦皇成, 57 ,11,6,１, ,ダ1800,良,,(栗),西園正都,1530,-0.0,1,1,1,36.8,510,+2,
,"2024. 4.28",京都,3京4,2勝,糺の森特･2勝,3,3,ロマンシングブルー,牝,5,団野大成, 56 ,12,6,１, 外,芝1800,良,*,(栗),渡辺薫彦,1457,-0.1,,7,7,33.9,482,+6,
,"2024. 4.28",京都,3京4,1勝,１勝ｸﾗｽ,8,9,ジーニアスバローズ,牡,4,岩田望来, 58 ,10,1,１, ,ダ1900,良,,(栗),辻野泰之,2000,-0.1,5,2,4,36.5,462,+4,
,"2024. 4.28",京都,3京4,1勝,１勝ｸﾗｽ*,7,8,クランフォード,牝,3,モレイラ, 55 ,11,1,１, 外,芝1400,良,,(栗),杉山晴紀,1202,-0.7,,1,1,33.9,456,+4,
,"2024. 4.28",京都,3京4,1勝,１勝ｸﾗｽ*,7,9,テイエムリステット,牡,3,酒井学, 57 ,12,2,１, ,ダ1400,良,,(栗),木原一良,1235,-0.7,,2,2,37.4,472,0,
,"2024. 4.28",京都,3京4,未勝利,未勝利,3,3,ランスオブクイーン,牝,3,モレイラ, 55 ,10,1,１, 内,芝2000,良,,(栗),奥村豊,2010,-0.4,4,5,3,33.9,440,+6,
,"2024. 4.28",京都,3京4,未勝利,未勝利,3,6,ドゥーカスコーリ,牝,3,和田竜二, 55 ,18,9,１, 内,芝1400,良,,(栗),石坂公一,1216,-0.2,,1,1,35.3,444,0,
,"2024. 4.28",京都,3京4,未勝利,未勝利・牝,8,11,マベルシュシュット,牝,3,松若風馬, 55 ,12,5,１, ,ダ1800,良,,(栗),今野貞一,1548,-0.7,2,2,2,38.8,452,-2,
,"2024. 4.28",京都,3京4,未勝利,未勝利,7,13,アストラカ,牡,3,団野大成, 57 ,16,1,１, ,ダ1400,良,,(栗),田中克典,1263,-0.1,,3,2,38.6,488,+4,B
,"2024. 4.27",京都,3京3,2勝,２勝ｸﾗｽ,1,2,バトゥーキ,牡,4,水口優也, 58 ,16,3,１, ,ダ1400,良,,(栗),浜田多実,1246,-0.0,,13,13,36.3,484,+6,
,"2024. 4.27",京都,3京3,Ｇ３,ユニコーG3,3,5,ラムジェット,牡,3,三浦皇成, 57 ,16,3,１, ,ダ1900,良,,(栗),佐々木晶,1586,-0.4,12,7,4,37.6,500,0,
,"2024. 4.27",京都,3京3,2勝,御池特別･2勝,4,5,プリモカリーナ,牝,5,岩田望来, 56 ,13,5,１, 外,芝1400,良,,(栗),福永祐一,1213,-0.1,,3,3,34.5,446,+4,
,"2024. 4.27",京都,3京3,1勝,矢車賞･1勝*,4,4,チルカーノ,牝,3,西村淳也, 55 ,12,1,１, 外,芝2200,良,,(栗),高野友和,2128,-0.3,8,8,6,34.9,446,-4,
,"2024. 4.27",京都,3京3,1勝,１勝ｸﾗｽ,4,5,サンガネーブ,牡,4,坂井瑠星, 58 ,14,1,１, ,ダ1200,良,,(栗),田中克典,1124,-0.3,,11,11,35.8,500,0,
,"2024. 4.27",京都,3京3,1勝,１勝ｸﾗｽ・牝,5,5,サルサディーバ,牝,5,川須栄彦, 56 ,8,1,１, ,ダ1800,良,,(栗),緒方努,1551,-0.0,3,3,3,37.5,480,+4,
,"2024. 4.27",京都,3京3,1勝,１勝ｸﾗｽ,8,9,ローレルキャニオン,牡,4,横山和生, 58 ,10,4,１, 外,芝2200,良,,(栗),須貝尚介,2133,-0.2,8,6,4,35.0,564,0,B
,"2024. 4.27",京都,3京3,未勝利,未勝利・牝,2,4,ハミング,牝,3,西村淳也, 55 ,17,4,１, 外,芝1800,良,,(栗),中内田充,1468,-0.4,,3,2,36.1,424,+8,
,"2024. 4.27",京都,3京3,未勝利,未勝利,8,16,ニックオブタイム,牡,3,川田将雅, 57 ,17,2,１, 内,芝1600,良,,(栗),中内田充,1330,-0.5,,1,1,35.2,482,+10,
,"2024. 4.27",京都,3京3,未勝利,未勝利,8,10,ジーベック,牡,3,坂井瑠星, 57 ,11,1,１, ,ダ1900,良,,(栗),矢作芳人,2025,-0.1,4,3,1,39.2,460,0,
,"2024. 4.27",京都,3京3,未勝利,未勝利,1,1,メイショウヨシノ,牝,3,団野大成, 55 ,16,4,１, ,ダ1200,良,,(栗),荒川義之,1138,-0.1,,3,4,38.0,462,-4,
,"2024. 4.27",京都,3京3,未勝利,未勝利,3,4,グーヴェルナイユ,牡,3,戸崎圭太, 57 ,15,4,１, ,ダ1800,良,,(栗),武幸四郎,1553,-0.0,2,2,2,40.1,460,0,
,"2024. 4.21",京都,3京2,2勝,２勝ｸﾗｽ,6,12,カミーロ,牡,4,角田大河,57☆,16,6,１, ,ダ1200,稍,,(栗),石橋守,1120,-0.2,,5,5,36.7,478,0,
,"2024. 4.21",京都,3京2,Ｇ２,マイラーG2,7,14,ソウルラッシュ,牡,6,団野大成, 57 ,17,1,１, 外,芝1600,稍,,(栗),池江泰寿,1325,-0.3,,8,6,34.6,512,+5,
,"2024. 4.21",京都,3京2,3勝,センテＨ･3勝,6,6,アスコルティアーモ,牝,4,川田将雅, 54 ,9,1,１, 外,芝1800,稍,,(美),林徹,1469,-0.1,,2,2,34.0,446,-8,
,"2024. 4.21",京都,3京2,2勝,比良山特･2勝,5,5,コパノサントス,牡,4,川田将雅, 58 ,9,1,１, 外,芝2200,良,,(栗),梅田智之,2141,-0.1,3,4,3,34.9,474,0,
,"2024. 4.21",京都,3京2,1勝,１勝ｸﾗｽ,4,4,レタラ,牝,5,田口貫太,55☆,9,3,１, ,ダ1800,良,,(栗),吉村圭司,1553,-0.2,1,1,1,37.6,464,+2,
,"2024. 4.21",京都,3京2,1勝,１勝ｸﾗｽ,4,5,エマヌエーレ,牡,4,和田竜二, 58 ,13,6,１, 外,芝1400,良,,(栗),平田修,1215,-0.0,,4,4,34.9,506,-2,
,"2024. 4.21",京都,3京2,1勝,１勝ｸﾗｽ*,2,2,アスクアイルビゼア,牡,3,坂井瑠星, 57 ,12,5,１, ,ダ1400,良,,(栗),矢作芳人,1246,-0.3,,1,1,37.4,472,0,
,"2024. 4.21",京都,3京2,未勝利,未勝利,8,14,タマモランプ,牡,3,池添謙一, 57 ,15,1,１, 内,芝2000,良,,(栗),池添学,2023,-0.3,3,3,3,34.4,454,-4,
,"2024. 4.21",京都,3京2,未勝利,未勝利・牝,1,1,ブラックサンライズ,牝,3,松若風馬, 55 ,18,3,１, 内,芝1600,良,,(栗),音無秀孝,1334,-0.0,,1,1,35.7,470,-8,
,"2024. 4.21",京都,3京2,未勝利,未勝利,5,10,デルマアートマン,セ,3,荻野琢真, 57 ,16,6,１, ,ダ1900,良,,(栗),友道康夫,2017,-0.9,1,1,1,39.1,478,-8,
,"2024. 4.21",京都,3京2,未勝利,未勝利,1,1,フレイミングパイ,牝,3,柴田裕一,52▲,16,5,１, ,ダ1200,良,,(栗),中竹和也,1129,-0.6,,2,1,37.7,436,0,
,"2024. 4.21",京都,3京2,未勝利,未勝利・牝,7,11,フェロニエール,牝,3,Ｍ．デム, 55 ,14,1,１, ,ダ1800,良,,(栗),高野友和,1565,-0.1,8,5,3,40.2,522,-4,B
,"2024. 4.20",京都,3京1,2勝,２勝ｸﾗｽ,2,2,サンクフィーユ,牝,5,西村淳也, 56 ,10,2,１, 外,芝1600,良,,(栗),中内田充,1321,-0.5,,3,3,34.5,466,+2,B
,"2024. 4.20",京都,3京1,ｵｰﾌﾟﾝ,天王山Ｓ,3,3,ジレトール,牡,5,武豊, 57 ,13,5,１, ,ダ1200,良,,(栗),松永幹夫,1110,-0.3,,6,6,35.2,482,-6,
,"2024. 4.20",京都,3京1,3勝,観月橋Ｓ･3勝,3,3,エクセスリターン,牡,5,団野大成, 58 ,12,3,１, ,ダ1900,良,,(栗),野中賢二,1592,-0.2,12,9,4,37.2,528,+2,
,"2024. 4.20",京都,3京1,1勝,あやめ賞･1勝,4,4,ナムラフッカー,牡,3,武豊, 57 ,7,2,１, 外,芝1800,良,,(栗),村山明,1467,-0.1,,6,4,32.9,464,-4,
,"2024. 4.20",京都,3京1,2勝,２勝ｸﾗｽ・牝,1,1,ピースオブザライフ,牝,4,団野大成, 56 ,11,3,１, ,ダ1800,良,,(栗),野中賢二,1543,-0.2,7,7,7,36.8,488,0,
,"2024. 4.20",京都,3京1,1勝,１勝ｸﾗｽ,1,1,ペプチドハドソン,牡,4,西村淳也, 58 ,14,1,１, ,ダ1400,良,,(栗),小椋研介,1249,-0.5,,1,1,38.5,486,+4,
,"2024. 4.20",京都,3京1,1勝,１勝ｸﾗｽ,3,3,ナヴォーナ,牡,4,藤岡佑介, 58 ,13,3,１, 外,芝1800,良,,(栗),矢作芳人,1454,-0.1,,2,2,34.1,490,+12,
,"2024. 4.20",京都,3京1,1勝,１勝ｸﾗｽ*,4,4,ジーサイクロン,牡,3,川田将雅, 57 ,10,2,１, ,ダ1800,良,,(栗),吉岡辰弥,1536,-0.0,7,8,7,36.6,478,-2,
,"2024. 4.20",京都,3京1,未勝利,未勝利,1,1,メイクユーマイン,牡,3,藤岡佑介, 57 ,11,1,１, 外,芝2400,良,,(栗),田中克典,2264,-0.3,2,2,2,34.3,502,0,
,"2024. 4.20",京都,3京1,未勝利,未勝利,1,1,グローブアマランス,牝,3,武豊, 55 ,18,3,１, 内,芝1400,良,,(栗),中尾秀正,1206,-0.0,,11,10,34.2,456,+8,
,"2024. 4.20",京都,3京1,未勝利,未勝利,7,14,タマモキャリコ,セ,3,松山弘平, 57 ,16,2,１, ,ダ1800,良,,(栗),川村禎彦,1545,-0.3,1,1,1,37.9,418,-10,
,"2024. 4.20",京都,3京1,未勝利,未勝利・牝,6,12,ランランガール,牝,3,今村聖奈,52▲,16,1,１, ,ダ1400,良,,(栗),寺島良,1262,-0.3,,1,1,38.5,420,-2,
,"2024. 2.18",京都,2京8,2勝,２勝ｸﾗｽ,8,8,セーヌドゥレーヴ,牝,4,坂井瑠星, 56 ,9,1,１, 外,芝1600,良,*,(栗),吉岡辰弥,1339,-0.0,,6,6,33.3,466,+2,
,"2024. 2.18",京都,2京8,ｵｰﾌﾟﾝ,大和Ｓ,4,4,スズカコテキタイ,牡,5,団野大成, 58 ,13,8,１, ,ダ1200,良,,(美),奥村武,1107,-0.1,,10,10,35.3,496,-4,B
,"2024. 2.18",京都,2京8,3勝,斑鳩Ｓ･3勝,4,4,ディオ,牡,5,Ｍ．デム, 58 ,12,1,１, 外,芝1600,良,,(栗),辻野泰之,1330,-0.2,,3,3,34.1,500,-6,
,"2024. 2.18",京都,2京8,2勝,天ケ瀬特･2勝,1,1,ヴァンドゥラン,牡,4,津村明秀, 57 ,13,8,１, ,ダ1800,良,,(栗),高柳大輔,1527,-0.2,6,7,7,36.9,494,+4,B
,"2024. 2.18",京都,2京8,1勝,１勝ｸﾗｽ・牝,4,7,アロットドリーム,牝,4,柴田善臣, 56 ,16,1,１, ,ダ1200,良,,(栗),本田優,1122,-0.0,,2,2,36.8,446,+2,
,"2024. 2.18",京都,2京8,1勝,１勝ｸﾗｽ,7,7,マイネルカンパーナ,牡,4,和田竜二, 57 ,8,3,１, 外,芝2400,良,,(美),青木孝文,2274,-0.2,2,2,1,34.3,412,-2,
,"2024. 2.18",京都,2京8,1勝,１勝ｸﾗｽ*,7,8,ハーバーライト,牡,3,和田竜二, 57 ,11,4,１, ,ダ1900,良,,(栗),高橋義忠,1592,-0.2,7,5,3,37.4,520,-8,
,"2024. 2.18",京都,2京8,未勝利,未勝利,6,9,シルバーカレッジ,牡,3,Ｍ．デム, 57 ,13,1,１, 外,芝1800,良,,(栗),武幸四郎,1475,-0.1,,9,7,34.7,502,-6,
,"2024. 2.18",京都,2京8,新馬,新馬,2,4,キングヴァージル,牡,3,坂井瑠星, 57 ,16,1,１, ,ダ1400,稍,,(栗),矢作芳人,1263,-0.1,,4,3,38.3,508,,
,"2024. 2.18",京都,2京8,未勝利,未勝利,3,4,ムルソー,牡,3,団野大成, 57 ,15,4,１, ,ダ1900,稍,,(栗),斉藤崇史,1594,-2.3,1,1,1,37.4,520,-2,
,"2024. 2.18",京都,2京8,未勝利,未勝利,8,14,プロミシングスター,牡,3,田口貫太,56☆,15,1,１, ,ダ1200,稍,,(栗),加用正,1126,-0.4,,2,2,36.6,446,0,
,"2024. 2.18",京都,2京8,未勝利,未勝利・牝,4,4,レイクスター,牝,3,坂井瑠星, 55 ,12,2,１, ,ダ1800,稍,,(栗),上村洋行,1563,-0.8,4,4,4,39.1,478,+2,
,"2024. 2.17",京都,2京7,2勝,２勝ｸﾗｽ,7,13,ライツフォル,牡,4,ムルザバ, 58 ,16,2,１, ,ダ1400,稍,,(栗),高橋義忠,1232,-0.0,,5,4,36.4,496,-4,
,"2024. 2.17",京都,2京7,Ｇ３,京都牝馬G3,7,15,ソーダズリング,牝,4,武豊, 55 ,18,2,１, 外,芝1400,良,*,(栗),音無秀孝,1203,-0.0,,9,7,33.9,472,+4,
,"2024. 2.17",京都,2京7,3勝,河原町Ｈ･3勝,8,16,レディフォース,牝,4,長岡禎仁, 53 ,16,4,１, ,ダ1400,稍,,(栗),杉山佳明,1238,-0.1,,2,2,36.6,518,+12,
,"2024. 2.17",京都,2京7,1勝,つばき賞･1勝,5,5,メイショウタバル,牡,3,浜中俊, 57 ,9,3,１, 外,芝1800,良,,(栗),石橋守,1469,-0.0,,3,1,34.0,500,-2,
,"2024. 2.17",京都,2京7,1勝,１勝ｸﾗｽ,2,3,アドバンスファラオ,牡,4,西村淳也, 58 ,16,11,１, ,ダ1400,稍,,(栗),森秀行,1236,-0.6,,1,1,37.5,494,+4,
,"2024. 2.17",京都,2京7,1勝,１勝ｸﾗｽ,4,4,スマートビクター,牡,5,ルメート, 58 ,11,3,１, ,ダ1800,稍,,(栗),吉田直弘,1536,-0.1,3,2,1,37.9,526,+4,
,"2024. 2.17",京都,2京7,1勝,１勝ｸﾗｽ*,7,8,ナムラアトム,牡,3,浜中俊, 57 ,11,2,１, 外,芝1400,良,,(栗),長谷川浩,1216,-0.1,,7,8,33.9,490,-6,
,"2024. 2.17",京都,2京7,未勝利,未勝利,6,10,ベトルス,牡,3,キングス, 57 ,14,2,１, 外,芝2400,良,,(栗),友道康夫,2277,-0.1,13,12,10,35.5,510,+12,
,"2024. 2.17",京都,2京7,新馬,新馬,4,7,ミッキークレスト,牡,3,坂井瑠星, 57 ,16,1,１, ,ダ1800,稍,,(栗),大久保龍,1546,-0.7,6,7,6,37.7,528,,
,"2024. 2.17",京都,2京7,未勝利,未勝利,6,11,アレ,牡,3,ルメート, 57 ,16,1,１, ,ダ1400,稍,,(栗),中内田充,1256,-0.1,,7,7,37.8,500,+2,
,"2024. 2.17",京都,2京7,未勝利,未勝利,6,10,リューデスハイム,牡,3,ムルザバ, 57 ,15,6,１, ,ダ1800,稍,,(栗),牧田和弥,1533,-1.0,2,2,1,37.5,514,+6,
,"2024. 2.17",京都,2京7,未勝利,未勝利・牝,4,7,プレヴィスト,牝,3,松山弘平, 55 ,15,2,１, ,ダ1200,稍,,(栗),池添学,1120,-0.8,,1,1,37.2,472,+8,
,"2024. 2.11",京都,2京6,2勝,２勝ｸﾗｽ,3,6,ロードラディウス,牡,4,ルメート, 58 ,16,1,１, ,ダ1200,良,,(栗),森田直行,1122,-0.1,,9,8,36.2,480,-2,
,"2024. 2.11",京都,2京6,Ｇ２,京都記念G2,3,3,プラダリア,牡,5,池添謙一, 58 ,12,3,１, 外,芝2200,良,,(栗),池添学,2121,-0.1,4,5,4,34.8,470,+6,
,"2024. 2.11",京都,2京6,3勝,北山ＳＨ･3勝,2,2,ゴーゴーユタカ,牡,5,岩田康誠, 55 ,15,11,１, ,ダ1800,良,,(美),武井亮,1521,-0.0,13,15,11,36.4,476,-6,
,"2024. 2.11",京都,2京6,2勝,春日特別･2勝,4,4,ココナッツブラウン,牝,4,横山和生, 55 ,9,2,１, 外,芝1800,良,,(栗),上村洋行,1478,-0.0,,8,7,33.1,432,0,
,"2024. 2.11",京都,2京6,1勝,１勝ｸﾗｽ,5,5,エンタングルメント,牝,5,横山典弘, 56 ,11,3,１, 外,芝1600,良,,(栗),昆貢,1341,-0.2,,5,7,35.4,508,+4,
,"2024. 2.11",京都,2京6,1勝,１勝ｸﾗｽ,8,11,ロードラプソディ,牡,5,西村淳也, 58 ,11,2,１, ,ダ1800,良,,(栗),松下武士,1534,-0.3,3,2,2,37.6,494,+2,
,"2024. 2.11",京都,2京6,未勝利,未勝利・牝,7,7,ジョセフィーナ,牝,3,田口貫太,54☆,10,6,１, 内,芝2000,良,,(栗),今野貞一,2025,-0.1,1,1,1,35.2,386,-10,
,"2024. 2.11",京都,2京6,未勝利,未勝利,6,10,ハワイアンティアレ,牝,3,西村淳也, 55 ,14,3,１, 内,芝1600,良,,(栗),松永幹夫,1362,-0.1,,5,3,35.0,422,+4,
,"2024. 2.11",京都,2京6,1勝,１勝ｸﾗｽ*,2,2,フラムリンガム,牡,3,団野大成, 57 ,9,5,１, ,ダ1400,良,*,(栗),田中克典,1247,-1.2,,2,1,37.4,490,+6,
,"2024. 2.11",京都,2京6,新馬,新馬,1,1,ガウラスパーク,牡,3,池添謙一, 57 ,15,2,１, ,ダ1800,良,,(栗),高柳大輔,1553,-0.3,3,2,2,39.8,532,,
,"2024. 2.11",京都,2京6,未勝利,未勝利,5,10,インユアパレス,牡,3,酒井学, 57 ,16,2,１, ,ダ1200,良,,(栗),須貝尚介,1116,-0.7,,2,2,36.1,486,+6,
,"2024. 2.11",京都,2京6,未勝利,未勝利,6,7,レグロスヴァーグ,牡,3,ルメート, 57 ,12,2,１, ,ダ1800,良,,(栗),鈴木孝志,1551,-0.0,6,2,2,39.8,504,-2,B
,"2024. 2.10",京都,2京5,2勝,２勝ｸﾗｽ,6,10,エクセスリターン,牡,5,団野大成, 58 ,14,6,１, ,ダ1900,良,,(栗),野中賢二,1592,-0.4,11,8,10,36.8,526,-6,
,"2024. 2.10",京都,2京5,OP(L),洛陽ＳＨ(L),7,15,ドゥアイズ,牝,4,ルメート, 54 ,18,2,１, 外,芝1600,良,,(栗),庄野靖志,1326,-0.0,,8,6,34.3,468,+8,
,"2024. 2.10",京都,2京5,3勝,飛鳥Ｓ･3勝,1,1,エアサージュ,牡,6,坂井瑠星, 58 ,12,2,１, 内,芝2000,良,,(栗),池添学,2006,-0.2,2,2,2,33.8,532,+10,
,"2024. 2.10",京都,2京5,1勝,こぶし賞･1勝,5,5,オフトレイル,牡,3,ルメート, 57 ,9,4,１, 内,芝1600,良,,(栗),吉村圭司,1349,-0.0,,7,6,33.7,440,+4,
,"2024. 2.10",京都,2京5,1勝,１勝ｸﾗｽ,7,14,ウイスキータイム,牝,5,古川吉洋, 56 ,16,2,１, ,ダ1200,良,*,(美),根本康広,1128,-0.1,,1,1,36.9,478,+2,
,"2024. 2.10",京都,2京5,1勝,１勝ｸﾗｽ,7,7,クールブロン,牡,4,西村淳也, 57 ,7,4,１, ,ダ1900,良,,(栗),武幸四郎,2003,-0.4,2,2,2,38.2,526,-6,B
,"2024. 2.10",京都,2京5,未勝利,未勝利,8,12,ベルウェザー,牡,3,武豊, 57 ,13,2,１, ,ダ1400,良,,(栗),茶木太樹,1263,-0.4,,7,6,38.2,488,+4,
,"2024. 2.10",京都,2京5,未勝利,未勝利,5,6,テーオーダグラス,牡,3,永島まな,54▲,12,8,１, 内,芝2000,良,,(栗),須貝尚介,2025,-0.0,1,1,1,35.3,482,-4,
,"2024. 2.10",京都,2京5,新馬,新馬,3,5,ヨーカイディスコ,牝,3,岩田望来, 55 ,16,2,１, ,ダ1200,良,,(美),斎藤誠,1127,-0.2,,1,1,36.5,480,,
,"2024. 2.10",京都,2京5,未勝利,未勝利・牝,8,16,クインズセレネ,牝,3,岩田望来, 55 ,16,2,１, ,ダ1400,良,,(栗),野中賢二,1261,-0.1,,5,4,37.7,468,-8,
,"2024. 2.10",京都,2京5,未勝利,未勝利,6,7,アンバードール,牡,3,田口貫太,56☆,11,2,１, ,ダ1900,良,,(栗),吉岡辰弥,2010,-0.4,7,3,2,38.4,510,-2,
,"2024. 2.10",京都,2京5,未勝利,未勝利・牝,3,3,サウンドアレグリア,牝,3,武豊, 55 ,14,1,１, ,ダ1800,良,,(栗),武英智,1551,-0.5,1,1,1,39.8,500,0,
,"2024. 2. 4",京都,2京4,2勝,２勝ｸﾗｽ,4,6,スキピオ,牡,6,武豊, 58 ,14,2,１, ,ダ1400,良,,(栗),浜田多実,1248,-0.0,,1,1,36.3,488,+4,
,"2024. 2. 4",京都,2京4,Ｇ３,きさらぎG3,8,12,ビザンチンドリーム,牡,3,ピーヒュ, 57 ,12,1,１, 外,芝1800,良,,(栗),坂口智康,1468,-0.0,,11,9,33.7,450,-8,
,"2024. 2. 4",京都,2京4,ｵｰﾌﾟﾝ,令月ＳＨ,8,16,クロジシジョー,牡,5,西村淳也, 57 ,16,2,１, ,ダ1200,良,,(栗),岡田稲男,1110,-0.1,,6,5,35.6,452,+2,
,"2024. 2. 4",京都,2京4,3勝,山城ＳＨ･3勝,5,7,アサカラキング,牡,4,斎藤新, 56 ,14,1,１, 外,芝1400,良,,(美),斎藤誠,1209,-0.4,,1,1,35.1,524,+6,
,"2024. 2. 4",京都,2京4,2勝,２勝ｸﾗｽ,8,8,セブンマジシャン,牡,4,川田将雅, 57 ,8,1,１, 内,芝2000,良,,(栗),高野友和,2007,-0.3,3,3,3,35.1,504,+2,
,"2024. 2. 4",京都,2京4,1勝,１勝ｸﾗｽ,8,10,ヒロノオオゾラ,牡,4,和田竜二, 57 ,10,1,１, ,ダ1800,良,,(栗),宮本博,1537,-0.2,4,3,3,37.9,488,+6,
,"2024. 2. 4",京都,2京4,未勝利,未勝利,5,5,ヴェローチェエラ,牡,3,川田将雅, 57 ,11,1,１, 外,芝2200,良,,(栗),須貝尚介,2170,-0.1,4,4,4,34.8,508,+26,
,"2024. 2. 4",京都,2京4,新馬,新馬,8,17,ワールズエンド,牡,3,川田将雅, 57 ,17,2,１, 内,芝1600,良,,(栗),池添学,1369,-0.1,,4,4,34.8,464,,
,"2024. 2. 4",京都,2京4,未勝利,未勝利,5,5,メイショウカシワデ,牡,3,角田大河,56☆,9,1,１, ,ダ1800,良,,(栗),角田晃一,1538,-0.7,1,1,1,38.4,456,-4,
,"2024. 2. 4",京都,2京4,未勝利,未勝利,1,1,エリカヴェネチア,牝,3,松山弘平, 55 ,8,3,１, ,ダ1900,良,,(栗),吉岡辰弥,2015,-0.0,4,5,4,40.3,482,-4,
,"2024. 2. 4",京都,2京4,未勝利,未勝利,8,10,テンドウ,牡,3,松山弘平, 57 ,11,2,１, ,ダ1200,良,,(栗),杉山佳明,1119,-0.2,,1,1,36.1,484,+4,
,"2024. 2. 4",京都,2京4,未勝利,未勝利・牝,1,1,グレイトフルペイン,牝,3,西村淳也, 55 ,7,4,１, ,ダ1800,良,,(栗),茶木太樹,1555,-0.0,1,1,1,39.3,460,-4,
,"2024. 2. 3",京都,2京3,1勝,１勝ｸﾗｽ,1,2,プルートマスター,牡,5,岩田望来, 58 ,16,1,１, ,ダ1400,良,,(栗),今野貞一,1247,-0.2,,2,2,36.8,498,-4,
,"2024. 2. 3",京都,2京3,ｵｰﾌﾟﾝ,アルデバ,8,12,オーサムリザルト,牝,4,武豊, 54 ,12,1,１, ,ダ1900,良,,(栗),池江泰寿,1574,-0.1,10,7,4,36.5,490,-4,
,"2024. 2. 3",京都,2京3,OP(L),エルフィ(L),2,2,ライトバック,牝,3,坂井瑠星, 55 ,11,1,１, 外,芝1600,良,,(栗),茶木太樹,1351,-0.1,,5,5,33.9,472,+2,
,"2024. 2. 3",京都,2京3,3勝,橿原Ｓ･3勝,6,12,ドンアミティエ,牡,4,和田竜二, 58 ,16,3,１, ,ダ1200,良,,(栗),今野貞一,1108,-0.0,,2,2,36.6,504,+4,B
,"2024. 2. 3",京都,2京3,2勝,２勝ｸﾗｽ,5,6,グランテスト,牝,4,坂井瑠星, 56 ,12,1,１, 内,芝1200,良,,(栗),今野貞一,1087,-0.1,,5,5,34.5,470,-2,
,"2024. 2. 3",京都,2京3,1勝,１勝ｸﾗｽ,7,8,ブリタニア,牡,4,岩田望来, 57 ,11,3,１, 内,芝2000,良,,(栗),杉山佳明,2004,-0.1,9,9,7,34.6,488,0,
,"2024. 2. 3",京都,2京3,1勝,１勝ｸﾗｽ*,8,8,マルチャレアル,牡,3,ルメート, 57 ,9,2,１, ,ダ1800,良,,(栗),斉藤崇史,1527,-0.4,4,1,1,37.9,496,-6,
,"2024. 2. 3",京都,2京3,未勝利,未勝利,4,8,モアニ,牝,3,永島まな,52▲,16,7,１, 内,芝1600,良,,(栗),高橋康之,1344,-0.4,,15,15,34.8,456,-8,
,"2024. 2. 3",京都,2京3,新馬,新馬,7,13,テンカジョウ,牝,3,国分優作, 55 ,16,13,１, ,ダ1800,良,,(栗),岡田稲男,1550,-0.2,5,7,5,37.9,476,,
,"2024. 2. 3",京都,2京3,未勝利,未勝利,7,12,キングツェッペリン,牡,3,坂井瑠星, 57 ,14,1,１, ,ダ1400,良,,(栗),牧田和弥,1252,-0.4,,7,6,36.8,452,+6,
,"2024. 2. 3",京都,2京3,未勝利,未勝利,4,4,ペロ,牡,3,池添謙一, 57 ,9,2,１, ,ダ1800,良,,(栗),橋口慎介,1542,-0.0,2,3,2,38.4,496,0,
,"2024. 2. 3",京都,2京3,未勝利,未勝利・牝,6,7,モイラ,牝,3,和田竜二, 55 ,12,5,１, ,ダ1200,良,,(栗),鈴木孝志,1126,-0.2,,1,1,36.8,466,0,
,"2024. 1.28",京都,2京2,2勝,２勝ｸﾗｽ,5,5,ペイシャフラワー,牝,4,永島まな,52▲,9,5,１, 外,芝1600,良,,(栗),高橋康之,1343,-0.1,,1,1,35.3,468,-2,
,"2024. 1.28",京都,2京2,Ｇ３,シルクロＨG3,2,4,ルガル,牡,4,西村淳也,57.5,18,2,１, 内,芝1200,良,,(栗),杉山晴紀,1077,-0.5,,2,2,34.0,522,+10,
,"2024. 1.28",京都,2京2,3勝,八坂Ｓ･3勝,6,7,サスツルギ,牡,4,ルメール, 57 ,12,2,１, 外,芝2200,良,,(美),木村哲也,2127,-0.0,12,12,12,35.3,486,-6,
,"2024. 1.28",京都,2京2,2勝,大津特別･2勝,7,8,ミスティックロア,牡,4,坂井瑠星, 57 ,11,1,１, ,ダ1800,良,,(栗),矢作芳人,1539,-0.0,5,5,3,35.9,522,+4,
,"2024. 1.28",京都,2京2,1勝,１勝ｸﾗｽ,7,13,ゴッドセンド,牡,4,岩田望来, 58 ,16,3,１, ,ダ1200,良,,(栗),浜田多実,1119,-0.6,,3,2,36.5,496,-4,B
,"2024. 1.28",京都,2京2,1勝,１勝ｸﾗｽ,8,10,シュプリンガー,セ,5,長岡禎仁, 58 ,10,5,１, ,ダ1800,良,,(栗),小栗実,1538,-0.2,3,2,2,36.8,496,+4,B
,"2024. 1.28",京都,2京2,未勝利,未勝利・牝,3,3,エポックヴィーナス,牝,3,和田竜二, 55 ,10,2,１, 内,芝1600,良,,(栗),新谷功一,1354,-0.2,,6,5,35.1,438,-2,
,"2024. 1.28",京都,2京2,新馬,新馬,4,4,パシフィックルート,牡,3,池添謙一, 57 ,13,2,１, 内,芝2000,良,,(栗),高野友和,2036,-0.0,2,2,2,35.6,566,,
,"2024. 1.28",京都,2京2,1勝,１勝ｸﾗｽ・牝*,7,10,モアザンワンス,牝,3,西村淳也, 55 ,13,1,１, ,ダ1400,良,,(栗),高野友和,1251,-0.2,,8,6,37.3,496,-2,
,"2024. 1.28",京都,2京2,未勝利,未勝利,8,16,ストレングス,牡,3,松山弘平, 57 ,16,1,１, ,ダ1400,良,,(栗),寺島良,1253,-0.1,,6,5,37.0,462,-8,
,"2024. 1.28",京都,2京2,未勝利,未勝利,8,11,アンダーザバンブー,牡,3,横山典弘, 57 ,11,4,１, ,ダ1800,良,,(栗),飯田祐史,1551,-0.3,7,9,7,38.3,518,-6,
,"2024. 1.28",京都,2京2,未勝利,未勝利,3,5,アスタールテニウム,牡,3,岩田望来, 57 ,15,2,１, ,ダ1200,良,,(栗),中竹和也,1129,-0.5,,3,3,37.5,498,+6,
,"2024. 1.27",京都,2京1,1勝,１勝ｸﾗｽ,1,2,コンクイスタ,牡,4,岩田望来, 57 ,18,5,１, 外,芝1400,良,*,(栗),吉岡辰弥,1217,-0.0,,4,3,35.0,486,-5,
,"2024. 1.27",京都,2京1,3勝,舞鶴Ｓ･3勝,4,6,バハルダール,牡,5,松山弘平, 58 ,14,2,１, ,ダ1900,良,,(栗),池江泰寿,1585,-0.2,13,2,2,37.7,510,-2,B
,"2024. 1.27",京都,2京1,2勝,許波多特･2勝,3,3,ジューンアヲニヨシ,牡,4,池添謙一, 57 ,9,1,１, 外,芝2200,良,*,(栗),松下武士,2176,-0.0,4,3,2,33.6,482,+4,
,"2024. 1.27",京都,2京1,2勝,２勝ｸﾗｽ,6,11,エティエンヌ,セ,5,松山弘平, 58 ,16,5,１, ,ダ1200,良,,(栗),吉田直弘,1116,-0.3,,10,10,36.1,520,-4,
,"2024. 1.27",京都,2京1,1勝,白梅賞･1勝*,7,7,スマートスピア,牡,3,荻野極, 57 ,7,3,１, 内,芝1600,良,,(栗),池江泰寿,1343,-0.2,,4,2,35.7,512,+2,
,"2024. 1.27",京都,2京1,1勝,１勝ｸﾗｽ・牝,2,2,ハイランドリンクス,牝,4,坂井瑠星, 55 ,9,1,１, ,ダ1800,良,,(栗),奥村豊,1542,-0.8,2,2,1,38.2,468,+4,
,"2024. 1.27",京都,2京1,1勝,１勝ｸﾗｽ*,4,4,メイショウホウレン,牡,3,浜中俊, 57 ,7,1,１, ,ダ1200,良,,(栗),安達昭夫,1115,-1.1,,1,1,35.7,494,-10,B
,"2024. 1.27",京都,2京1,未勝利,未勝利,7,7,スマートワイス,牡,3,武豊, 57 ,9,2,１, 外,芝1800,良,,(栗),大久保龍,1473,-0.1,,2,2,35.7,476,-2,
,"2024. 1.27",京都,2京1,新馬,新馬,7,14,ファストレーン,牡,3,今村聖奈,54▲,16,5,１, ,ダ1400,良,,(栗),野中賢二,1261,-0.3,,2,2,38.3,480,,
,"2024. 1.27",京都,2京1,未勝利,未勝利・牝,5,8,チアフルヴォイス,牝,3,団野大成, 55 ,15,12,１, ,ダ1400,良,,(栗),坂口智康,1265,-0.1,,4,4,38.9,450,0,
,"2024. 1.27",京都,2京1,未勝利,未勝利,3,3,ワンパット,牡,3,太宰啓介, 57 ,9,2,１, ,ダ1900,良,,(栗),高橋亮,2030,-0.1,3,2,2,39.9,476,+2,
,"2024. 1.27",京都,2京1,未勝利,未勝利・牝,2,2,コンバットペスカ,牝,3,坂井瑠星, 55 ,9,2,１, ,ダ1800,良,,(栗),角田晃一,1544,-0.1,1,1,1,38.3,456,0,
,"2024. 1.21",京都,1京7,2勝,２勝ｸﾗｽ,7,9,テーオーダヴィンチ,牡,6,松山弘平, 58 ,11,2,１, 外,芝1400,重,,(栗),岡田稲男,1231,-0.0,,3,3,34.5,516,+2,
,"2024. 1.21",京都,1京7,Ｇ２,東海ＳG2,7,14,ウィリアムバローズ,牡,6,坂井瑠星, 57 ,16,2,１, ,ダ1800,重,,(栗),上村洋行,1492,-0.2,2,1,1,36.0,500,-4,
,"2024. 1.21",京都,1京7,3勝,羅生門Ｓ･3勝,5,9,ゼットレヨン,牡,5,酒井学, 58 ,16,5,１, ,ダ1200,重,,(栗),吉田直弘,1102,-0.1,,7,6,35.8,492,-2,
,"2024. 1.21",京都,1京7,2勝,北大路特･2勝,8,9,キミノナハマリア,牝,4,武豊, 55 ,10,1,１, 内,芝2000,重,,(栗),千田輝彦,2026,-1.0,4,2,2,35.8,506,-4,
,"2024. 1.21",京都,1京7,1勝,１勝ｸﾗｽ,8,16,エムズマインド,牡,4,川島信二, 57 ,16,2,１, ,ダ1400,重,,(栗),荒川義之,1231,-0.2,,8,5,35.7,518,0,
,"2024. 1.21",京都,1京7,1勝,１勝ｸﾗｽ,5,9,マキシ,牡,4,川田将雅, 57 ,17,1,１, 外,芝2200,重,,(栗),辻野泰之,2152,-0.4,1,2,1,36.7,510,+4,
,"2024. 1.21",京都,1京7,1勝,１勝ｸﾗｽ*,1,1,ブルーサン,牡,3,和田竜二, 57 ,6,3,１, ,ダ1800,不,,(栗),川村禎彦,1503,-0.3,1,1,1,36.8,508,-10,
,"2024. 1.21",京都,1京7,新馬,新馬,7,14,ジャンヌローサ,牝,3,ルメート, 55 ,17,9,１, 内,芝1600,不,,(美),蛯名正義,1380,-0.2,,1,1,36.6,448,,
,"2024. 1.21",京都,1京7,未勝利,未勝利・牝,2,2,ウインデイジー,牝,3,田口貫太,53△,8,4,１, 内,芝2000,不,,(栗),加用正,2052,-1.2,8,2,2,37.2,428,-2,
,"2024. 1.21",京都,1京7,未勝利,未勝利,4,4,ヴォルスター,牡,3,坂井瑠星, 57 ,12,2,１, ,ダ1400,不,*,(栗),清水久詞,1234,-0.0,,1,1,35.8,430,0,
,"2024. 1.21",京都,1京7,新馬,新馬,2,4,サンライズソレイユ,牡,3,川田将雅, 57 ,16,1,１, ,ダ1800,不,*,(栗),矢作芳人,1537,-0.3,8,6,5,37.0,512,,
,"2024. 1.21",京都,1京7,未勝利,未勝利,8,10,スマートリアファル,牡,3,幸英明, 57 ,10,2,１, ,ダ1900,不,,(栗),辻野泰之,1596,-0.1,3,3,2,36.4,490,-6,
,"2024. 1.20",京都,1京6,未勝利,未勝利,6,8,ゴールドサーベル,牡,3,武豊, 57 ,12,2,１, 内,芝1600,重,,(栗),大久保龍,1373,-0.0,,7,8,35.9,470,-4,
,"2024. 1.20",京都,1京6,3勝,石清水Ｈ･3勝,5,10,トランキリテ,牡,5,武豊, 56 ,16,5,１, 外,芝1600,重,,(栗),松永幹夫,1349,-0.0,,6,6,34.9,472,-10,
,"2024. 1.20",京都,1京6,2勝,宇治川特･2勝,6,6,ダンテバローズ,牡,4,岩田望来, 57 ,11,1,１, ,ダ1800,稍,,(栗),上村洋行,1521,-0.1,2,2,1,37.2,520,+4,B
,"2024. 1.20",京都,1京6,OP(L),若駒Ｓ(L),6,6,サンライズジパング,牡,3,武豊, 57 ,8,1,１, 内,芝2000,重,,(栗),音無秀孝,2028,-0.3,5,6,7,36.1,516,+4,
,"2024. 1.20",京都,1京6,2勝,２勝ｸﾗｽ,5,6,フェルヴェンテ,牡,4,坂井瑠星, 57 ,13,1,１, ,ダ1400,稍,,(栗),加用正,1231,-0.2,,7,7,36.2,480,-2,
,"2024. 1.20",京都,1京6,1勝,１勝ｸﾗｽ,5,5,バンドマスター,牡,4,坂井瑠星, 57 ,10,1,１, ,ダ1900,稍,,(栗),茶木太樹,1595,-0.5,2,2,1,37.3,500,+8,
,"2024. 1.20",京都,1京6,未勝利,未勝利,1,1,ピエナオルフェ,牡,3,川島信二, 57 ,10,7,１, 外,芝2200,重,,(栗),荒川義之,2190,-0.4,10,9,1,35.9,448,-4,
,"2024. 1.20",京都,1京6,新馬,新馬,7,11,ダノンピレネー,牡,3,坂井瑠星, 57 ,13,5,１, 内,芝2000,重,,(栗),高柳大輔,2048,-0.1,4,3,2,36.0,526,,
,"2024. 1.20",京都,1京6,1勝,１勝ｸﾗｽ*,3,3,ワイワイレジェンド,牡,3,田口貫太,55△,7,5,１, ,ダ1400,稍,,(栗),矢作芳人,1234,-0.3,,2,2,36.5,456,-8,
,"2024. 1.20",京都,1京6,新馬,新馬・牝,8,15,ネグレスコ,牝,3,ルメート, 55 ,16,1,１, ,ダ1200,稍,,(栗),西園正都,1126,-0.5,,1,1,37.6,496,,
,"2024. 1.20",京都,1京6,未勝利,未勝利,1,1,キングオブフジ,牡,3,ルメート, 57 ,12,2,１, ,ダ1800,稍,,(栗),角田晃一,1539,-0.6,7,7,6,38.1,488,0,
,"2024. 1.20",京都,1京6,未勝利,未勝利,7,11,シリウス,牡,3,田口貫太,55△,14,1,１, ,ダ1200,稍,,(栗),石坂公一,1125,-0.4,,1,1,37.4,452,+2,
,"2024. 1.14",京都,1京5,2勝,２勝ｸﾗｽ・牝,1,1,オードリーバローズ,牝,4,松山弘平, 55 ,10,3,１, 外,芝1400,良,,(栗),清水久詞,1215,-0.0,,5,4,34.3,476,-4,
,"2024. 1.14",京都,1京5,Ｇ２,日経新春ＨG2,5,8,ブローザホーン,牡,5,菅原明良, 57 ,14,1,１, 外,芝2400,良,,(美),中野栄治,2237,-0.1,8,8,6,35.8,426,+12,
,"2024. 1.14",京都,1京5,3勝,雅Ｓ･3勝,5,6,ヤマニンウルス,牡,4,武豊, 57 ,13,1,１, ,ダ1800,良,,(栗),斉藤崇史,1518,-0.2,2,2,1,36.0,582,+6,
,"2024. 1.14",京都,1京5,2勝,逢坂山Ｈ･2勝,1,1,ワイドアラジン,牡,4,川田将雅, 55 ,11,2,１, 外,芝1800,良,,(栗),奥村豊,1470,-0.1,,4,3,34.5,476,-4,
,"2024. 1.14",京都,1京5,2勝,２勝ｸﾗｽ,6,9,ボナンザ,牡,4,川田将雅, 58 ,13,1,１, ,ダ1200,良,,(栗),庄野靖志,1116,-0.1,,3,2,35.4,498,+2,
,"2024. 1.14",京都,1京5,1勝,１勝ｸﾗｽ,6,10,グレン,牡,4,団野大成, 57 ,15,8,１, ,ダ1800,良,,(栗),野中賢二,1530,-0.0,9,8,5,38.0,496,+2,
,"2024. 1.14",京都,1京5,未勝利,未勝利,3,6,コネッシオーネ,牝,3,松山弘平, 55 ,18,1,１, 内,芝1400,良,,(栗),杉山晴紀,1223,-0.4,,1,1,36.2,446,-2,
,"2024. 1.14",京都,1京5,新馬,新馬,4,7,ミエスペランサ,牝,3,西村淳也, 55 ,18,4,１, 内,芝1600,良,,(栗),池江泰寿,1351,-0.0,,7,7,34.9,438,,
,"2024. 1.14",京都,1京5,1勝,１勝ｸﾗｽ*,7,8,ロードフロンティア,牡,3,田口貫太,55△,11,3,１, ,ダ1200,良,,(栗),松下武士,1126,-0.2,,1,1,38.5,458,-2,B
,"2024. 1.14",京都,1京5,新馬,新馬,7,13,ディスタントスカイ,牡,3,武豊, 57 ,16,1,１, ,ダ1400,良,,(栗),角田晃一,1263,-0.2,,4,4,38.1,508,,
,"2024. 1.14",京都,1京5,未勝利,未勝利,6,9,シーリュウシー,牡,3,西村淳也, 57 ,13,3,１, ,ダ1900,良,,(栗),岡田稲男,2018,-0.0,11,10,4,38.4,482,-6,
,"2024. 1.14",京都,1京5,未勝利,未勝利・牝,6,7,クラヴィコード,牝,3,松山弘平, 55 ,12,2,１, ,ダ1800,良,,(栗),中村直也,1556,-0.1,1,1,1,39.4,478,-4,
,"2024. 1.13",京都,1京4,1勝,１勝ｸﾗｽ,1,2,スズカダブル,牡,4,坂井瑠星, 57 ,18,2,１, 外,芝1600,良,,(栗),西村真幸,1351,-0.3,,1,1,35.1,508,0,
,"2024. 1.13",京都,1京4,OP(L),淀短距離(L),4,7,ビッグシーザー,牡,4,坂井瑠星, 58 ,17,1,１, 内,芝1200,良,,(栗),西園正都,1086,-0.2,,2,2,34.3,516,+2,
,"2024. 1.13",京都,1京4,OP(L),紅梅Ｓ(L),8,9,ワイドラトゥール,牝,3,北村友一, 55 ,9,2,１, 外,芝1400,良,,(栗),藤原英昭,1234,-0.2,,6,5,34.5,430,-2,
,"2024. 1.13",京都,1京4,2勝,五条坂特･2勝,7,7,スマラグドス,牡,4,田口貫太, 57 ,10,4,１, ,ダ1900,良,,(栗),西園正都,2014,-0.1,2,2,2,37.3,472,0,
,"2024. 1.13",京都,1京4,1勝,１勝ｸﾗｽ,6,11,ツークフォーゲル,牡,4,川島信二, 58 ,16,5,１, ,ダ1200,良,,(栗),荒川義之,1126,-0.3,,8,9,36.2,552,+30,
,"2024. 1.13",京都,1京4,1勝,１勝ｸﾗｽ・牝,3,4,ジャミーレ,牝,4,ルメート, 55 ,15,3,１, ,ダ1400,良,,(栗),斉藤崇史,1261,-0.2,,3,3,37.6,478,+10,
,"2024. 1.13",京都,1京4,未勝利,未勝利,4,5,インファイター,牡,3,ルメート, 57 ,13,1,１, 内,芝2000,良,,(栗),高野友和,2020,-0.7,5,3,4,35.6,488,0,
,"2024. 1.13",京都,1京4,未勝利,未勝利・牝,2,4,ソルトクィーン,牝,3,池添謙一, 55 ,18,4,１, 内,芝1600,良,*,(栗),武英智,1347,-0.4,,4,3,36.1,434,-6,
,"2024. 1.13",京都,1京4,新馬,新馬,5,10,ダノンケイツー,牡,3,岩田望来, 57 ,16,6,１, ,ダ1800,良,,(栗),寺島良,1552,-0.2,3,2,2,36.6,448,,
,"2024. 1.13",京都,1京4,未勝利,未勝利,3,3,キャピタルサックス,牡,3,松山弘平, 57 ,14,1,１, ,ダ1400,良,,(栗),杉山晴紀,1270,-0.1,,4,4,37.1,502,0,
,"2024. 1.13",京都,1京4,未勝利,未勝利,4,5,ハッピーマインド,牡,3,坂井瑠星, 57 ,14,3,１, ,ダ1800,良,,(栗),飯田雄三,1558,-0.0,7,5,5,39.5,502,0,
,"2024. 1.13",京都,1京4,未勝利,未勝利,5,9,ピカリ,牝,3,松若風馬, 55 ,16,1,１, ,ダ1200,良,,(栗),森秀行,1136,-0.1,,3,3,37.4,484,-4,
,"2024. 1. 8",京都,1京3,2勝,２勝ｸﾗｽ,7,8,ビヨンドザヴァレー,牝,4,松山弘平, 55 ,11,2,１, 外,芝1600,良,,(栗),橋口慎介,1353,-0.2,,2,2,35.0,464,+2,
,"2024. 1. 8",京都,1京3,Ｇ３,シンザンG3,3,5,ノーブルロジャー,牡,3,川田将雅, 57 ,18,3,１, 外,芝1600,良,,(栗),吉岡辰弥,1345,-0.2,,10,7,35.7,484,+8,
,"2024. 1. 8",京都,1京3,3勝,寿Ｓ･3勝,4,4,デビットバローズ,牡,5,岩田望来, 58 ,12,8,１, 内,芝2000,良,,(栗),上村洋行,2003,-0.1,2,2,2,35.4,524,+12,
,"2024. 1. 8",京都,1京3,2勝,蹴上特別･2勝,4,7,サンデーファンデー,牡,4,松若風馬, 57 ,15,6,１, ,ダ1800,良,*,(栗),音無秀孝,1522,-0.3,2,2,2,38.8,520,+8,B
,"2024. 1. 8",京都,1京3,1勝,１勝ｸﾗｽ,5,10,エティエンヌ,セ,5,西村淳也, 58 ,16,3,１, ,ダ1400,良,,(栗),吉田直弘,1252,-0.0,,1,1,37.5,524,-4,
,"2024. 1. 8",京都,1京3,1勝,１勝ｸﾗｽ・牝,8,15,ノッテルーナ,牝,4,古川吉洋, 55 ,15,4,１, ,ダ1800,良,,(栗),宮本博,1539,-0.1,14,12,9,38.1,468,+4,
,"2024. 1. 8",京都,1京3,未勝利,未勝利,3,6,ウィープディライト,牡,3,松山弘平, 57 ,18,4,１, 外,芝2200,良,,(栗),池添学,2155,-0.0,4,3,3,37.0,512,-2,
,"2024. 1. 8",京都,1京3,新馬,新馬,2,4,オルトパラティウム,牡,3,ルメール, 57 ,18,2,１, 外,芝1800,良,,(栗),安田翔伍,1491,-0.6,,2,2,36.4,490,,
,"2024. 1. 8",京都,1京3,1勝,１勝ｸﾗｽ*,6,6,ノットイナフ,牡,3,和田竜二, 57 ,10,6,１, ,ダ1800,良,,(栗),浜田多実,1541,-0.2,9,5,5,38.9,480,+22,
,"2024. 1. 8",京都,1京3,新馬,新馬,3,6,タイセイミニスター,牡,3,田口貫太,55△,16,3,１, ,ダ1200,良,*,(栗),大橋勇樹,1151,-0.0,,2,2,38.4,492,,
,"2024. 1. 8",京都,1京3,未勝利,未勝利・牝,2,3,アンジェリュス,牝,3,岩田望来, 55 ,16,1,１, ,ダ1800,良,*,(栗),茶木太樹,1556,-0.1,1,1,1,39.8,476,+2,
,"2024. 1. 8",京都,1京3,未勝利,未勝利,8,15,サムデイ,牝,3,川田将雅, 55 ,16,1,１, ,ダ1200,良,,(栗),新谷功一,1139,-0.0,,3,3,38.2,422,-4,
,"2024. 1. 7",京都,1京2,2勝,２勝ｸﾗｽ,5,5,イラーレ,牝,5,幸英明, 56 ,12,3,１, 内,芝1200,良,,(栗),北出成人,1095,-0.0,,7,5,34.1,460,0,
,"2024. 1. 7",京都,1京2,OP(L),すばるＳ(L),7,13,テーオーステルス,牡,5,川田将雅, 57 ,15,5,１, ,ダ1400,良,,(栗),奥村豊,1245,-0.1,,2,2,37.3,540,0,
,"2024. 1. 7",京都,1京2,3勝,新春Ｓ･3勝,4,5,サンライズロナウド,牡,5,横山典弘, 58 ,13,2,１, 外,芝1400,良,,(栗),安田隆行,1225,-0.0,,11,11,34.4,476,-2,
,"2024. 1. 7",京都,1京2,2勝,琵琶湖特･2勝,1,1,ゴールデンスナップ,牝,4,浜中俊, 55 ,12,2,１, 外,芝2400,良,,(栗),田中克典,2267,-0.0,5,5,4,34.6,458,-8,
,"2024. 1. 7",京都,1京2,2勝,２勝ｸﾗｽ,8,16,ガラパゴス,牡,5,藤岡康太, 58 ,16,4,１, ,ダ1400,良,,(栗),野中賢二,1256,-0.1,,12,10,36.0,494,+6,
,"2024. 1. 7",京都,1京2,1勝,１勝ｸﾗｽ,7,11,ハギノサステナブル,牡,4,鮫島克駿, 57 ,13,1,１, ,ダ1900,良,,(栗),高野友和,2009,-0.3,3,2,1,37.8,478,+2,B
,"2024. 1. 7",京都,1京2,1勝,１勝ｸﾗｽ*,2,2,アドマイヤテラ,牡,3,川田将雅, 57 ,9,1,１, 内,芝2000,良,,(栗),友道康夫,2028,-0.4,8,2,2,34.4,488,-6,
,"2024. 1. 7",京都,1京2,未勝利,未勝利,8,17,グロリアラウス,牡,3,ルメート, 57 ,18,6,１, 内,芝1600,良,,(栗),斉藤崇史,1367,-0.2,,3,3,36.7,498,+2,
,"2024. 1. 7",京都,1京2,1勝,１勝ｸﾗｽ,4,7,エメラルドビーチ,牡,4,岩田望来, 58 ,16,1,１, ,ダ1200,良,,(栗),大久保龍,1126,-0.2,,11,8,36.4,534,+2,
,"2024. 1. 7",京都,1京2,未勝利,未勝利,6,11,パトジュニア,牡,3,武豊, 57 ,16,3,１, ,ダ1400,良,,(栗),小崎憲,1267,-0.1,,3,3,37.4,504,-2,
,"2024. 1. 7",京都,1京2,新馬,新馬・牝,8,15,メイショウタムシバ,牝,3,武豊, 55 ,15,1,１, ,ダ1800,良,,(栗),飯田祐史,1556,-0.9,4,2,1,38.1,420,,
,"2024. 1. 7",京都,1京2,未勝利,未勝利,5,9,カツラノキサノキ,牡,3,川田将雅, 57 ,16,4,１, ,ダ1800,良,,(栗),庄野靖志,1553,-0.0,2,2,2,40.0,484,-4,
,"2024. 1. 6",京都,1京1,1勝,１勝ｸﾗｽ,1,1,アスクオンディープ,セ,5,西塚洸二,55▲,17,8,１, 外,芝1800,良,,(栗),河内洋,1473,-0.2,,1,1,35.9,494,+2,
,"2024. 1. 6",京都,1京1,Ｇ３,京都金杯ＨG3,1,2,コレペティトール,牡,4,岩田康誠, 54 ,18,8,１, 外,芝1600,良,,(栗),中竹和也,1338,-0.1,,7,6,35.3,480,-2,
,"2024. 1. 6",京都,1京1,ｵｰﾌﾟﾝ,万葉ＳＨ,4,4,メイショウブレゲ,牡,5,酒井学, 54 ,13,4,１, 外,芝3000,良,,(栗),本田優,3053,-0.1,10,12,9,36.2,474,+10,
,"2024. 1. 6",京都,1京1,3勝,門松Ｓ･3勝,5,6,モズリッキー,牡,5,松山弘平, 58 ,12,2,１, ,ダ1400,良,,(栗),上村洋行,1235,-0.1,,3,3,36.9,476,+4,B
,"2024. 1. 6",京都,1京1,2勝,２勝ｸﾗｽ,2,4,ジュンウィンダム,牝,4,西村淳也, 56 ,16,4,１, ,ダ1200,良,,(栗),浜田多実,1119,-0.1,,8,8,36.3,494,+2,
,"2024. 1. 6",京都,1京1,1勝,１勝ｸﾗｽ,6,7,ダンテバローズ,牡,4,岩田望来, 57 ,11,1,１, ,ダ1800,良,,(栗),上村洋行,1522,-0.5,2,2,2,37.3,516,+2,B
,"2024. 1. 6",京都,1京1,1勝,１勝ｸﾗｽ*,2,2,ピューロマジック,牝,3,坂井瑠星, 55 ,10,1,１, 内,芝1200,良,,(栗),安田隆行,1088,-0.3,,1,1,34.1,444,-2,
,"2024. 1. 6",京都,1京1,未勝利,未勝利,1,2,エラトー,牝,3,ルメート, 55 ,18,4,１, 外,芝1800,良,,(栗),上村洋行,1484,-0.1,,1,1,35.3,480,-2,
,"2024. 1. 6",京都,1京1,新馬,新馬,3,6,テーオーパスワード,牡,3,坂井瑠星, 57 ,16,2,１, ,ダ1800,良,,(栗),高柳大輔,1571,-0.4,2,2,2,37.5,474,,
,"2024. 1. 6",京都,1京1,未勝利,未勝利・牝,4,8,オアシスドール,牝,3,坂井瑠星, 55 ,16,1,１, ,ダ1400,良,,(栗),高柳大輔,1258,-0.3,,1,1,37.8,448,-10,
,"2024. 1. 6",京都,1京1,未勝利,未勝利,1,1,ハーバーライト,牡,3,和田竜二, 57 ,16,4,１, ,ダ1900,良,,(栗),高橋義忠,2027,-0.2,5,4,5,38.9,528,-10,
,"2024. 1. 6",京都,1京1,未勝利,未勝利,8,15,セレブレイトエール,牡,3,坂井瑠星, 57 ,16,1,１, ,ダ1800,良,,(栗),大久保龍,1554,-0.5,2,2,2,39.4,522,-4,
,2023.11.26,京都,3京8,Ｇ３,京阪杯G3,8,17,トウシンマカオ,牡,4,菅原明良, 58 ,18,4,１, 内,芝1200,良,,(美),高柳瑞樹,1074,-0.3,,7,7,32.7,468,+4,
,2023.11.26,京都,3京8,ｵｰﾌﾟﾝ,カノープＨ,2,4,ウェルカムニュース,牡,4,北村友一, 56 ,16,8,１, ,ダ1900,良,,(栗),池江泰寿,1575,-0.1,5,7,5,37.3,502,+18,B
,2023.11.26,京都,3京8,3勝,清水ＳＨ･3勝,1,1,トゥードジボン,牡,4,藤岡佑介, 56 ,13,4,１, 外,芝1600,良,,(栗),四位洋文,1332,-0.2,,1,1,33.6,486,-2,
,2023.11.26,京都,3京8,1勝,白菊賞･1勝*,6,6,プシプシーナ,牝,2,西村淳也, 55 ,10,5,１, 内,芝1600,良,,(栗),小栗実,1357,-0.0,,1,1,34.1,414,+4,
,2023.11.26,京都,3京8,2勝,２勝ｸﾗｽ,4,8,インヒズアイズ,牝,3,坂井瑠星, 55 ,16,2,１, ,ダ1400,良,,(栗),矢作芳人,1243,-0.1,,2,2,37.2,472,+2,
,2023.11.26,京都,3京8,2勝,２勝ｸﾗｽ,8,15,アウトレンジ,牡,3,坂井瑠星, 56 ,15,1,１, ,ダ1800,良,,(栗),大久保龍,1513,-0.9,2,2,1,38.0,492,-10,
,2023.11.26,京都,3京8,新馬,新馬,3,5,サブマリーナ,牡,2,岩田望来, 56 ,15,1,１, 外,芝1800,良,,(栗),庄野靖志,1481,-0.1,,7,8,34.7,462,,
,2023.11.26,京都,3京8,1勝,１勝ｸﾗｽ,3,3,マイネルエンペラー,牡,3,横山武史, 56 ,14,1,１, 内,芝2000,良,,(栗),清水久詞,2009,-0.1,5,4,4,34.5,472,+4,
,2023.11.26,京都,3京8,新馬,新馬,5,9,マッシャーブルム,牡,2,松山弘平, 56 ,15,1,１, ,ダ1800,良,,(栗),村山明,1549,-0.3,3,1,1,38.4,508,,
,2023.11.26,京都,3京8,未勝利,未勝利*,6,10,ショウナンハウル,牡,2,松若風馬, 56 ,15,6,１, 内,芝2000,良,,(栗),松下武士,2026,-0.1,15,1,1,35.3,498,-2,
,2023.11.26,京都,3京8,未勝利,未勝利*,7,13,ラヴァンダ,牝,2,岩田望来, 55 ,18,1,１, 内,芝1400,良,,(栗),中村直也,1217,-0.4,,7,6,34.8,476,+12,
,2023.11.26,京都,3京8,未勝利,未勝利*,2,4,ゴッドカインド,牝,2,今村聖奈,52▲,16,5,１, ,ダ1200,良,,(栗),飯田祐史,1125,-0.3,,2,2,37.3,396,+4,
,2023.11.25,京都,3京7,2勝,２勝ｸﾗｽ,6,11,マメコ,牝,4,古川奈穂,52★,18,7,１, 内,芝1200,良,*,(栗),武英智,1082,-0.0,,2,2,34.2,454,+2,
,2023.11.25,京都,3京7,Ｇ３,京都２歳G3,4,5,シンエンペラー,牡,2,モレイラ, 56 ,14,1,１, 内,芝2000,良,*,(栗),矢作芳人,1598,-0.1,12,9,7,35.3,480,+6,
,2023.11.25,京都,3京7,3勝,花園Ｓ･3勝,8,16,ブライアンセンス,牡,3,モレイラ, 56 ,16,1,１, ,ダ1800,良,,(美),斎藤誠,1516,-0.1,10,9,7,37.0,516,+4,
,2023.11.25,京都,3京7,2勝,高雄特別･2勝,8,11,ゴールドプリンセス,牝,3,モレイラ, 54 ,12,1,１, 外,芝2400,良,,(栗),寺島良,2248,-0.1,6,8,7,35.4,474,0,
,2023.11.25,京都,3京7,1勝,１勝ｸﾗｽ,8,16,ケイアイアニラ,牡,3,坂井瑠星, 57 ,16,3,１, ,ダ1400,良,,(栗),吉岡辰弥,1237,-0.3,,4,3,37.0,538,+16,
,2023.11.25,京都,3京7,1勝,１勝ｸﾗｽ,6,9,サムハンター,牡,5,横山典弘, 58 ,14,9,１, ,ダ1800,良,,(栗),高橋康之,1527,-0.3,1,1,1,38.6,496,+10,
,2023.11.25,京都,3京7,新馬,新馬,7,9,メイショウヤーキス,牡,2,横山和生, 56 ,12,2,１, ,ダ1200,良,,(栗),飯田祐史,1128,-0.0,,3,2,37.0,458,,
,2023.11.25,京都,3京7,新馬,新馬,6,8,ヤマニンアストロン,牡,2,角田大河,55☆,12,1,１, 内,芝1400,良,,(栗),石橋守,1226,-0.3,,2,2,34.7,478,,
,2023.11.25,京都,3京7,未勝利,障害未勝利,6,6,メイショウキリモン,牡,5,森一馬, 60 ,10,1,１, ,ダ2910,良,,(栗),荒川義之,3196,-1.1,1,1,1,13.7,482,0,
,2023.11.25,京都,3京7,未勝利,未勝利*,5,7,ジャスティンアース,牡,2,松山弘平, 56 ,14,2,１, 外,芝1800,良,,(栗),杉山晴紀,1484,-0.3,,2,2,34.5,480,-4,
,2023.11.25,京都,3京7,未勝利,未勝利*,5,7,フェリーニ,牡,2,松山弘平, 56 ,13,5,１, 内,芝1600,良,,(栗),橋口慎介,1361,-0.2,,1,1,34.9,506,0,
,2023.11.25,京都,3京7,未勝利,未勝利*,6,11,ローザサンリヴァル,牡,2,モレイラ, 56 ,16,1,１, ,ダ1800,良,,(栗),高野友和,1544,-0.4,9,2,3,37.3,492,+2,
,2023.11.19,京都,3京6,3勝,西陣Ｓ･3勝,7,11,テーオーステルス,牡,4,川田将雅, 58 ,14,2,１, ,ダ1400,稍,,(栗),奥村豊,1240,-0.0,,4,4,36.2,540,0,
,2023.11.19,京都,3京6,Ｇ１,マイルチG1,8,16,ナミュール,牝,4,藤岡康太, 56 ,16,5,１, 外,芝1600,良,,(栗),高野友和,1325,-0.0,,14,15,33.0,454,0,
,2023.11.19,京都,3京6,2勝,近江特Ｈ･2勝,2,4,ウインスノーライト,牡,3,長岡禎仁, 54 ,17,2,１, 内,芝2000,良,,(栗),杉山晴紀,1596,-0.3,10,1,1,35.2,484,+12,
,2023.11.19,京都,3京6,1勝,秋明菊賞･1勝,3,3,ダノンマッキンリー,牡,2,川田将雅, 56 ,8,1,１, 外,芝1400,良,,(栗),藤原英昭,1207,-0.4,,6,5,34.0,464,0,
,2023.11.19,京都,3京6,2勝,２勝ｸﾗｽ,8,15,ミラクル,牝,5,松若風馬, 56 ,15,3,１, ,ダ1200,稍,,(栗),加用正,1122,-0.0,,3,3,36.8,480,+6,
,2023.11.19,京都,3京6,2勝,２勝ｸﾗｽ・牝,8,15,メテオリート,牝,3,ルメール, 54 ,16,1,１, ,ダ1800,稍,*,(栗),吉岡辰弥,1523,-0.0,12,6,5,36.6,496,0,
,2023.11.19,京都,3京6,1勝,１勝ｸﾗｽ,5,8,パンデアスカル,牡,3,ルメール, 56 ,15,4,１, ,ダ1900,稍,,(栗),高野友和,2002,-0.0,5,4,4,38.1,500,+6,B
,2023.11.19,京都,3京6,新馬,新馬,5,5,アドマイヤテラ,牡,2,川田将雅, 56 ,7,5,１, 内,芝2000,稍,,(栗),友道康夫,2033,-0.3,3,2,2,34.2,494,,
,2023.11.19,京都,3京6,新馬,新馬,1,1,シヴァース,牡,2,ルメール, 56 ,13,1,１, 内,芝1600,稍,,(栗),友道康夫,1380,-0.0,,7,6,33.8,442,,
,2023.11.19,京都,3京6,未勝利,未勝利・牝*,7,10,サンセットビュー,牝,2,ルメール, 55 ,12,5,１, 外,芝1800,稍,,(栗),新谷功一,1490,-0.2,,5,3,35.5,456,+12,
,2023.11.19,京都,3京6,未勝利,未勝利*,6,11,オーシンハーフ,牡,2,団野大成, 56 ,16,2,１, ,ダ1800,稍,,(栗),池添学,1537,-0.1,1,1,1,38.3,460,-2,
,2023.11.19,京都,3京6,未勝利,未勝利*,1,1,ロードマイライフ,牡,2,モレイラ, 56 ,16,2,１, 内,芝1200,稍,,(栗),杉山晴紀,1096,-0.2,,4,4,34.4,486,0,
,2023.11.18,京都,3京5,1勝,１勝ｸﾗｽ,8,15,テンノメッセージ,牝,3,坂井瑠星, 55 ,15,6,１, 外,芝1600,稍,,(栗),高柳大輔,1344,-0.5,,2,2,33.9,468,-4,B
,2023.11.18,京都,3京5,OP(L),アンドＨ(L),8,16,ディープモンスター,牡,5,浜中俊, 58 ,16,1,１, 内,芝2000,稍,,(栗),池江泰寿,1592,-0.3,5,7,9,34.5,464,+2,
,2023.11.18,京都,3京5,3勝,比叡Ｓ･3勝,7,12,ディナースタ,牡,4,藤岡佑介, 58 ,14,5,１, 外,芝2400,稍,,(栗),辻野泰之,2277,-0.2,2,2,2,33.8,476,+18,
,2023.11.18,京都,3京5,2勝,蹴上特別･2勝,5,9,メイショウモズ,牡,3,幸英明, 56 ,16,1,１, ,ダ1800,重,,(栗),松永昌博,1523,-0.1,8,7,6,37.1,500,-2,
,2023.11.18,京都,3京5,2勝,２勝ｸﾗｽ,5,7,ニホンピロキーフ,牡,3,田口貫太,55△,13,6,１, 外,芝1600,稍,,(栗),大橋勇樹,1348,-0.0,,3,3,33.6,480,+14,
,2023.11.18,京都,3京5,1勝,１勝ｸﾗｽ・牝,5,5,レッツゴーローズ,牝,3,田口貫太,52△,12,1,１, ,ダ1800,重,,(栗),大橋勇樹,1515,-0.6,2,2,1,38.1,500,+2,
,2023.11.18,京都,3京5,未勝利,未勝利*,4,4,ハヤテノフクノスケ,牡,2,岩田望来, 56 ,10,2,１, 内,芝2000,稍,,(栗),中村直也,2016,-0.8,3,3,1,35.2,506,+2,
,2023.11.18,京都,3京5,新馬,新馬,4,4,マリーアムール,牝,2,今村聖奈,52▲,10,3,１, 内,芝1200,稍,,(栗),寺島良,1129,-0.2,,6,6,34.5,402,,
,2023.11.18,京都,3京5,新馬,新馬・牝,4,5,ミスティカ,牝,2,岩田望来, 55 ,13,4,１, ,ダ1400,重,,(栗),松下武士,1269,-0.0,,6,5,36.5,462,,
,2023.11.18,京都,3京5,未勝利,未勝利*,5,6,タガノデュード,牡,2,古川吉洋, 56 ,12,2,１, 内,芝1600,稍,,(栗),宮徹,1363,-0.2,,5,5,34.0,486,+2,
,2023.11.18,京都,3京5,未勝利,未勝利*,5,9,ロードフォアエース,牡,2,川田将雅, 56 ,16,1,１, ,ダ1800,重,,(栗),友道康夫,1522,-0.5,1,1,1,38.1,520,+4,
,2023.11.18,京都,3京5,未勝利,未勝利*,5,10,フラムリンガム,牡,2,坂井瑠星, 56 ,16,2,１, ,ダ1400,重,,(栗),田中克典,1248,-0.1,,1,2,37.3,484,0,
,2023.11.12,京都,3京4,2勝,ドンカス･2勝,4,8,エンペラーワケア,牡,3,松山弘平, 57 ,16,1,１, ,ダ1400,稍,,(栗),杉山晴紀,1247,-0.7,,2,2,36.4,530,-2,
,2023.11.12,京都,3京4,Ｇ１,エリザベG1,1,1,ブレイディヴェーグ,牝,3,ルメール, 54 ,15,1,１, 外,芝2200,良,,(美),宮田敬介,2126,-0.1,5,5,5,34.4,460,0,
,2023.11.12,京都,3京4,ｵｰﾌﾟﾝ,室町ＳＨ,7,14,アイスリアン,牝,5,西村淳也, 53 ,16,12,１, ,ダ1200,稍,,(栗),高柳大輔,1125,-0.0,,7,7,37.0,456,-2,
,2023.11.12,京都,3京4,1勝,黄菊賞･1勝*,4,4,センチュリボンド,牡,2,ルメール, 56 ,7,2,１, 内,芝2000,良,,(栗),庄野靖志,2018,-0.1,2,2,2,35.4,474,+10,
,2023.11.12,京都,3京4,2勝,２勝ｸﾗｽ,6,12,ヤマニンウルス,牡,3,ルメール, 56 ,16,1,１, ,ダ1900,稍,,(栗),斉藤崇史,2008,-0.6,2,2,2,38.4,576,+16,
,2023.11.12,京都,3京4,2勝,２勝ｸﾗｽ,6,6,アスクドゥポルテ,牡,3,岩田望来, 56 ,11,1,１, 外,芝2200,良,,(栗),河内洋,2139,-0.2,6,6,6,34.1,468,+6,
,2023.11.12,京都,3京4,1勝,１勝ｸﾗｽ,3,3,タイセイフェリーク,牝,3,松若風馬, 54 ,9,2,１, 外,芝1800,良,,(栗),田中克典,1471,-0.0,,4,5,34.5,434,+14,
,2023.11.12,京都,3京4,新馬,新馬,7,7,アドミラルシップ,牡,2,戸崎圭太, 56 ,8,3,１, 内,芝2000,良,,(美),相沢郁,2054,-0.0,3,2,3,34.8,458,,
,2023.11.12,京都,3京4,新馬,新馬,4,7,キタノズエッジ,牡,2,北村友一, 56 ,16,9,１, ,ダ1400,稍,,(栗),畑端省吾,1273,-0.0,,2,2,39.2,514,,
,2023.11.12,京都,3京4,未勝利,未勝利*,2,2,オフトレイル,牡,2,川田将雅, 56 ,13,1,１, 内,芝1600,良,,(栗),吉村圭司,1350,-0.3,,4,3,36.0,442,+12,
,2023.11.12,京都,3京4,未勝利,未勝利*,4,8,ロゼフレア,牝,2,ルメール, 55 ,17,1,１, 内,芝1400,良,,(栗),中村直也,1220,-0.2,,6,6,35.4,448,+6,
,2023.11.12,京都,3京4,未勝利,未勝利*,1,1,ラヴオントップ,牝,2,ルメール, 55 ,13,1,１, ,ダ1200,稍,,(栗),西村真幸,1127,-1.8,,1,1,37.1,482,-6,
,2023.11.11,京都,3京3,2勝,２勝ｸﾗｽ,6,11,シロン,牝,4,酒井学, 56 ,18,10,１, 外,芝1400,稍,,(栗),小栗実,1212,-0.1,,2,2,34.5,516,-2,B
,2023.11.11,京都,3京3,Ｇ２,デイリーG2,2,2,ジャンタルマンタル,牡,2,鮫島克駿, 56 ,11,1,１, 外,芝1600,稍,,(栗),高野友和,1345,-0.3,,3,3,34.7,490,-6,
,2023.11.11,京都,3京3,3勝,観月橋Ｓ･3勝,6,11,ゼットリアン,牡,3,松山弘平, 56 ,16,1,１, ,ダ1900,稍,,(栗),吉田直弘,1599,-0.7,9,8,7,38.3,448,+12,
,2023.11.11,京都,3京3,3勝,修学院Ｈ･3勝,5,9,ミッキーゴージャス,牝,3,川田将雅, 53 ,16,1,１, 内,芝2000,稍,,(栗),安田隆行,1593,-0.2,7,7,5,35.0,448,0,
,2023.11.11,京都,3京3,ＪＧ３,京都ジャJG3,8,11,エコロデュエル,牡,4,草野太郎, 60 ,12,4,１, ,芝3170,稍,,(美),岩戸孝樹,3387,-0.1,11,10,7,13.8,474,+2,
,2023.11.11,京都,3京3,1勝,１勝ｸﾗｽ,7,13,インヒズアイズ,牝,3,坂井瑠星, 55 ,16,1,１, ,ダ1200,重,,(栗),矢作芳人,1118,-0.7,,1,1,37.2,470,-2,
,2023.11.11,京都,3京3,1勝,１勝ｸﾗｽ,8,10,ロードアヴニール,牡,3,岩田望来, 56 ,10,1,１, ,ダ1800,重,,(栗),野中賢二,1543,-0.3,8,8,8,38.2,490,-2,B
,2023.11.11,京都,3京3,新馬,新馬,6,7,オスカーブレーヴ,牡,2,浜中俊, 56 ,11,4,１, 外,芝1800,稍,,(栗),吉村圭司,1504,-0.1,,1,1,33.9,498,,
,2023.11.11,京都,3京3,新馬,新馬,6,7,キーウェーブ,牡,2,和田竜二, 56 ,11,8,１, 内,芝1600,重,,(栗),川村禎彦,1356,-0.2,,2,2,35.8,420,,
,2023.11.11,京都,3京3,未勝利,未勝利*,3,3,メリオーレム,牡,2,川田将雅, 56 ,10,1,１, 内,芝2000,重,,(栗),友道康夫,2015,-0.2,2,3,2,36.1,480,0,
,2023.11.11,京都,3京3,未勝利,未勝利*,6,8,マルチャレアル,牡,2,ムーア, 56 ,13,2,１, ,ダ1800,重,,(栗),斉藤崇史,1552,-0.5,5,4,2,38.5,500,-4,
,2023.11.11,京都,3京3,未勝利,未勝利・牝*,7,11,レオテミス,牝,2,岩田望来, 55 ,14,7,１, ,ダ1400,重,,(栗),高柳大輔,1255,-1.4,,1,1,37.6,490,0,B
,"2023.11. 5",京都,3京2,1勝,１勝ｸﾗｽ,6,11,オードリーバローズ,牝,3,斎藤新, 55 ,17,1,１, 外,芝1400,良,,(栗),清水久詞,1210,-0.1,,7,7,33.6,482,0,
,"2023.11. 5",京都,3京2,Ｇ３,みやこＳG3,8,15,セラフィックコール,牡,3,Ｍ．デム, 55 ,16,1,１, ,ダ1800,良,,(栗),寺島良,1509,-0.5,11,11,11,36.1,536,+6,
,"2023.11. 5",京都,3京2,3勝,醍醐Ｓ･3勝,1,1,ショウナンハクラク,牡,4,松若風馬, 58 ,18,2,１, 内,芝1200,良,,(栗),松下武士,1073,-0.2,,7,7,33.4,478,+4,
,"2023.11. 5",京都,3京2,1勝,もちの木･1勝,6,6,アンモシエラ,牝,2,坂井瑠星, 55 ,11,5,１, ,ダ1800,良,,(栗),松永幹夫,1530,-0.0,2,2,2,39.1,488,0,
,"2023.11. 5",京都,3京2,2勝,２勝ｸﾗｽ,1,1,ダノンセシボン,牝,3,坂井瑠星, 55 ,14,4,１, ,ダ1200,良,,(栗),千田輝彦,1112,-0.2,,1,1,37.1,506,0,
,"2023.11. 5",京都,3京2,2勝,２勝ｸﾗｽ,3,3,オメガタキシード,セ,3,坂井瑠星, 56 ,12,2,１, ,ダ1800,良,*,(栗),松永幹夫,1525,-0.2,11,11,9,37.7,446,+2,
,"2023.11. 5",京都,3京2,1勝,１勝ｸﾗｽ,4,6,シンゼンイズモ,牡,3,和田竜二, 57 ,15,2,１, ,ダ1400,良,,(栗),荒川義之,1247,-0.1,,9,6,37.0,518,-2,
,"2023.11. 5",京都,3京2,新馬,新馬,4,4,ミスタージーティー,牡,2,坂井瑠星, 56 ,8,2,１, 内,芝2000,良,,(栗),矢作芳人,2020,-0.0,5,6,6,33.7,472,,
,"2023.11. 5",京都,3京2,新馬,新馬・牝,3,6,ラブディーヴァ,牝,2,松若風馬, 55 ,17,3,１, 内,芝1600,良,,(栗),杉山晴紀,1343,-0.1,,2,2,34.4,446,,
,"2023.11. 5",京都,3京2,未勝利,未勝利*,8,9,ブロードグリン,牝,2,横山和生, 55 ,9,5,１, 外,芝1800,良,,(栗),中村直也,1470,-0.2,,3,3,34.8,420,-18,
,"2023.11. 5",京都,3京2,未勝利,未勝利・牝*,3,3,ドルチアーリア,牝,2,坂井瑠星, 55 ,10,4,１, ,ダ1800,良,,(栗),新谷功一,1565,-0.5,1,1,1,39.6,486,0,
,"2023.11. 5",京都,3京2,未勝利,未勝利*,3,4,グレースルージュ,牝,2,Ｍ．デム, 55 ,14,5,１, 内,芝1200,良,,(栗),吉村圭司,1091,-0.3,,1,1,34.2,424,+10,
,"2023.11. 4",京都,3京1,2勝,２勝ｸﾗｽ,8,9,セオ,牡,3,坂井瑠星, 57 ,10,4,１, 外,芝1600,良,,(栗),上村洋行,1332,-0.0,,1,1,33.6,478,+22,
,"2023.11. 4",京都,3京1,Ｇ３,ファンタG3,3,6,カルチャーデイ,牝,2,酒井学, 55 ,18,15,１, 外,芝1400,良,,(栗),四位洋文,1204,-0.1,,4,3,34.2,420,+2,
,"2023.11. 4",京都,3京1,3勝,貴船ＳＨ･3勝,8,16,パラシュラーマ,牡,3,坂井瑠星, 57 ,16,1,１, ,ダ1200,良,,(栗),浜田多実,1108,-0.4,,3,3,35.1,474,-6,
,"2023.11. 4",京都,3京1,2勝,衣笠特別･2勝,7,8,ラスマドレス,牝,4,北村友一, 56 ,10,2,１, 内,芝2000,良,*,(栗),安田隆行,1592,-0.4,7,8,8,33.4,466,+8,
,"2023.11. 4",京都,3京1,1勝,１勝ｸﾗｽ,5,5,ヘニータイフーン,牝,3,団野大成, 54 ,12,3,１, ,ダ1800,良,,(栗),中村直也,1528,-0.2,5,6,5,37.0,486,+2,
,"2023.11. 4",京都,3京1,1勝,１勝ｸﾗｽ,8,10,ジューンアヲニヨシ,牡,3,藤岡康太, 56 ,11,3,１, 外,芝2200,良,*,(栗),松下武士,2121,-0.1,8,8,9,33.7,482,-4,
,"2023.11. 4",京都,3京1,新馬,新馬,3,4,エイカイソウル,牡,2,松山弘平, 56 ,14,1,１, ,ダ1800,良,,(栗),藤原英昭,1543,-1.8,3,3,3,37.6,472,,
,"2023.11. 4",京都,3京1,新馬,新馬,4,4,キーパフォーマー,牝,2,松若風馬, 55 ,10,6,１, 内,芝1600,良,,(栗),佐々木晶,1366,-0.1,,9,3,33.9,450,,
,"2023.11. 4",京都,3京1,未勝利,未勝利*,4,4,キープカルム,牡,2,鮫島克駿, 56 ,8,2,１, 内,芝2000,良,,(栗),中竹和也,2010,-0.2,3,3,2,33.8,490,-2,
,"2023.11. 4",京都,3京1,未勝利,未勝利・牝*,7,10,イフェイオン,牝,2,西村淳也, 55 ,13,2,１, 内,芝1600,良,,(栗),杉山佳明,1333,-0.3,,5,5,34.3,484,+2,
,"2023.11. 4",京都,3京1,未勝利,未勝利*,8,11,ポッドロゴ,牡,2,松山弘平, 56 ,11,2,１, ,ダ1800,良,,(栗),西園正都,1544,-0.4,3,3,2,37.1,472,+10,
,"2023.11. 4",京都,3京1,未勝利,未勝利*,6,11,スターターン,牡,2,松山弘平, 56 ,16,3,１, ,ダ1400,良,,(栗),坂口智康,1260,-0.2,,3,4,38.4,468,-10,
,2023.10.29,京都,2京9,2勝,２勝ｸﾗｽ,7,13,ブレーヴジャッカル,セ,5,浜中俊, 58 ,16,6,１, ,ダ1400,良,,(栗),長谷川浩,1245,-0.3,,8,5,37.2,456,-6,B
,2023.10.29,京都,2京9,OP(L),カシオペ(L),6,11,アルナシーム,牡,4,鮫島克駿, 57 ,16,3,１, 外,芝1800,良,,(栗),橋口慎介,1447,-0.1,,5,5,34.4,440,-2,
,2023.10.29,京都,2京9,3勝,古都ＳＨ･3勝,4,8,ワープスピード,牡,4,荻野極, 56 ,17,3,１, 外,芝3000,良,,(美),高木登,3037,-0.2,7,7,5,35.3,500,-2,B
,2023.10.29,京都,2京9,2勝,堀川特別･2勝,7,7,アイスグリーン,牡,3,鮫島克駿, 56 ,9,2,１, 外,芝1800,良,,(栗),池添学,1479,-0.2,,3,3,33.1,480,+6,
,2023.10.29,京都,2京9,1勝,１勝ｸﾗｽ,7,14,カマチョクイン,牝,3,鮫島克駿, 54 ,16,3,１, ,ダ1400,良,,(栗),橋口慎介,1248,-0.1,,5,4,37.9,466,+6,
,2023.10.29,京都,2京9,1勝,１勝ｸﾗｽ,2,2,ササヤキ,牡,3,池添謙一, 56 ,11,1,１, ,ダ1800,良,,(栗),畑端省吾,1534,-0.8,1,1,1,39.5,540,+8,
,2023.10.29,京都,2京9,新馬,新馬,5,5,ビップジーニー,牡,2,和田竜二, 56 ,10,2,１, 内,芝1400,良,,(栗),松下武士,1224,-0.0,,4,4,34.6,476,,
,2023.10.29,京都,2京9,新馬,新馬,8,11,カーメルタザイト,牡,2,北村友一, 56 ,11,1,１, 外,芝1800,良,,(栗),安田翔伍,1476,-0.2,,3,3,35.4,462,,
,2023.10.29,京都,2京9,新馬,新馬,6,6,パシアンジャン,牡,2,和田竜二, 56 ,10,5,１, ,ダ1800,良,,(栗),鈴木孝志,1545,-0.6,3,3,2,37.3,444,,
,2023.10.29,京都,2京9,未勝利,未勝利*,8,13,ルージュプレジール,牝,2,浜中俊, 55 ,13,6,１, 内,芝1600,良,,(栗),田中克典,1345,-0.0,,6,6,35.6,456,-2,
,2023.10.29,京都,2京9,未勝利,未勝利*,6,7,バロンドール,牡,2,横山典弘, 56 ,12,1,１, ,ダ1800,良,,(栗),松永幹夫,1548,-1.0,6,4,4,39.3,524,+2,
,2023.10.29,京都,2京9,未勝利,未勝利・牝*,5,5,ディーノサンライズ,牝,2,坂井瑠星, 55 ,12,7,１, ,ダ1400,良,,(栗),高橋康之,1264,-0.5,,5,5,39.2,442,+6,
,2023.10.28,京都,2京8,2勝,２勝ｸﾗｽ,3,4,ブライアンセンス,牡,3,モレイラ, 56 ,14,1,１, ,ダ1800,良,,(美),斎藤誠,1522,-0.5,6,7,7,37.4,512,+4,
,2023.10.28,京都,2京8,Ｇ２,スワンＳG2,2,3,ウイングレイテスト,牡,6,松岡正海, 57 ,18,10,１, 外,芝1400,良,,(美),畠山吉宏,1199,-0.1,,2,2,34.4,500,+4,B
,2023.10.28,京都,2京8,3勝,御陵Ｓ･3勝,6,11,ミッキーヌチバナ,牡,5,Ｍ．デム, 58 ,16,4,１, ,ダ1800,良,,(栗),高橋亮,1516,-0.0,11,8,7,37.2,524,+12,
,2023.10.28,京都,2京8,2勝,２勝ｸﾗｽ,6,8,スズハローム,牡,3,鮫島克駿, 56 ,13,3,１, 外,芝1400,良,,(栗),牧田和弥,1204,-0.2,,12,12,33.2,452,-8,
,2023.10.28,京都,2京8,OP(L),萩Ｓ(L),5,5,ルシフェル,牝,2,川田将雅, 55 ,7,1,１, 外,芝1800,良,,(栗),斉藤崇史,1479,-0.2,,5,3,34.0,488,+6,
,2023.10.28,京都,2京8,1勝,１勝ｸﾗｽ,7,8,グランヴィノス,牡,3,川田将雅, 56 ,10,2,１, 外,芝1800,良,,(栗),友道康夫,1459,-0.3,,7,7,33.5,512,-4,
,2023.10.28,京都,2京8,1勝,１勝ｸﾗｽ・牝,6,6,クリノクリスタル,牝,3,田口貫太,52△,11,1,１, ,ダ1800,良,,(栗),大橋勇樹,1540,-0.1,5,7,7,38.7,466,+2,
,2023.10.28,京都,2京8,新馬,新馬,5,5,ブエナオンダ,牡,2,川田将雅, 56 ,11,2,１, 内,芝2000,良,,(栗),須貝尚介,2014,-0.7,4,3,3,34.4,456,,
,2023.10.28,京都,2京8,新馬,新馬,2,2,メイショウザンゲツ,牝,2,和田竜二, 55 ,11,7,１, ,ダ1400,良,,(栗),鈴木孝志,1268,-0.5,,1,1,38.6,428,,
,2023.10.28,京都,2京8,未勝利,未勝利*,6,6,ダノンデサイル,牡,2,横山典弘, 56 ,10,5,１, 外,芝1800,良,,(栗),安田翔伍,1479,-0.2,,2,2,35.0,508,+4,
,2023.10.28,京都,2京8,未勝利,未勝利*,6,7,トッピゴー,牡,2,武豊, 56 ,12,1,１, ,ダ1200,良,,(栗),角田晃一,1131,-0.6,,2,2,37.0,514,-10,
,2023.10.28,京都,2京8,未勝利,未勝利*,6,7,ブルーサン,牡,2,和田竜二, 56 ,12,1,１, ,ダ1800,良,,(栗),川村禎彦,1540,-0.2,1,1,1,39.7,508,+2,
,2023.10.22,京都,2京7,3勝,桂川ＳＨ･3勝,2,2,ペースセッティング,牡,3,団野大成, 56 ,14,2,１, ,ダ1400,良,,(栗),安田隆行,1233,-0.7,,3,2,35.8,490,-2,
,2023.10.22,京都,2京7,Ｇ１,菊花賞G1,8,17,ドゥレッツァ,牡,3,ルメール, 57 ,17,4,１, 外,芝3000,良,,(美),尾関知人,3031,-0.6,1,3,2,34.6,468,+12,
,2023.10.22,京都,2京7,3勝,三年坂Ｓ･3勝,8,13,ソーダズリング,牝,3,武豊, 54 ,13,2,１, 外,芝1600,良,,(栗),音無秀孝,1337,-0.0,,6,6,32.8,474,0,
,2023.10.22,京都,2京7,2勝,壬生特別･2勝,3,6,ミルトクレイモー,牡,3,岩田望来, 57 ,16,3,１, 内,芝1200,良,,(栗),中村直也,1077,-0.3,,6,4,33.3,508,+2,
,2023.10.22,京都,2京7,1勝,なでしこ･1勝,1,1,ナスティウェザー,牡,2,岩田望来, 56 ,8,2,１, ,ダ1400,良,,(美),加藤征弘,1247,-0.1,,7,7,36.9,448,-4,
,2023.10.22,京都,2京7,2勝,２勝ｸﾗｽ・牝,1,1,ガウラ,牝,3,和田竜二, 54 ,16,8,１, ,ダ1800,良,,(栗),鈴木孝志,1525,-0.1,4,4,6,36.9,480,+2,
,2023.10.22,京都,2京7,1勝,１勝ｸﾗｽ,8,15,ビヨンドザヴァレー,牝,3,松山弘平, 54 ,16,1,１, 外,芝1600,良,,(栗),橋口慎介,1328,-0.1,,5,4,35.2,458,+8,
,2023.10.22,京都,2京7,新馬,新馬,8,8,サンライズアース,牡,2,Ｍ．デム, 56 ,8,7,１, 内,芝2000,良,,(栗),石坂公一,2014,-0.1,1,1,1,35.2,538,,
,2023.10.22,京都,2京7,新馬,新馬,1,1,ミライテーラー,牝,2,中井裕二, 55 ,12,6,１, ,ダ1200,良,,(栗),飯田雄三,1126,-0.5,,1,1,36.5,470,,
,2023.10.22,京都,2京7,未勝利,未勝利*,6,6,オールデュスヴラン,牡,2,モレイラ, 56 ,10,4,１, 内,芝2000,良,,(栗),池江泰寿,2019,-0.0,5,5,5,35.2,470,-2,
,2023.10.22,京都,2京7,未勝利,未勝利*,1,2,ヒルノドゴール,牡,2,武豊, 56 ,16,2,１, ,ダ1400,良,,(栗),北出成人,1257,-0.3,,5,5,37.7,498,-4,
,2023.10.22,京都,2京7,未勝利,未勝利*,4,4,テンエースワン,牡,2,岩田望来, 56 ,11,3,１, ,ダ1800,良,,(栗),大久保龍,1550,-0.1,4,3,3,37.6,486,+8,
,2023.10.21,京都,2京6,2勝,２勝ｸﾗｽ,8,15,ステラフィオーレ,牝,4,松山弘平, 56 ,16,4,１, ,ダ1200,良,,(栗),小栗実,1110,-0.0,,1,1,36.5,482,+16,
,2023.10.21,京都,2京6,ｵｰﾌﾟﾝ,オータム,8,13,サンライズフレイム,牡,3,藤岡康太, 56 ,13,1,１, ,ダ1400,良,,(栗),石坂公一,1237,-0.3,,11,11,35.6,508,+2,
,2023.10.21,京都,2京6,2勝,鳴滝特Ｈ･2勝,4,4,ブレイヴロッカー,牡,3,藤岡康太, 55 ,12,1,１, 外,芝2400,良,,(栗),本田優,2252,-0.2,10,9,9,34.8,460,+6,
,2023.10.21,京都,2京6,2勝,北國新聞･2勝,8,16,イーサンバーニング,牡,4,武豊, 58 ,16,3,１, ,ダ1900,良,,(美),中野栄治,1596,-0.5,12,6,2,38.0,504,+6,
,2023.10.21,京都,2京6,1勝,１勝ｸﾗｽ,1,1,ロードトラスト,牡,3,川田将雅, 56 ,8,1,１, ,ダ1800,良,,(栗),長谷川浩,1542,-0.4,1,1,1,37.4,490,0,B
,2023.10.21,京都,2京6,1勝,１勝ｸﾗｽ,7,7,ハギノアルデバラン,牡,3,川田将雅, 56 ,7,1,１, 内,芝2000,良,,(栗),鮫島一歩,2008,-0.1,3,3,3,35.1,498,+4,
,2023.10.21,京都,2京6,1勝,１勝ｸﾗｽ,6,9,アイファーシアトル,牝,3,藤懸貴志, 55 ,14,2,１, ,ダ1200,良,,(栗),鮫島一歩,1124,-0.1,,1,1,37.3,472,0,
,2023.10.21,京都,2京6,新馬,新馬,6,9,ブルーアイドガール,牝,2,松山弘平, 55 ,14,2,１, 内,芝1600,良,,(栗),吉岡辰弥,1364,-0.2,,8,8,34.9,430,,
,2023.10.21,京都,2京6,新馬,新馬・牝,3,5,ケーブパール,牝,2,藤岡康太, 55 ,18,4,１, 内,芝1400,良,,(栗),友道康夫,1223,-0.1,,12,11,34.0,430,,
,2023.10.21,京都,2京6,新馬,新馬,8,16,キャストロペペ,牡,2,国分優作, 56 ,16,9,１, ,ダ1800,良,*,(栗),四位洋文,1558,-0.9,3,1,1,40.1,470,,
,2023.10.21,京都,2京6,未勝利,未勝利*,8,8,インザモーメント,牡,2,鮫島克駿, 56 ,9,2,１, 外,芝1800,良,,(栗),田中克典,1484,-0.1,,4,5,35.1,480,+4,
,2023.10.21,京都,2京6,未勝利,未勝利*,8,10,タイキヴァンクール,牡,2,浜中俊, 56 ,11,1,１, 内,芝1400,良,,(栗),中尾秀正,1227,-0.2,,4,4,34.9,510,-2,
,2023.10.15,京都,2京5,3勝,花背ＳＨ･3勝,3,3,テーオーリカード,牡,3,岩田望来, 55 ,14,1,１, ,ダ1800,重,,(栗),高柳大輔,1509,-1.3,1,1,1,37.4,488,+2,B
,2023.10.15,京都,2京5,Ｇ１,秋華賞G1,3,6,リバティアイランド,牝,3,川田将雅, 55 ,18,1,１, 内,芝2000,稍,,(栗),中内田充,2011,-0.1,7,7,3,33.6,476,+10,
,2023.10.15,京都,2京5,3勝,大原Ｓ･3勝,7,7,ゴールドエクリプス,牝,4,岩田望来, 56 ,7,1,１, 外,芝1800,稍,,(栗),大久保龍,1470,-0.1,,2,2,35.5,498,+2,
,2023.10.15,京都,2京5,2勝,２勝ｸﾗｽ,6,8,サイモンザナドゥ,牡,3,武豊, 56 ,12,1,１, ,ダ1800,重,,(栗),小林真也,1514,-1.0,6,5,3,37.6,478,-2,
,2023.10.15,京都,2京5,ｵｰﾌﾟﾝ,もみじＳ,2,2,ナナオ,牝,2,西村淳也, 56 ,6,2,１, 外,芝1400,重,,(栗),小栗実,1232,-0.2,,1,1,33.8,424,+12,
,2023.10.15,京都,2京5,1勝,１勝ｸﾗｽ,6,8,ペプチドタイガー,牡,3,川田将雅, 56 ,13,1,１, ,ダ1400,重,,(栗),吉村圭司,1240,-0.8,,2,1,37.9,460,-6,
,2023.10.15,京都,2京5,1勝,１勝ｸﾗｽ,1,1,オメガタキシード,セ,3,坂井瑠星, 56 ,8,4,１, ,ダ1800,重,,(栗),松永幹夫,1524,-0.0,6,7,6,36.6,444,-2,
,2023.10.15,京都,2京5,新馬,新馬,5,8,エルサビオ,牡,2,川田将雅, 56 ,15,2,１, 外,芝1800,重,,(栗),中内田充,1499,-0.0,,1,1,34.4,482,,
,2023.10.15,京都,2京5,新馬,新馬,7,8,シュークリーム,牝,2,松山弘平, 55 ,11,5,１, 内,芝1200,重,,(栗),西村真幸,1100,-1.1,,1,1,33.8,422,,
,2023.10.15,京都,2京5,未勝利,未勝利*,2,2,サトノシュトラーセ,牡,2,川田将雅, 56 ,5,1,１, 内,芝2000,重,,(栗),友道康夫,2027,-0.8,2,2,2,34.9,510,-4,
,2023.10.15,京都,2京5,未勝利,未勝利*,5,5,アンモシエラ,牝,2,松山弘平, 55 ,9,3,１, ,ダ1800,重,,(栗),松永幹夫,1554,-1.2,2,3,2,38.2,488,-8,
,2023.10.15,京都,2京5,未勝利,未勝利*,6,6,ダノンスウィッチ,牡,2,ルメール, 56 ,9,1,１, ,ダ1400,重,,(栗),音無秀孝,1264,-0.2,,5,5,37.6,474,+2,
,2023.10.14,京都,2京4,2勝,２勝ｸﾗｽ,6,10,タマモダイジョッキ,牡,5,武豊, 58 ,14,2,１, ,ダ1400,良,,(栗),緒方努,1240,-0.1,,12,11,36.2,490,+2,
,2023.10.14,京都,2京4,ｵｰﾌﾟﾝ,太秦Ｓ,3,3,ヴィクティファルス,セ,5,池添謙一, 58 ,12,7,１, ,ダ1800,良,,(栗),池添学,1513,-0.2,7,6,2,37.8,480,+10,
,2023.10.14,京都,2京4,2勝,北野特別･2勝,5,5,ヘネラルカレーラ,牝,5,坂井瑠星, 56 ,8,2,１, 内,芝2000,良,,(栗),角田晃一,2009,-0.6,1,1,1,33.4,470,-6,
,2023.10.14,京都,2京4,2勝,２勝ｸﾗｽ,7,9,ブリュットミレジメ,牡,4,団野大成, 58 ,11,4,１, 外,芝1400,良,,(栗),荒川義之,1206,-0.1,,10,10,33.8,508,0,
,2023.10.14,京都,2京4,1勝,紫菊賞･1勝*,3,3,ジュンゴールド,牡,2,坂井瑠星, 56 ,5,1,１, 外,芝1800,良,,(栗),友道康夫,1472,-0.6,,1,1,34.0,484,-6,
,2023.10.14,京都,2京4,1勝,１勝ｸﾗｽ,2,2,サンデーファンデー,牡,3,松若風馬, 56 ,9,1,１, ,ダ1800,良,,(栗),音無秀孝,1541,-0.0,2,2,2,37.7,498,-8,B
,2023.10.14,京都,2京4,1勝,１勝ｸﾗｽ,8,10,ケイアイサンデラ,牡,3,藤懸貴志, 55 ,10,4,１, 外,芝2400,良,,(栗),小林真也,2248,-0.4,1,1,1,33.9,436,+8,B
,2023.10.14,京都,2京4,新馬,新馬,2,2,タガノエルピーダ,牝,2,団野大成, 55 ,13,2,１, 内,芝1600,良,,(栗),斉藤崇史,1343,-0.1,,3,2,33.5,440,,
,2023.10.14,京都,2京4,新馬,新馬,2,2,フォーエバーヤング,牡,2,坂井瑠星, 56 ,14,2,１, ,ダ1800,良,,(栗),矢作芳人,1548,-0.7,4,5,4,37.7,526,,
,2023.10.14,京都,2京4,未勝利,未勝利*,7,9,バレルターン,牡,2,西村淳也, 56 ,11,1,１, 内,芝1600,良,,(栗),茶木太樹,1345,-0.1,,5,4,34.7,464,-6,
,2023.10.14,京都,2京4,未勝利,未勝利*,1,1,ヒロノラメール,牡,2,和田竜二, 56 ,8,1,１, ,ダ1800,良,*,(栗),川村禎彦,1553,-0.1,3,2,2,39.5,474,+4,
,2023.10.14,京都,2京4,未勝利,未勝利・牝*,6,7,ドレシャス,牝,2,田口貫太,52▲,12,1,１, ,ダ1200,良,,(栗),西園正都,1136,-0.6,,2,1,37.1,480,+4,
,"2023.10. 9",京都,2京3,2勝,２勝ｸﾗｽ・牝,4,5,レディフォース,牝,3,長岡禎仁, 54 ,13,1,１, ,ダ1400,重,,(栗),杉山佳明,1247,-0.1,,1,1,38.5,514,-2,
,"2023.10. 9",京都,2京3,Ｇ２,京都大賞G2,5,7,プラダリア,牡,4,池添謙一, 57 ,14,5,１, 外,芝2400,重,,(栗),池添学,2253,-0.0,3,3,2,35.6,470,+6,
,"2023.10. 9",京都,2京3,3勝,大山崎Ｓ･3勝,8,13,エーティーマクフィ,牡,4,藤岡佑介, 58 ,13,1,１, ,ダ1200,重,,(栗),武英智,1117,-0.0,,6,5,36.4,484,+6,
,"2023.10. 9",京都,2京3,1勝,りんどう･1勝,4,4,キャプテンネキ,牝,2,松山弘平, 55 ,10,5,１, 外,芝1400,重,,(栗),杉山晴紀,1229,-0.0,,2,2,35.5,528,0,
,"2023.10. 9",京都,2京3,1勝,１勝ｸﾗｽ,7,14,ギーロカスタル,牡,3,和田竜二, 57 ,16,4,１, ,ダ1200,重,,(栗),鈴木孝志,1128,-0.2,,5,5,37.7,466,+6,
,"2023.10. 9",京都,2京3,1勝,１勝ｸﾗｽ,3,3,エンツォウーノ,牡,3,岩田康誠, 56 ,13,4,１, ,ダ1900,重,,(栗),田中克典,1591,-0.6,13,2,1,37.6,512,-4,B
,"2023.10. 9",京都,2京3,1勝,１勝ｸﾗｽ・牝,2,2,スマートケープ,牝,3,松山弘平, 54 ,11,1,１, ,ダ1800,重,,(栗),辻野泰之,1529,-0.9,1,1,1,38.1,496,+8,
,"2023.10. 9",京都,2京3,新馬,新馬,3,3,オールナット,牡,2,北村友一, 56 ,10,2,１, 内,芝2000,重,,(栗),高野友和,2055,-0.3,1,1,1,34.4,518,,
,"2023.10. 9",京都,2京3,新馬,新馬,7,14,バンドシェル,牡,2,菅原明良, 56 ,17,4,１, 内,芝1400,重,,(栗),西村真幸,1227,-0.0,,8,9,35.6,458,,
,"2023.10. 9",京都,2京3,未勝利,未勝利*,6,6,ストラクチャー,牡,2,古川吉洋, 56 ,9,6,１, 外,芝1800,重,,(栗),浜田多実,1487,-0.1,,7,7,35.9,446,+2,
,"2023.10. 9",京都,2京3,未勝利,未勝利*,7,8,エコロガイア,牡,2,川田将雅, 56 ,10,1,１, ,ダ1200,重,,(栗),森秀行,1126,-1.3,,4,2,36.8,462,+4,
,"2023.10. 9",京都,2京3,未勝利,未勝利*,2,2,マイネルティグレ,牡,2,和田竜二, 56 ,12,5,１, 内,芝1400,重,,(栗),西園正都,1226,-0.2,,3,3,36.4,476,0,
,"2023.10. 8",京都,2京2,2勝,２勝ｸﾗｽ,3,3,アルムラトゥール,牡,3,鷲頭虎太,54▲,13,3,１, ,ダ1200,良,,(栗),川村禎彦,1116,-0.1,,1,1,37.0,498,0,B
,"2023.10. 8",京都,2京2,OP(L),オパーＨ(L),7,13,メイショウゲンセン,牝,6,藤岡康太, 53 ,18,2,１, 内,芝1200,良,,(栗),武幸四郎,1081,-0.1,,1,1,34.5,454,+24,
,"2023.10. 8",京都,2京2,3勝,トルマリ･3勝,8,14,サーマルソアリング,牝,3,北村友一, 54 ,15,1,１, ,ダ1800,良,,(栗),藤原英昭,1509,-0.2,3,3,2,36.3,480,-6,
,"2023.10. 8",京都,2京2,2勝,清滝特別･2勝,2,2,シェイクユアハート,牡,3,古川吉洋, 55 ,12,4,１, 外,芝2200,良,,(栗),宮徹,2120,-0.1,3,2,2,34.3,438,+2,
,"2023.10. 8",京都,2京2,1勝,１勝ｸﾗｽ,8,17,ケイデンシーマーク,牝,3,北村友一, 54 ,17,1,１, 外,芝1400,良,,(栗),安田隆行,1216,-0.2,,3,3,33.8,444,+2,
,"2023.10. 8",京都,2京2,1勝,１勝ｸﾗｽ,4,5,シゲルショウグン,牡,3,永島まな,53▲,13,3,１, ,ダ1800,良,,(栗),大橋勇樹,1516,-1.0,1,1,1,37.5,500,+2,
,"2023.10. 8",京都,2京2,1勝,１勝ｸﾗｽ,5,10,エミサキホコル,牡,3,松山弘平, 56 ,16,2,１, ,ダ1400,良,,(栗),杉山佳明,1243,-0.1,,7,7,36.1,484,+8,B
,"2023.10. 8",京都,2京2,新馬,新馬,3,3,ジャンタルマンタル,牡,2,鮫島克駿, 56 ,12,2,１, 外,芝1800,良,,(栗),高野友和,1474,-0.4,,4,3,34.6,496,,
,"2023.10. 8",京都,2京2,ｵｰﾌﾟﾝ,障害・オープ,4,4,ロックユー,セ,5,西谷誠, 60 ,11,2,１, ,ダ3170,良,,(栗),中内田充,3334,-1.3,2,2,1,13.5,458,+12,
,"2023.10. 8",京都,2京2,新馬,新馬,6,11,タガノミスト,牝,2,富田暁, 55 ,16,3,１, ,ダ1400,良,,(栗),川村禎彦,1259,-0.2,,1,1,37.9,454,,
,"2023.10. 8",京都,2京2,未勝利,未勝利・牝*,7,10,スウィープフィート,牝,2,永島まな,52▲,12,6,１, 内,芝1600,良,,(栗),庄野靖志,1348,-0.1,,9,5,35.5,464,+10,
,"2023.10. 8",京都,2京2,未勝利,未勝利*,7,9,クリスアーサー,牡,2,河原田菜,52★,12,3,１, 内,芝1200,良,*,(栗),渡辺薫彦,1091,-0.3,,2,1,35.5,514,+6,
,"2023.10. 7",京都,2京1,2勝,２勝ｸﾗｽ,2,3,ドゥラリアル,牡,3,西村淳也, 56 ,15,2,１, ,ダ1800,良,,(栗),上村洋行,1524,-0.4,9,8,6,36.8,498,+4,
,"2023.10. 7",京都,2京1,ｵｰﾌﾟﾝ,藤森Ｓ,2,3,サンライズアムール,牡,4,池添謙一, 57 ,16,1,１, ,ダ1200,良,,(栗),小林真也,1109,-0.4,,3,3,36.0,518,0,
,"2023.10. 7",京都,2京1,3勝,長岡京Ｈ･3勝,3,4,メイショウソラフネ,牡,4,角田大河, 56 ,15,2,１, 外,芝1400,良,,(栗),石橋守,1202,-0.0,,6,5,34.3,448,0,
,"2023.10. 7",京都,2京1,2勝,宝ケ池特･2勝,5,5,トゥードジボン,牡,4,藤岡佑介, 58 ,11,3,１, 外,芝1600,良,,(栗),四位洋文,1340,-0.2,,1,1,33.5,488,+8,
,"2023.10. 7",京都,2京1,1勝,１勝ｸﾗｽ,2,2,シュタールヴィント,牡,3,坂井瑠星, 56 ,11,1,１, 外,芝1800,良,,(栗),矢作芳人,1470,-0.0,,4,4,33.8,440,-2,
,"2023.10. 7",京都,2京1,1勝,１勝ｸﾗｽ・牝,8,15,カセノミオ,牝,3,田口貫太,51▲,16,2,１, ,ダ1400,良,,(栗),中尾秀正,1249,-0.5,,2,2,38.1,528,+14,
,"2023.10. 7",京都,2京1,新馬,新馬,7,14,バスタードサフラン,牝,2,藤岡康太, 55 ,16,6,１, ,ダ1800,良,,(栗),渡辺薫彦,1556,-0.1,5,3,2,39.2,464,,
,"2023.10. 7",京都,2京1,新馬,新馬・牝,4,7,プシプシーナ,牝,2,永島まな,52▲,18,4,１, 内,芝1600,良,,(栗),小栗実,1350,-0.1,,2,2,34.6,410,,
,"2023.10. 7",京都,2京1,未勝利,障害未勝利,8,10,ファジュル,セ,4,小野寺祐, 60 ,11,1,１, ,ダ2910,良,,(栗),藤沢則雄,3206,-1.3,3,2,2,13.8,454,-6,
,"2023.10. 7",京都,2京1,未勝利,未勝利*,2,2,エルフストラック,牝,2,岩田望来, 55 ,6,1,１, 内,芝2000,良,,(栗),中村直也,2023,-0.0,3,3,2,34.9,462,-4,
,"2023.10. 7",京都,2京1,未勝利,未勝利*,8,15,オペラプラージュ,牡,2,西村淳也, 56 ,16,1,１, ,ダ1800,良,*,(栗),新谷功一,1537,-0.3,3,3,3,38.1,492,,
,"2023.10. 7",京都,2京1,未勝利,未勝利*,8,12,モズナイスバディー,牡,2,角田大和,55☆,13,6,１, ,ダ1400,良,,(栗),飯田祐史,1261,-0.1,,3,3,38.7,484,-4,
,"2023. 5.28",京都,1京C,3勝,渡月橋Ｓ･3勝,5,8,ホウオウノーサイド,牡,4,斎藤新, 58 ,14,5,１, 外,芝1400,良,,(美),斎藤誠,1208,-0.1,,9,10,33.2,482,0,
,"2023. 5.28",京都,1京C,OP(L),白百合Ｓ(L),8,8,バルサムノート,牡,3,西村淳也, 56 ,8,3,１, 外,芝1800,良,,(栗),高野友和,1460,-0.0,,6,6,33.6,494,+4,
,"2023. 5.28",京都,1京C,OP(L),安土城Ｈ(L),6,12,ママコチャ,牝,4,鮫島克駿, 54 ,18,1,１, 外,芝1400,良,,(栗),池江泰寿,1190,-0.5,,4,4,33.0,484,0,
,"2023. 5.28",京都,1京C,2勝,與杼特別･2勝,7,13,ワセダハーツ,牡,5,松若風馬, 58 ,16,5,１, ,ダ1900,良,,(栗),橋口慎介,2002,-0.3,14,13,12,37.9,436,-2,
,"2023. 5.28",京都,1京C,2勝,２勝ｸﾗｽ,1,1,カフジエニアゴン,牝,4,富田暁, 56 ,16,1,１, ,ダ1200,良,,(栗),木原一良,1121,-0.4,,1,1,37.4,502,+2,
,"2023. 5.28",京都,1京C,1勝,１勝ｸﾗｽ*,2,2,クレメダンジュ,牝,3,和田竜二, 54 ,15,5,１, ,ダ1800,良,,(栗),鈴木孝志,1535,-0.0,9,6,5,38.0,452,-2,
,"2023. 5.28",京都,1京C,1勝,１勝ｸﾗｽ,7,7,ケンハービンジャー,牡,5,泉谷楓真,57☆,8,2,１, 外,芝2400,良,*,(栗),本田優,2288,-0.0,4,4,4,33.9,442,+2,
,"2023. 5.28",京都,1京C,未勝利,未勝利,4,7,モズロックンロール,牡,3,角田大和,55☆,17,1,１, 内,芝2000,良,,(栗),藤岡健一,2003,-0.2,3,3,3,33.6,514,-2,
,"2023. 5.28",京都,1京C,未勝利,障害未勝利,7,7,エコロデュエル,牡,4,草野太郎, 59 ,9,4,１, ,ダ2910,良,,(美),岩戸孝樹,3145,-2.2,2,2,1,13.4,464,+2,
,"2023. 5.28",京都,1京C,未勝利,未勝利,7,15,ピピオラ,牝,3,藤岡康太, 54 ,18,7,１, 内,芝1600,良,,(栗),武幸四郎,1336,-0.2,,9,9,34.5,470,0,
,"2023. 5.28",京都,1京C,未勝利,未勝利,6,11,イージスバローズ,牡,3,西村淳也, 56 ,16,1,１, ,ダ1800,良,,(栗),中内田充,1542,-0.3,8,5,3,39.0,456,-2,B
,"2023. 5.28",京都,1京C,未勝利,未勝利・牝,2,4,フィルムアクトレス,牝,3,鮫島克駿, 54 ,16,2,１, ,ダ1400,良,,(栗),石橋守,1253,-0.1,,1,1,38.2,480,+4,
,"2023. 5.27",京都,1京B,2勝,２勝ｸﾗｽ,6,10,メイショウベッピン,牝,6,武豊, 56 ,14,1,１, 外,芝1400,良,*,(栗),荒川義之,1202,-0.1,,11,11,33.4,490,-2,
,"2023. 5.27",京都,1京B,Ｇ３,葵ＳG3,7,15,モズメイメイ,牝,3,武豊, 55 ,18,4,１, 内,芝1200,良,,(栗),音無秀孝,1071,-0.1,,1,1,33.2,466,+10,
,"2023. 5.27",京都,1京B,3勝,桃山ＳＨ･3勝,5,9,ビヨンドザファザー,牡,4,坂井瑠星, 58 ,16,2,１, ,ダ1900,良,,(栗),藤岡健一,1580,-0.3,11,11,10,37.4,514,-2,
,"2023. 5.27",京都,1京B,2勝,御室特別･2勝,4,6,エニシノウタ,牝,5,岩田望来, 56 ,15,5,１, 内,芝2000,良,,(栗),笹田和秀,1587,-0.2,13,12,12,33.8,452,0,
,"2023. 5.27",京都,1京B,1勝,１勝ｸﾗｽ,6,6,ロンズデーライト,牡,5,荻野極, 58 ,10,7,１, 外,芝1600,良,,(栗),池添学,1331,-0.2,,1,1,34.3,518,+2,
,"2023. 5.27",京都,1京B,1勝,１勝ｸﾗｽ,1,1,メイショウマントル,牡,5,国分優作, 58 ,12,6,１, ,ダ1800,良,,(栗),安達昭夫,1529,-0.0,9,8,6,37.9,520,-2,
,"2023. 5.27",京都,1京B,1勝,１勝ｸﾗｽ*,5,10,ニシキギミッチー,牡,3,団野大成, 56 ,16,13,１, ,ダ1400,良,,(美),鈴木伸尋,1244,-0.6,,2,2,36.9,480,-6,
,"2023. 5.27",京都,1京B,未勝利,未勝利,8,13,レジェンドシップ,牡,3,松山弘平, 56 ,13,1,１, 外,芝2200,良,,(栗),奥村豊,2132,-0.0,8,5,5,34.8,446,+10,
,"2023. 5.27",京都,1京B,未勝利,未勝利,1,2,シャングリラ,牝,3,鮫島克駿, 54 ,18,6,１, 内,芝1400,良,,(栗),杉山晴紀,1207,-0.0,,13,11,33.9,420,0,
,"2023. 5.27",京都,1京B,未勝利,未勝利・牝,4,8,ブルーウィン,牝,3,田口貫太,51▲,18,5,１, 外,芝1800,良,,(栗),清水久詞,1462,-0.1,,1,1,34.8,444,+6,
,"2023. 5.27",京都,1京B,未勝利,未勝利,1,2,フスカル,牡,3,坂井瑠星, 56 ,16,1,１, ,ダ1200,良,,(栗),池添学,1131,-0.0,,4,4,37.1,484,0,B
,"2023. 5.27",京都,1京B,未勝利,未勝利,1,2,メイショウクモイ,牡,3,武豊, 56 ,16,1,１, ,ダ1800,良,,(栗),飯田祐史,1531,-2.0,8,6,3,37.4,466,0,
,"2023. 5.21",京都,1京A,2勝,２勝ｸﾗｽ,4,4,ルイナールカズマ,牡,4,松山弘平, 58 ,11,2,１, ,ダ1800,良,,(栗),奥村豊,1536,-0.0,7,6,5,37.9,508,+6,
,"2023. 5.21",京都,1京A,3勝,高瀬川Ｈ･3勝,1,1,サトノテンペスト,牡,5,和田竜二, 56 ,16,3,１, ,ダ1400,良,,(栗),高橋亮,1247,-0.2,,3,2,37.3,508,0,B
,"2023. 5.21",京都,1京A,OP(L),鳳雛Ｓ(L),7,8,エクロジャイト,牡,3,北村友一, 56 ,11,4,１, ,ダ1800,良,,(栗),安田隆行,1536,-0.2,1,1,1,37.1,506,+2,B
,"2023. 5.21",京都,1京A,2勝,紫野特Ｈ･2勝,6,8,ゴールドエクリプス,牝,4,岩田望来, 54 ,12,1,１, 外,芝1800,良,,(栗),大久保龍,1464,-0.2,,4,3,33.2,490,+4,
,"2023. 5.21",京都,1京A,1勝,１勝ｸﾗｽ,4,7,クロニクルノヴァ,セ,4,鮫島克駿, 58 ,18,1,１, 外,芝1400,良,,(栗),武幸四郎,1208,-0.1,,3,3,34.1,480,+4,
,"2023. 5.21",京都,1京A,1勝,１勝ｸﾗｽ,7,8,ウインヴェルデ,牡,4,松山弘平, 58 ,10,1,１, ,ダ1900,良,*,(栗),加用正,2016,-0.9,2,2,1,38.7,490,+6,B
,"2023. 5.21",京都,1京A,1勝,１勝ｸﾗｽ*,2,2,シルフィードレーヴ,牝,3,北村友一, 54 ,13,2,１, 内,芝1200,良,*,(栗),西園正都,1083,-0.1,,8,7,33.9,442,0,
,"2023. 5.21",京都,1京A,未勝利,未勝利,3,3,ハクサンビーナス,牝,3,岩田望来, 54 ,11,4,１, 内,芝2000,良,,(栗),寺島良,2006,-0.6,8,11,9,35.2,434,+10,
,"2023. 5.21",京都,1京A,未勝利,未勝利・牝,3,6,セーヌドゥレーヴ,牝,3,藤岡佑介, 54 ,18,1,１, 内,芝1600,良,,(栗),吉岡辰弥,1339,-0.3,,5,3,34.7,452,-10,
,"2023. 5.21",京都,1京A,未勝利,未勝利,6,12,ヒロノオオゾラ,牡,3,松若風馬, 56 ,16,2,１, ,ダ1800,稍,,(栗),宮本博,1548,-0.0,2,3,3,39.2,480,-10,B
,"2023. 5.21",京都,1京A,未勝利,未勝利,6,12,カシノインディード,牡,3,松若風馬, 56 ,18,15,１, 外,芝1800,良,*,(栗),牧田和弥,1479,-0.1,,13,13,34.1,464,+6,
,"2023. 5.21",京都,1京A,未勝利,未勝利・牝,8,14,フクノワカバ,牝,3,鮫島克駿, 54 ,15,2,１, ,ダ1200,稍,,(栗),杉山佳明,1138,-0.3,,1,1,37.5,440,+6,
,"2023. 5.20",京都,1京9,2勝,オースト･2勝,8,13,ヴアーサ,牡,5,藤岡康太, 58 ,14,1,１, ,ダ1400,稍,,(栗),鮫島一歩,1255,-0.5,,8,6,37.8,458,-2,
,"2023. 5.20",京都,1京9,Ｇ３,平安ＳG3,1,2,グロリアムンディ,牡,5,川田将雅, 58 ,16,1,１, ,ダ1900,稍,,(栗),大久保龍,1598,-0.4,3,2,1,39.4,510,+9,B
,"2023. 5.20",京都,1京9,3勝,シドニー･3勝,6,7,ローゼライト,牝,5,坂井瑠星, 56 ,11,6,１, 内,芝2000,稍,,(栗),清水久詞,1589,-0.1,2,2,2,34.8,452,+8,B
,"2023. 5.20",京都,1京9,1勝,メルボル･1勝,7,8,ラケマーダ,牡,3,Ｍ．デム, 56 ,10,1,１, 内,芝1600,稍,,(栗),千田輝彦,1339,-0.2,,4,3,34.9,492,0,
,"2023. 5.20",京都,1京9,1勝,１勝ｸﾗｽ,1,2,ステラフィオーレ,牝,4,Ｍ．デム, 56 ,16,6,１, ,ダ1200,稍,,(栗),小栗実,1127,-0.8,,1,1,36.7,472,+2,
,"2023. 5.20",京都,1京9,1勝,１勝ｸﾗｽ,4,4,チェルノボーグ,牡,4,川田将雅, 58 ,10,1,１, 外,芝1800,稍,,(栗),藤原英昭,1467,-0.0,,3,3,34.4,500,+14,
,"2023. 5.20",京都,1京9,1勝,１勝ｸﾗｽ*,2,4,ドンアミティエ,牡,3,藤岡康太, 56 ,16,1,１, ,ダ1200,稍,,(栗),今野貞一,1122,-1.5,,1,1,37.3,468,-6,B
,"2023. 5.20",京都,1京9,未勝利,未勝利,3,3,アースコンチェルト,牡,3,団野大成, 56 ,8,3,１, 外,芝2400,稍,,(栗),斉藤崇史,2304,-0.2,4,4,4,34.0,538,-2,
,"2023. 5.20",京都,1京9,未勝利,未勝利,4,7,ピースフルナイト,牝,3,坂井瑠星, 54 ,18,3,１, 内,芝1200,稍,,(栗),高野友和,1091,-0.1,,2,2,34.7,402,+4,
,"2023. 5.20",京都,1京9,未勝利,未勝利,4,7,ベストポイント,牡,3,松若風馬, 56 ,16,1,１, ,ダ1900,重,,(栗),杉山晴紀,2034,-0.4,3,3,3,38.7,502,-8,
,"2023. 5.20",京都,1京9,未勝利,未勝利,7,13,マイネルフォーコン,牡,3,坂井瑠星, 56 ,16,1,１, ,ダ1400,重,,(栗),西園翔太,1249,-0.2,,1,1,37.9,484,+4,
,"2023. 5.20",京都,1京9,未勝利,未勝利・牝,7,14,ヴァレンシアスノー,牝,3,太宰啓介, 54 ,16,12,１, ,ダ1800,重,,(栗),宮本博,1573,-0.1,3,3,3,40.8,434,-8,
,"2023. 5.14",京都,1京8,2勝,２勝ｸﾗｽ,8,14,タガノエスコート,牡,4,和田竜二, 58 ,14,1,１, ,ダ1800,重,,(栗),小林真也,1538,-0.0,2,2,2,37.5,492,0,
,"2023. 5.14",京都,1京8,OP(L),栗東ＳＨ(L),5,10,アイオライト,牡,6,岩田望来, 58 ,16,5,１, ,ダ1400,重,,(美),武藤善則,1234,-1.1,,3,2,37.0,490,-4,
,"2023. 5.14",京都,1京8,3勝,錦ＳＨ･3勝,7,11,シェイリーン,牝,4,北村友一, 54 ,13,1,１, 外,芝1600,稍,,(栗),池添学,1343,-0.2,,2,2,33.9,504,0,B
,"2023. 5.14",京都,1京8,2勝,白川特別･2勝,8,8,サンセットクラウド,牡,4,鮫島克駿, 58 ,8,2,１, 外,芝2400,稍,,(栗),矢作芳人,2272,-0.1,5,4,4,35.4,462,+6,
,"2023. 5.14",京都,1京8,1勝,１勝ｸﾗｽ,2,2,フローレンスハニー,牝,4,鮫島克駿, 56 ,13,1,１, 内,芝1200,稍,,(栗),高柳大輔,1090,-0.1,,4,4,34.3,440,+8,
,"2023. 5.14",京都,1京8,1勝,１勝ｸﾗｽ,8,11,グローツラング,牡,4,藤岡佑介, 58 ,12,3,１, ,ダ1800,重,,(栗),安達昭夫,1543,-0.1,8,3,2,39.0,524,+6,
,"2023. 5.14",京都,1京8,1勝,１勝ｸﾗｽ・牝,5,5,サンクフィーユ,牝,4,西村淳也, 56 ,8,1,１, 外,芝1800,稍,,(栗),中内田充,1474,-0.0,,3,3,35.8,460,0,
,"2023. 5.14",京都,1京8,1勝,１勝ｸﾗｽ*,8,14,テーオーリカード,牡,3,岩田望来, 56 ,14,3,１, ,ダ1800,重,,(栗),高柳大輔,1537,-0.6,1,1,1,38.7,486,+8,B
,"2023. 5.14",京都,1京8,未勝利,未勝利,4,4,ニホンピロアリー,牝,3,田口貫太,51▲,10,3,１, 内,芝2000,稍,,(栗),服部利之,2020,-0.2,3,3,2,37.5,424,+2,
,"2023. 5.14",京都,1京8,未勝利,未勝利,7,14,ヴィヴィッシモ,牡,3,武豊, 56 ,18,1,１, 内,芝1400,稍,,(栗),松永幹夫,1219,-0.3,,13,14,34.7,452,+4,
,"2023. 5.14",京都,1京8,未勝利,未勝利,8,12,クリノリンカーン,牡,3,中井裕二, 56 ,12,9,１, ,ダ1800,重,,(栗),長谷川浩,1558,-0.1,7,3,3,39.3,516,,
,"2023. 5.14",京都,1京8,未勝利,未勝利,8,16,ギーロカスタル,牡,3,和田竜二, 56 ,16,5,１, ,ダ1200,重,,(栗),鈴木孝志,1130,-0.9,,3,2,37.2,460,+2,
,"2023. 5.13",京都,1京7,2勝,２勝ｸﾗｽ,7,12,スマートラプター,牡,4,武豊, 58 ,15,1,１, ,ダ1200,良,,(栗),西園正都,1118,-0.1,,2,2,35.7,522,+2,
,"2023. 5.13",京都,1京7,OP(L),都大路Ｓ(L),7,8,エアファンディタ,牡,6,武豊, 58 ,10,1,１, 外,芝1800,良,,(栗),池添学,1459,-0.0,,6,5,33.0,460,-4,B
,"2023. 5.13",京都,1京7,3勝,上賀茂Ｓ･3勝,8,15,メイクアリープ,牡,4,幸英明, 58 ,16,2,１, ,ダ1800,良,,(栗),大根田裕,1525,-0.0,5,3,1,38.3,486,+12,
,"2023. 5.13",京都,1京7,1勝,あずさ賞･1勝,4,4,リミットバスター,牡,3,高倉稜, 56 ,12,6,１, 内,芝2000,良,,(栗),杉山晴紀,1599,-0.1,2,2,2,33.6,508,-12,
,"2023. 5.13",京都,1京7,ＪＧ２,京都ハイJG2,8,10,ダイシンクローバー,セ,7,森一馬, 60 ,11,1,１, ,芝3930,良,,(栗),安田隆行,4337,-0.0,3,4,2,13.9,488,+4,
,"2023. 5.13",京都,1京7,2勝,２勝ｸﾗｽ,3,6,アドヴァイス,牝,4,幸英明, 56 ,16,4,１, 内,芝1200,良,,(栗),石坂公一,1087,-0.2,,1,1,33.3,488,+10,B
,"2023. 5.13",京都,1京7,1勝,１勝ｸﾗｽ,3,5,ブレーヴジャッカル,セ,5,坂井瑠星, 58 ,16,3,１, ,ダ1400,良,,(栗),長谷川浩,1250,-0.1,,2,2,37.6,476,-4,B
,"2023. 5.13",京都,1京7,未勝利,未勝利,8,11,ツクヨミ,牡,3,吉田隼人, 56 ,11,5,１, 外,芝1800,良,,(栗),坂口智康,1472,-0.1,,9,8,34.0,466,+6,
,"2023. 5.13",京都,1京7,未勝利,未勝利,7,13,マチカゼ,牡,3,鮫島克駿, 56 ,16,4,１, 内,芝1600,良,,(栗),杉山晴紀,1330,-0.4,,3,2,33.7,486,-2,
,"2023. 5.13",京都,1京7,未勝利,未勝利・牝,7,12,メイショウノブカ,牝,3,武豊, 54 ,15,2,１, 内,芝2000,良,,(栗),本田優,2003,-0.1,13,12,13,33.0,504,-4,
,"2023. 5.13",京都,1京7,未勝利,未勝利,3,3,モズバンディット,牡,3,幸英明, 56 ,10,1,１, ,ダ1900,良,,(栗),中尾秀正,2034,-0.0,4,3,1,38.3,450,+2,
,"2023. 5.13",京都,1京7,未勝利,未勝利・牝,7,10,グラングスト,牝,3,坂井瑠星, 54 ,13,1,１, ,ダ1800,良,,(栗),高野友和,1546,-0.0,2,2,2,37.5,550,+10,
,"2023. 5. 7",京都,1京6,2勝,２勝ｸﾗｽ,6,7,アスクドゥラメンテ,牡,4,池添謙一, 58 ,12,1,１, ,ダ1900,不,,(栗),藤原英昭,1570,-0.3,2,2,2,37.2,538,-2,
,"2023. 5. 7",京都,1京6,ｵｰﾌﾟﾝ,鞍馬Ｓ,7,14,エイシンスポッター,牡,4,角田大河, 57 ,18,2,１, 内,芝1200,不,,(栗),吉村圭司,1099,-0.1,,16,16,34.2,506,+14,
,"2023. 5. 7",京都,1京6,OP(L),橘Ｓ(L),8,8,ルガル,牡,3,角田大河, 56 ,9,2,１, 外,芝1400,不,,(栗),杉山晴紀,1231,-0.8,,2,2,35.9,512,0,
,"2023. 5. 7",京都,1京6,3勝,烏丸ＳＨ･3勝,5,9,ブローザホーン,牡,4,岩田康誠, 56 ,15,1,１, 外,芝2200,不,,(美),中野栄治,2149,-0.8,5,5,4,35.9,420,0,
,"2023. 5. 7",京都,1京6,1勝,１勝ｸﾗｽ,8,15,ヴィゴラスダンサー,牝,4,藤岡康太, 56 ,16,1,１, ,ダ1200,不,,(栗),友道康夫,1115,-0.2,,2,2,36.8,444,+6,
,"2023. 5. 7",京都,1京6,1勝,１勝ｸﾗｽ,5,5,レディベル,牝,4,古川奈穂,52★,9,3,１, 内,芝2000,不,,(栗),矢作芳人,2036,-0.2,2,2,2,36.2,512,-6,
,"2023. 5. 7",京都,1京6,1勝,１勝ｸﾗｽ・牝*,5,6,ライオットガール,牝,3,小沢大仁,53☆,12,3,１, ,ダ1800,不,,(栗),中村直也,1517,-0.2,4,4,4,37.7,462,-4,
,"2023. 5. 7",京都,1京6,未勝利,未勝利,8,8,ジューンアヲニヨシ,牡,3,池添謙一, 56 ,9,1,１, 外,芝2200,不,,(栗),松下武士,2190,-0.2,3,3,3,35.7,464,-4,
,"2023. 5. 7",京都,1京6,未勝利,未勝利,6,10,サンライズプルート,牡,3,池添謙一, 56 ,15,1,１, 内,芝1600,不,,(栗),音無秀孝,1367,-0.3,,2,2,37.4,454,-2,
,"2023. 5. 7",京都,1京6,未勝利,未勝利,6,6,アマートカヴァロ,牡,3,藤岡康太, 56 ,11,3,１, ,ダ1900,不,,(栗),笹田和秀,2000,-0.4,3,2,2,38.6,476,+2,
,"2023. 5. 7",京都,1京6,未勝利,未勝利,2,4,ダミエ,牡,3,藤岡康太, 56 ,16,5,１, ,ダ1400,不,,(栗),武幸四郎,1243,-0.4,,1,1,37.2,474,+4,
,"2023. 5. 7",京都,1京6,未勝利,未勝利・牝,3,5,シブースト,牝,3,西村淳也, 54 ,16,1,１, ,ダ1800,不,,(栗),高野友和,1540,-0.7,1,1,1,39.5,494,+6,
,"2023. 5. 6",京都,1京5,2勝,２勝ｸﾗｽ,1,1,タイゲン,牡,4,和田竜二, 58 ,14,5,１, 外,芝1600,良,,(栗),平田修,1332,-0.1,,4,2,34.8,476,+4,
,"2023. 5. 6",京都,1京5,Ｇ２,京都新聞G2,5,6,サトノグランツ,牡,3,川田将雅, 56 ,12,1,１, 外,芝2200,良,,(栗),友道康夫,2141,-0.0,5,6,5,33.3,494,+4,
,"2023. 5. 6",京都,1京5,ｵｰﾌﾟﾝ,平城京Ｓ,4,7,タイセイドレフォン,牡,4,幸英明, 57 ,15,3,１, ,ダ1800,良,,(栗),西村真幸,1511,-0.2,3,4,3,36.6,500,-8,
,"2023. 5. 6",京都,1京5,2勝,鴨川特別･2勝,4,4,レッドラディエンス,牡,4,川田将雅, 58 ,10,1,１, 内,芝2000,良,,(栗),友道康夫,1588,-0.1,7,7,6,33.7,488,-6,
,"2023. 5. 6",京都,1京5,1勝,１勝ｸﾗｽ・牝,2,2,マナウス,牝,4,古川奈穂,52★,10,1,１, ,ダ1800,良,,(栗),田中克典,1543,-0.7,1,1,2,36.2,462,+2,
,"2023. 5. 6",京都,1京5,1勝,１勝ｸﾗｽ*,6,6,エルトンバローズ,牡,3,西村淳也, 56 ,8,2,１, 内,芝1600,良,,(栗),杉山晴紀,1336,-0.3,,2,2,33.6,502,-6,
,"2023. 5. 6",京都,1京5,1勝,１勝ｸﾗｽ*,8,15,スズカコーズ,牡,3,川田将雅, 56 ,16,1,１, ,ダ1400,良,,(美),伊藤圭三,1256,-0.2,,5,4,36.9,502,+4,B
,"2023. 5. 6",京都,1京5,未勝利,未勝利,4,5,アレンテージョ,牡,3,松山弘平, 56 ,14,1,１, 外,芝1800,良,*,(栗),坂口智康,1473,-0.0,,5,3,33.6,462,-4,
,"2023. 5. 6",京都,1京5,未勝利,未勝利,3,6,レッドテンペスト,セ,3,鮫島克駿, 56 ,18,1,１, 内,芝1400,良,,(栗),笹田和秀,1211,-0.2,,7,8,34.2,440,-8,
,"2023. 5. 6",京都,1京5,未勝利,未勝利,3,6,アマルナ,牝,3,武豊, 54 ,16,2,１, ,ダ1200,良,,(栗),田中克典,1136,-0.3,,2,2,37.2,468,+4,
,"2023. 5. 6",京都,1京5,未勝利,未勝利,7,12,マルカブリッツ,牡,3,小沢大仁,55☆,14,6,１, ,ダ1800,良,,(栗),松永昌博,1532,-0.5,1,1,1,38.4,494,-8,
,"2023. 5. 6",京都,1京5,未勝利,未勝利・牝,8,15,スナークメモリー,牝,3,国分恭介, 54 ,15,4,１, ,ダ1400,良,,(栗),川村禎彦,1257,-0.2,,8,7,37.8,430,+2,
,"2023. 4.30",京都,1京4,3勝,東大路Ｓ･3勝,6,12,マルモリスペシャル,牡,4,泉谷楓真, 58 ,16,2,１, ,ダ1200,重,,(栗),大橋勇樹,1121,-0.0,,7,6,36.9,538,-2,
,"2023. 4.30",京都,1京4,Ｇ１,天皇賞春G1,1,1,ジャスティンパレス,牡,4,ルメール, 58 ,17,2,１, 外,芝3200,稍,,(栗),杉山晴紀,3161,-0.4,7,7,4,34.9,472,0,
,"2023. 4.30",京都,1京4,ｵｰﾌﾟﾝ,端午Ｓ,4,4,スマートフォルス,牡,3,武豊, 56 ,11,3,１, ,ダ1400,重,,(栗),吉村圭司,1241,-0.1,,10,5,36.9,472,-8,
,"2023. 4.30",京都,1京4,2勝,御池特別･2勝,3,3,ラクスバラディー,牝,4,レーン, 56 ,12,3,１, 外,芝1400,稍,,(栗),清水久詞,1208,-0.2,,1,1,34.2,514,0,B
,"2023. 4.30",京都,1京4,2勝,糺の森特･2勝,8,8,シンシアウィッシュ,牝,4,川田将雅, 56 ,9,1,１, 外,芝1800,稍,,(栗),吉村圭司,1473,-0.0,,3,2,34.5,452,+6,
,"2023. 4.30",京都,1京4,1勝,１勝ｸﾗｽ,6,6,エアアネモイ,牡,4,坂井瑠星, 58 ,11,2,１, ,ダ1800,重,,(栗),池添学,1543,-0.1,1,1,1,38.6,524,-4,
,"2023. 4.30",京都,1京4,1勝,１勝ｸﾗｽ,7,10,パタゴニア,牝,5,松山弘平, 56 ,12,3,１, 外,芝1600,稍,,(栗),池添学,1347,-0.1,,2,2,35.0,502,0,B
,"2023. 4.30",京都,1京4,1勝,１勝ｸﾗｽ*,7,10,セラフィックコール,牡,3,レーン, 56 ,12,1,１, ,ダ1800,重,,(栗),寺島良,1516,-0.7,10,6,2,37.4,526,-14,
,"2023. 4.30",京都,1京4,未勝利,未勝利,2,2,ジーニアスバローズ,牡,3,レーン, 56 ,10,1,１, 内,芝2000,稍,,(栗),辻野泰之,2008,-0.2,2,3,3,35.2,448,+2,
,"2023. 4.30",京都,1京4,未勝利,未勝利,7,15,ケイデンシーマーク,牝,3,レーン, 54 ,18,2,１, 内,芝1400,稍,,(栗),安田隆行,1219,-0.1,,9,9,34.5,438,+8,
,"2023. 4.30",京都,1京4,未勝利,未勝利,3,5,グローバリスト,牡,3,幸英明, 56 ,16,6,１, ,ダ1200,不,,(栗),西村真幸,1136,-0.1,,2,2,37.6,506,+2,
,"2023. 4.30",京都,1京4,未勝利,未勝利・牝,6,12,ランスオブサターン,牝,3,横山典弘, 54 ,16,2,１, ,ダ1800,不,,(栗),本田優,1560,-0.1,5,4,5,38.8,440,-2,
,"2023. 4.29",京都,1京3,2勝,２勝ｸﾗｽ,1,1,エーティーマクフィ,牡,4,角田大河,57☆,15,1,１, ,ダ1400,良,,(栗),武英智,1245,-0.3,,6,6,36.3,470,+2,
,"2023. 4.29",京都,1京3,3勝,朱雀Ｓ･3勝,6,12,サトノレーヴ,牡,4,浜中俊, 58 ,18,1,１, 内,芝1200,良,,(美),堀宣行,1077,-0.1,,3,3,33.4,538,0,
,"2023. 4.29",京都,1京3,2勝,六波羅Ｈ･2勝,4,8,メイショウオキビ,牡,5,角田大河, 56 ,16,4,１, ,ダ1800,良,,(栗),松永昌博,1534,-0.1,3,2,2,37.3,508,-2,
,"2023. 4.29",京都,1京3,1勝,矢車賞･1勝*,7,7,ミタマ,牝,3,松若風馬, 54 ,8,5,１, 外,芝2200,良,,(栗),上村洋行,2127,-0.0,8,8,8,34.0,466,+2,
,"2023. 4.29",京都,1京3,1勝,１勝ｸﾗｽ,6,10,ビオグラフィア,牡,5,角田大河,57☆,14,2,１, ,ダ1400,良,,(栗),松下武士,1263,-0.2,,3,3,36.8,492,-2,
,"2023. 4.29",京都,1京3,1勝,１勝ｸﾗｽ,1,1,ファベル,牡,4,藤岡康太, 58 ,7,1,１, 外,芝2200,良,,(栗),友道康夫,2167,-0.1,2,2,1,33.2,434,0,
,"2023. 4.29",京都,1京3,1勝,１勝ｸﾗｽ*,2,2,アルーリングビュー,牝,3,武豊, 54 ,9,1,１, 外,芝1400,良,,(栗),吉村圭司,1208,-0.0,,4,4,33.8,474,+2,
,"2023. 4.29",京都,1京3,未勝利,未勝利,6,9,アースクロニクル,牝,3,団野大成, 54 ,13,2,１, 外,芝1800,良,,(栗),斉藤崇史,1465,-0.2,,7,7,34.3,472,,
,"2023. 4.29",京都,1京3,未勝利,未勝利,8,13,タイガースパーク,牡,3,田口貫太,53▲,13,1,１, ,ダ1800,良,,(栗),大橋勇樹,1540,-0.3,2,2,2,37.3,440,0,
,"2023. 4.29",京都,1京3,未勝利,未勝利・牝,3,4,サファイア,牝,3,岩田望来, 54 ,14,2,１, 内,芝1600,良,,(栗),辻野泰之,1338,-0.2,,8,6,34.6,422,-4,
,"2023. 4.29",京都,1京3,未勝利,未勝利,8,15,ティエラサンタ,牡,3,岩田望来, 56 ,16,7,１, ,ダ1800,良,*,(栗),西村真幸,1549,-0.3,4,1,1,39.2,498,0,
,"2023. 4.29",京都,1京3,未勝利,未勝利,3,5,ナイトアクアリウム,牡,3,長岡禎仁, 56 ,16,6,１, ,ダ1400,良,,(栗),杉山佳明,1246,-0.8,,5,3,37.2,484,-6,B
,"2023. 4.23",京都,1京2,2勝,２勝ｸﾗｽ,3,5,ナムラフランク,牡,4,松山弘平, 58 ,16,2,１, ,ダ1200,良,,(栗),鈴木孝志,1120,-0.1,,5,4,36.5,490,-2,
,"2023. 4.23",京都,1京2,Ｇ２,マイラーG2,6,10,シュネルマイスター,牡,5,ルメール, 58 ,15,1,１, 外,芝1600,良,,(美),手塚貴久,1315,-0.0,,12,11,32.9,490,-14,
,"2023. 4.23",京都,1京2,3勝,センテＨ･3勝,5,7,エンペザー,牡,4,坂井瑠星, 57 ,14,1,１, 外,芝1800,良,,(栗),田中克典,1454,-0.0,,4,4,34.3,492,+2,
,"2023. 4.23",京都,1京2,2勝,比良山特･2勝,8,9,サジェス,牡,5,団野大成, 58 ,10,5,１, 外,芝2200,良,,(栗),中尾秀正,2138,-0.0,7,6,5,33.8,454,+4,
,"2023. 4.23",京都,1京2,1勝,１勝ｸﾗｽ,7,12,ホウオウフウジン,牡,4,坂井瑠星, 58 ,14,1,１, ,ダ1900,良,,(栗),矢作芳人,1591,-1.5,2,2,1,38.8,532,+22,
,"2023. 4.23",京都,1京2,1勝,１勝ｸﾗｽ,8,17,エクセトラ,牡,4,ルメール, 58 ,18,2,１, 外,芝1400,良,,(栗),吉村圭司,1202,-0.2,,11,9,34.0,524,+28,
,"2023. 4.23",京都,1京2,1勝,１勝ｸﾗｽ*,3,3,ヤマニンウルス,牡,3,武豊, 56 ,9,1,１, ,ダ1800,良,,(栗),斉藤崇史,1523,-1.0,2,2,1,37.8,560,+24,
,"2023. 4.23",京都,1京2,未勝利,未勝利,6,11,ラケマーダ,牡,3,松山弘平, 56 ,18,1,１, 内,芝1600,良,,(栗),千田輝彦,1327,-0.8,,2,1,34.8,492,-4,
,"2023. 4.23",京都,1京2,未勝利,未勝利,7,10,ショーヘーフェイス,牡,3,団野大成, 56 ,13,1,１, ,ダ1800,良,,(栗),荒川義之,1542,-0.4,5,6,5,36.7,556,-4,
,"2023. 4.23",京都,1京2,未勝利,未勝利・牝,6,12,ダイリュウホマレ,牝,3,松山弘平, 54 ,16,8,１, ,ダ1200,良,,(栗),橋口慎介,1132,-0.0,,4,4,37.3,442,,
,"2023. 4.23",京都,1京2,未勝利,未勝利,2,3,エメラルドビーチ,牡,3,横山典弘, 56 ,16,1,１, ,ダ1400,良,,(栗),大久保龍,1251,-0.2,,2,2,38.3,530,-4,
,"2023. 4.23",京都,1京2,未勝利,未勝利・牝,8,18,キタサンダムール,牝,3,岩田望来, 54 ,18,1,１, 外,芝1800,良,,(栗),清水久詞,1468,-0.0,,7,7,34.6,472,+14,
,"2023. 4.22",京都,1京1,2勝,２勝ｸﾗｽ,4,4,アスクコンナモンダ,牡,4,川田将雅, 58 ,11,1,１, 外,芝1600,良,,(栗),中内田充,1324,-0.0,,8,8,34.5,448,-2,
,"2023. 4.22",京都,1京1,ｵｰﾌﾟﾝ,京都競馬,5,10,ドンフランキー,牡,4,池添謙一, 57 ,16,2,１, ,ダ1200,良,,(栗),斉藤崇史,1108,-0.3,,1,1,36.8,598,0,
,"2023. 4.22",京都,1京1,3勝,栞Ｓ･3勝,6,11,ヴィジョンオブラヴ,牡,8,池添謙一, 58 ,16,10,１, ,ダ1900,良,,(美),新開幸一,2001,-0.2,15,13,11,37.9,508,-8,
,"2023. 4.22",京都,1京1,1勝,あやめ賞･1勝,5,5,プッシュオン,牡,3,武豊, 56 ,8,1,１, 外,芝1800,良,,(栗),西村真幸,1450,-0.1,,7,6,34.8,438,-8,
,"2023. 4.22",京都,1京1,2勝,２勝ｸﾗｽ・牝,3,4,セレッソ,牝,4,川田将雅, 56 ,14,1,１, ,ダ1800,良,,(栗),長谷川浩,1537,-0.5,3,3,2,39.0,466,+4,
,"2023. 4.22",京都,1京1,1勝,１勝ｸﾗｽ,7,11,ルアル,牡,4,幸英明, 58 ,13,4,１, ,ダ1200,良,,(栗),安達昭夫,1123,-0.6,,1,1,36.4,542,-2,
,"2023. 4.22",京都,1京1,1勝,１勝ｸﾗｽ,5,5,ゲヴィナー,牡,5,今村聖奈,55▲,12,3,１, 外,芝1800,良,*,(栗),藤原英昭,1478,-0.1,,1,1,35.3,522,+10,
,"2023. 4.22",京都,1京1,1勝,１勝ｸﾗｽ*,1,1,ヘンリー,牡,3,松山弘平, 56 ,16,2,１, ,ダ1400,良,,(栗),吉岡辰弥,1247,-0.7,,3,4,38.2,532,+4,
,"2023. 4.22",京都,1京1,未勝利,未勝利,5,7,ゴールデンスナップ,牝,3,浜中俊, 54 ,13,3,１, 外,芝2400,良,,(栗),田中克典,2268,-0.0,7,3,3,34.4,454,+6,
,"2023. 4.22",京都,1京1,未勝利,未勝利,1,1,スイープラン,牝,3,田口貫太,51▲,18,3,１, 内,芝1200,良,*,(栗),渡辺薫彦,1084,-0.1,,4,3,34.8,450,+4,
,"2023. 4.22",京都,1京1,未勝利,未勝利,1,1,ボルネオ,セ,3,水口優也, 56 ,12,3,１, ,ダ1900,良,,(栗),藤沢則雄,2034,-0.0,1,1,1,40.9,484,+10,
,"2023. 4.22",京都,1京1,未勝利,未勝利,3,6,ウィズユアドリーム,牡,3,吉田隼人, 56 ,18,7,１, 内,芝2000,良,,(栗),吉岡辰弥,2009,-0.1,1,1,1,36.1,492,-2,
,"2020.11. 1",京都,4京8,2勝,２勝ｸﾗｽ,4,8,コパノマーキュリー,牡,3,和田竜二, 55 ,16,6,１, ,ダ1200,良,,(栗),田所秀孝,1107,-0.6,,4,4,35.7,510,+8,
,"2020.11. 1",京都,4京8,OP(L),カシオペ(L),2,3,ランブリングアレー,牝,4,吉田隼人, 54 ,18,2,１, 外,芝1800,良,,(栗),友道康夫,1461,-0.1,,3,4,34.5,478,+20,
,"2020.11. 1",京都,4京8,3勝,栞Ｓ･3勝,3,3,メイショウカズサ,牡,3,松山弘平, 55 ,14,2,１, ,ダ1900,良,,(栗),安達昭夫,1573,-1.1,1,1,1,36.7,488,+14,B
,"2020.11. 1",京都,4京8,2勝,北國新Ｈ･2勝,7,7,ショウリュウハル,牝,3,団野大成, 52 ,10,4,１, 外,芝1600,良,,(栗),佐々木晶,1357,-0.0,,2,2,34.2,484,0,
,"2020.11. 1",京都,4京8,2勝,２勝ｸﾗｽ,1,1,シルヴェリオ,牡,3,松山弘平, 55 ,8,1,１, 内,芝2000,良,,(栗),池添学,2012,-1.3,4,3,1,34.6,496,-4,B
,"2020.11. 1",京都,4京8,1勝,１勝ｸﾗｽ,2,2,ナリタザクラ,牡,3,松山弘平, 54 ,9,1,２, 外,芝2400,良,,(栗),高橋亮,2292,0.0,7,6,6,34.7,504,+4,
,"2020.11. 1",京都,4京8,1勝,１勝ｸﾗｽ,6,6,ワイドソロモン,牡,3,藤岡佑介, 55 ,11,3,１, ,ダ1800,良,,(栗),角居勝彦,1511,-1.0,1,1,1,38.1,490,-4,
,"2020.11. 1",京都,4京8,新馬,新馬,5,9,ララクリスティーヌ,牝,2,中井裕二, 54 ,18,7,１, 内,芝1400,良,,(栗),斉藤崇史,1230,-0.2,,2,1,35.0,452,,
,"2020.11. 1",京都,4京8,新馬,新馬,7,13,サステナブル,牡,2,坂井瑠星, 55 ,15,2,１, ,ダ1400,良,,(栗),長谷川浩,1264,-0.1,,2,2,36.6,508,,
,"2020.11. 1",京都,4京8,未勝利,未勝利*,4,4,タガノカイ,牡,2,泉谷楓真,52▲,11,9,１, 内,芝2000,良,,(栗),宮徹,2028,-0.4,1,1,1,35.9,512,-4,
,"2020.11. 1",京都,4京8,未勝利,未勝利*,7,12,ラマルセイエーズ,牝,2,松山弘平, 54 ,15,5,１, 内,芝1200,良,,(栗),森田直行,1105,-0.1,,9,9,35.3,456,0,
,"2020.11. 1",京都,4京8,未勝利,未勝利*,7,8,ミヤジオシャラク,牝,2,和田竜二, 54 ,10,2,１, ,ダ1200,良,,(栗),川村禎彦,1131,-0.4,,2,2,37.3,484,+4,
,2020.10.31,京都,4京7,2勝,２勝ｸﾗｽ,7,11,テーオーケインズ,牡,3,松山弘平, 55 ,14,1,１, ,ダ1800,良,,(栗),高柳大輔,1503,-0.7,6,5,3,36.2,488,+6,
,2020.10.31,京都,4京7,Ｇ２,スワンＳG2,2,4,カツジ,牡,5,岩田康誠, 56 ,16,11,１, 外,芝1400,良,,(栗),池添兼雄,1212,-0.2,,1,1,34.3,500,+2,
,2020.10.31,京都,4京7,3勝,古都Ｓ･3勝,2,2,シークレットラン,牡,4,川田将雅, 57 ,12,2,１, 外,芝2400,良,,(美),田村康仁,2263,-0.0,3,2,2,35.8,500,0,
,2020.10.31,京都,4京7,OP(L),萩Ｓ(L),3,3,シュヴァリエローズ,牡,2,北村友一, 55 ,8,3,１, 外,芝1800,良,,(栗),清水久詞,1481,-0.1,,2,2,34.1,436,0,
,2020.10.31,京都,4京7,1勝,１勝ｸﾗｽ,5,10,デンコウリジエール,牡,3,団野大成,54☆,16,2,１, ,ダ1400,良,,(栗),荒川義之,1238,-0.2,,2,2,36.9,470,-2,
,2020.10.31,京都,4京7,1勝,１勝ｸﾗｽ,7,12,マテンロウディーバ,牝,3,藤岡佑介, 53 ,14,3,１, 外,芝1400,良,*,(栗),中内田充,1223,-0.1,,10,9,34.2,400,+4,
,2020.10.31,京都,4京7,1勝,１勝ｸﾗｽ・牝,6,7,ピクシーメイデン,牝,4,藤岡佑介, 55 ,12,1,１, ,ダ1800,良,,(栗),野中賢二,1521,-0.0,6,2,2,37.2,452,+20,
,2020.10.31,京都,4京7,新馬,新馬,6,12,ディープモンスター,牡,2,武豊, 55 ,17,1,１, 内,芝2000,良,,(栗),池江泰寿,2040,-0.2,3,3,2,35.2,458,,
,2020.10.31,京都,4京7,新馬,新馬,6,11,アンブレラデート,牝,2,藤岡康太, 54 ,18,4,１, 内,芝1600,良,,(栗),角居勝彦,1371,-0.1,,2,2,35.2,454,,
,2020.10.31,京都,4京7,未勝利,未勝利*,4,4,ステラリア,牝,2,福永祐一, 54 ,13,1,１, 外,芝1800,良,,(栗),斉藤崇史,1475,-0.8,,7,7,35.2,486,0,
,2020.10.31,京都,4京7,未勝利,未勝利*,6,10,レベルタウン,牡,2,武豊, 55 ,15,3,１, ,ダ1400,良,,(栗),石橋守,1262,-0.2,,1,1,38.7,518,+2,
,2020.10.31,京都,4京7,未勝利,未勝利*,1,1,パラディズム,牡,2,福永祐一, 55 ,15,4,１, ,ダ1800,良,,(栗),野中賢二,1541,-0.3,3,5,5,36.9,484,0,
,2020.10.25,京都,4京6,3勝,貴船Ｓ･3勝,2,3,テーオーターゲット,牡,4,川田将雅, 57 ,16,1,１, ,ダ1400,稍,,(栗),吉岡辰弥,1233,-0.2,,4,4,36.3,510,-4,
,2020.10.25,京都,4京6,Ｇ１,菊花賞G1,2,3,コントレイル,牡,3,福永祐一, 57 ,18,1,１, 外,芝3000,良,*,(栗),矢作芳人,3055,-0.0,7,5,4,35.2,458,-2,
,2020.10.25,京都,4京6,3勝,桂川ＳＨ･3勝,8,18,コンパウンダー,牡,5,武豊, 54 ,18,6,１, 内,芝1200,良,,(栗),石橋守,1097,-0.1,,14,12,34.1,460,+2,
,2020.10.25,京都,4京6,2勝,鳴滝特別･2勝,5,7,ヒートオンビート,牡,3,ルメール, 54 ,13,2,１, 外,芝2200,良,,(栗),松田国英,2144,-0.2,5,7,7,34.4,470,+2,
,2020.10.25,京都,4京6,1勝,なでしこ･1勝,4,4,ゼンノアンジュ,牝,2,岩田康誠, 54 ,11,5,１, ,ダ1400,稍,*,(栗),浅見秀一,1233,-0.9,,1,1,35.9,500,0,
,2020.10.25,京都,4京6,2勝,２勝ｸﾗｽ,3,3,カフジキング,牡,7,武豊, 57 ,11,2,１, ,ダ1900,稍,,(栗),中竹和也,1584,-0.5,3,2,2,37.4,464,0,
,2020.10.25,京都,4京6,1勝,１勝ｸﾗｽ,4,6,サンディレクション,牡,4,酒井学, 57 ,15,11,１, 外,芝1600,良,,(栗),千田輝彦,1352,-0.0,,2,2,34.9,478,-2,
,2020.10.25,京都,4京6,新馬,新馬,7,13,シャフリヤール,牡,2,福永祐一, 55 ,18,1,１, 外,芝1800,良,,(栗),藤原英昭,1499,-0.0,,6,4,34.6,450,,
,2020.10.25,京都,4京6,新馬,新馬・牝,6,12,サナティオ,牝,2,ルメール, 54 ,18,3,１, 内,芝1600,良,,(栗),清水久詞,1375,-0.1,,7,8,36.0,402,,
,2020.10.25,京都,4京6,未勝利,未勝利*,5,5,メイショウオキビ,牡,2,富田暁,54☆,10,4,１, ,ダ1800,稍,,(栗),松永昌博,1529,-0.4,3,1,1,38.4,494,+6,
,2020.10.25,京都,4京6,未勝利,未勝利*,8,17,スーパーホープ,牡,2,ルメール, 55 ,18,1,１, 内,芝1400,良,,(栗),藤岡健一,1235,-0.2,,11,9,35.0,512,+12,
,2020.10.25,京都,4京6,未勝利,未勝利*,6,7,スギノマジェスティ,牡,2,池添謙一, 55 ,12,1,１, ,ダ1200,稍,,(栗),上村洋行,1121,-0.0,,4,4,36.1,452,+2,
,2020.10.24,京都,4京5,2勝,２勝ｸﾗｽ,5,9,メイショウベンガル,牡,3,岩田康誠, 55 ,15,1,１, ,ダ1400,重,,(栗),松永昌博,1235,-0.4,,4,5,36.2,460,0,
,2020.10.24,京都,4京5,ｵｰﾌﾟﾝ,室町ＳＨ,1,2,レッドルゼル,牡,4,川田将雅, 56 ,16,2,１, ,ダ1200,重,,(栗),安田隆行,1094,-0.0,,10,10,34.4,492,+8,
,2020.10.24,京都,4京5,2勝,壬生特別･2勝,6,9,エレヴァート,牝,3,武豊, 53 ,14,1,１, 内,芝1200,稍,,(栗),角田晃一,1100,-0.8,,1,1,34.5,440,0,
,2020.10.24,京都,4京5,3勝,トルマリ･3勝,4,4,クリスティ,牝,3,松若風馬, 53 ,7,1,１, 外,芝1600,稍,,(栗),杉山晴紀,1360,-0.1,,1,1,34.0,486,+4,
,2020.10.24,京都,4京5,1勝,１勝ｸﾗｽ,6,7,アメリカンシード,牡,3,松山弘平, 55 ,11,2,１, ,ダ1800,重,,(栗),藤岡健一,1486,-1.1,1,1,1,34.7,468,-6,
,2020.10.24,京都,4京5,1勝,１勝ｸﾗｽ,4,6,グーテンモルゲン,牡,4,藤岡康太, 57 ,14,2,１, ,ダ1200,重,,(栗),牧田和弥,1112,-0.1,,6,5,35.3,508,+6,
,2020.10.24,京都,4京5,1勝,１勝ｸﾗｽ・牝,6,6,ライティア,牝,3,川田将雅, 53 ,11,1,１, 外,芝1800,稍,,(栗),石坂正,1486,-0.2,,3,3,35.2,428,+24,
,2020.10.24,京都,4京5,新馬,新馬,7,13,スーパーウーパー,牝,2,武豊, 54 ,17,3,１, 内,芝1200,稍,,(栗),森秀行,1110,-0.3,,1,1,36.6,458,,
,2020.10.24,京都,4京5,新馬,新馬,4,8,ロシアンサモワール,牝,2,川田将雅, 54 ,16,1,１, ,ダ1800,不,,(栗),松永幹夫,1533,-0.0,3,3,2,36.8,474,,
,2020.10.24,京都,4京5,未勝利,未勝利*,3,3,ライフサイエンス,牡,2,武豊, 55 ,9,4,１, 内,芝2000,稍,,(栗),吉村圭司,2053,-0.0,4,2,1,35.7,476,-4,
,2020.10.24,京都,4京5,未勝利,未勝利*,7,9,ヴィジュネル,牡,2,幸英明, 55 ,12,1,１, 内,芝1600,稍,,(栗),渡辺薫彦,1373,-0.0,,9,9,35.9,474,-2,
,2020.10.24,京都,4京5,未勝利,未勝利・牝*,5,5,タイセイエクセル,牝,2,松山弘平, 54 ,12,1,１, ,ダ1400,不,,(栗),西村真幸,1262,-0.2,,3,1,38.3,468,+6,
,2020.10.18,京都,4京4,3勝,平城京Ｓ･3勝,2,3,ペオース,牡,3,松山弘平, 55 ,16,1,１, ,ダ1800,重,,(栗),大久保龍,1490,-0.2,2,2,2,35.7,480,+6,
,2020.10.18,京都,4京4,Ｇ１,秋華賞G1,7,13,デアリングタクト,牝,3,松山弘平, 55 ,18,1,１, 内,芝2000,稍,*,(栗),杉山晴紀,2006,-0.2,13,8,5,35.8,480,+14,
,2020.10.18,京都,4京4,3勝,大原ＳＨ･3勝,4,5,レイパパレ,牝,3,川田将雅, 52 ,13,1,１, 外,芝1800,稍,,(栗),高野友和,1463,-0.3,,1,1,35.0,424,-6,
,2020.10.18,京都,4京4,ｵｰﾌﾟﾝ,もみじＳ,4,4,アスコルターレ,牡,2,松山弘平, 55 ,8,2,１, 外,芝1400,稍,,(栗),西村真幸,1228,-0.0,,4,3,35.2,444,+10,
,2020.10.18,京都,4京4,2勝,２勝ｸﾗｽ,8,12,エイシンアメンラー,牡,3,藤岡康太, 55 ,13,2,１, ,ダ1800,不,,(栗),野中賢二,1488,-0.2,2,1,1,36.1,492,-8,
,2020.10.18,京都,4京4,1勝,１勝ｸﾗｽ,1,1,シルヴェリオ,牡,3,ルメール, 55 ,11,2,１, 内,芝2000,稍,,(栗),池添学,2014,-0.3,5,4,4,36.2,500,-8,B
,2020.10.18,京都,4京4,1勝,１勝ｸﾗｽ,3,3,アサカディスタンス,牡,6,小牧太, 57 ,10,9,１, ,ダ1800,不,,(栗),笹田和秀,1501,-0.1,9,9,9,37.0,470,+8,
,2020.10.18,京都,4京4,新馬,新馬,3,3,グロリアムンディ,牡,2,福永祐一, 55 ,11,1,１, 内,芝2000,稍,,(栗),大久保龍,2058,-0.2,6,7,8,35.1,476,,
,2020.10.18,京都,4京4,新馬,新馬,8,16,スリートップキズナ,牡,2,田辺裕信, 55 ,18,3,１, 内,芝1400,重,,(美),伊藤圭三,1235,-0.1,,8,8,35.6,452,,
,2020.10.18,京都,4京4,未勝利,未勝利*,4,4,サヴァ,牡,2,福永祐一, 55 ,13,5,１, ,ダ1400,不,,(栗),上村洋行,1233,-0.0,,4,4,36.2,506,+4,
,2020.10.18,京都,4京4,未勝利,未勝利*,4,4,ハートオブアシティ,牡,2,田辺裕信, 55 ,8,5,１, 外,芝1800,重,,(栗),森田直行,1496,-0.5,,5,2,35.8,436,+6,
,2020.10.18,京都,4京4,未勝利,未勝利*,3,3,フライングバレル,牝,2,川田将雅, 54 ,11,1,１, 内,芝1200,重,,(栗),安田隆行,1111,-0.0,,5,4,35.6,450,+2,
,2020.10.17,京都,4京3,2勝,２勝ｸﾗｽ,5,5,トオヤリトセイト,牡,4,福永祐一, 57 ,11,2,１, 外,芝1400,重,,(栗),松下武士,1235,-0.2,,7,8,34.9,480,0,
,2020.10.17,京都,4京3,ｵｰﾌﾟﾝ,太秦Ｓ,3,3,ベストタッチダウン,牡,4,岩田康誠, 56 ,13,2,１, ,ダ1800,不,,(栗),橋口慎介,1481,-0.2,1,1,1,35.9,496,-2,
,2020.10.17,京都,4京3,2勝,清滝特別･2勝,4,5,スマートリアン,牝,3,池添謙一, 53 ,14,1,１, 外,芝1800,重,,(栗),石橋守,1497,-0.1,,6,4,34.9,474,+12,
,2020.10.17,京都,4京3,1勝,紫菊賞･1勝*,4,4,ヨーホーレイク,牡,2,福永祐一, 55 ,6,1,１, 内,芝2000,重,,(栗),友道康夫,2046,-0.0,3,3,4,34.9,500,+8,
,2020.10.17,京都,4京3,2勝,２勝ｸﾗｽ・牝,8,9,ボンオムトゥック,牝,3,福永祐一, 53 ,9,1,１, 外,芝1800,重,,(栗),高橋亮,1492,-0.0,,8,8,35.0,458,-4,
,2020.10.17,京都,4京3,1勝,１勝ｸﾗｽ,2,3,メイショウハリオ,牡,3,藤岡康太, 55 ,16,2,１, ,ダ1400,重,,(栗),岡田稲男,1233,-0.0,,10,10,35.9,502,+2,
,2020.10.17,京都,4京3,1勝,１勝ｸﾗｽ,8,8,サターン,牡,4,池添謙一, 57 ,9,1,１, ,ダ1900,重,,(栗),角居勝彦,1574,-0.1,2,2,2,37.4,490,-2,
,2020.10.17,京都,4京3,新馬,新馬,8,12,ニホンピロマリブ,牡,2,小牧太, 55 ,12,7,１, 外,芝1800,重,,(栗),服部利之,1513,-0.0,,6,6,34.7,458,,
,2020.10.17,京都,4京3,新馬,新馬,4,7,ラッキーモー,牡,2,福永祐一, 55 ,16,1,１, ,ダ1400,重,,(栗),松永幹夫,1251,-0.1,,8,5,37.5,432,,
,2020.10.17,京都,4京3,未勝利,未勝利*,1,1,スタッドリー,牡,2,福永祐一, 55 ,11,4,１, 内,芝2000,稍,,(栗),奥村豊,2039,-0.2,11,9,4,36.7,510,0,
,2020.10.17,京都,4京3,未勝利,未勝利・牝*,5,5,ルージュグラース,牝,2,福永祐一, 54 ,12,1,１, 内,芝1600,稍,,(栗),安田隆行,1371,-0.2,,4,2,36.7,432,0,
,2020.10.17,京都,4京3,未勝利,未勝利*,5,5,スウィープザボード,牡,2,川須栄彦, 55 ,10,1,１, ,ダ1800,稍,,(栗),中尾秀正,1526,-1.1,2,2,2,37.5,454,0,
,2020.10.11,京都,4京2,2勝,２勝ｸﾗｽ,4,8,メイショウハナモリ,牡,4,松山弘平, 57 ,16,6,１, ,ダ1400,重,,(栗),本田優,1226,-0.2,,1,1,37.4,506,-4,
,2020.10.11,京都,4京2,Ｇ２,京都大賞G2,7,13,グローリーヴェイズ,牡,5,川田将雅, 58 ,17,3,１, 外,芝2400,稍,,(美),尾関知人,2256,-0.1,5,5,5,34.5,456,-4,
,2020.10.11,京都,4京2,3勝,藤森Ｓ･3勝,2,3,ジェネティクス,牡,3,松山弘平, 55 ,16,1,１, ,ダ1200,重,,(栗),西村真幸,1100,-0.3,,2,1,36.1,528,+8,
,2020.10.11,京都,4京2,1勝,りんどう･1勝,2,2,サルビア,牝,2,福永祐一, 54 ,6,1,１, 外,芝1400,稍,,(栗),鈴木孝志,1232,-0.8,,4,4,35.1,460,-2,
,2020.10.11,京都,4京2,2勝,２勝ｸﾗｽ,8,8,サンライズオネスト,牡,3,川田将雅, 55 ,8,1,１, 外,芝1600,稍,,(栗),河内洋,1350,-0.1,,2,2,34.9,470,+2,
,2020.10.11,京都,4京2,1勝,１勝ｸﾗｽ,8,10,ホッコーアカツキ,牡,3,国分優作, 55 ,11,2,１, ,ダ1800,重,,(栗),西浦勝一,1514,-0.1,1,1,1,37.3,510,+4,
,2020.10.11,京都,4京2,1勝,１勝ｸﾗｽ,6,7,トウケイミラ,牝,3,鮫島良太, 53 ,11,4,１, 外,芝1400,稍,,(栗),高柳大輔,1218,-0.1,,3,2,35.0,442,+12,
,2020.10.11,京都,4京2,新馬,新馬,3,4,ヴアーサ,牡,2,藤岡康太, 55 ,14,7,１, 外,芝1800,稍,,(栗),鮫島一歩,1497,-0.0,,7,7,35.9,448,,
,2020.10.11,京都,4京2,新馬,新馬・牝,6,12,オプティミスモ,牝,2,藤井勘一, 54 ,16,12,１, 内,芝1400,稍,*,(栗),石坂公一,1233,-0.0,,3,2,35.8,420,,
,2020.10.11,京都,4京2,新馬,新馬,6,6,ドンカポノ,牡,2,北村友一, 55 ,11,2,１, ,ダ1800,重,,(栗),庄野靖志,1523,-0.2,2,2,2,37.2,510,,
,2020.10.11,京都,4京2,未勝利,未勝利*,1,1,カスティーリャ,牡,2,松山弘平, 55 ,10,1,１, 内,芝1600,稍,,(栗),橋口慎介,1364,-0.2,,3,4,36.1,432,+6,
,2020.10.11,京都,4京2,未勝利,未勝利*,2,3,ショウナンバサロ,牡,2,浜中俊, 55 ,16,10,１, ,ダ1200,重,,(栗),吉村圭司,1118,-0.0,,1,1,37.1,472,-2,
,2020.10.10,京都,4京1,2勝,２勝ｸﾗｽ・牝,3,6,ハギノリュクス,牝,3,福永祐一, 53 ,16,1,１, ,ダ1800,不,,(栗),松田国英,1493,-0.2,2,2,2,36.8,444,+2,
,2020.10.10,京都,4京1,OP(L),オパーＨ(L),4,8,リバティハイツ,牝,5,団野大成, 53 ,18,3,１, 内,芝1200,重,,(栗),高野友和,1086,-0.1,,7,6,34.6,472,+8,B
,2020.10.10,京都,4京1,3勝,長岡京Ｓ･3勝,4,4,メイショウオーパス,牡,5,幸英明, 57 ,11,4,１, 外,芝1400,不,,(栗),飯田祐史,1218,-0.2,,10,10,34.7,516,0,
,2020.10.10,京都,4京1,2勝,高雄特Ｈ･2勝,3,3,ディアマンミノル,牡,3,和田竜二, 53 ,9,1,１, 外,芝2400,不,,(栗),本田優,2288,-0.1,7,4,3,37.3,464,+4,
,2020.10.10,京都,4京1,1勝,１勝ｸﾗｽ,1,1,オヌシナニモノ,牡,3,松若風馬, 55 ,14,3,１, ,ダ1200,不,,(栗),高橋義忠,1095,-0.2,,1,1,35.7,462,+10,
,2020.10.10,京都,4京1,1勝,１勝ｸﾗｽ,3,3,マルモネオフォース,牝,4,富田暁,54☆,8,3,１, 外,芝1800,不,,(栗),木原一良,1495,-0.1,,3,3,35.5,512,-2,
,2020.10.10,京都,4京1,1勝,１勝ｸﾗｽ・牝,1,2,スエーニョブランコ,牝,3,藤岡康太, 53 ,16,6,１, ,ダ1400,不,,(栗),上村洋行,1220,-0.9,,1,1,36.2,510,+14,
,2020.10.10,京都,4京1,新馬,新馬,5,7,アールドヴィーヴル,牝,2,松山弘平, 54 ,14,2,１, 内,芝1600,不,,(栗),今野貞一,1366,-0.0,,11,10,34.9,446,,
,2020.10.10,京都,4京1,新馬,新馬,6,11,ディオスクーロイ,牡,2,川須栄彦, 55 ,16,2,１, ,ダ1200,不,*,(栗),松下武士,1116,-0.8,,2,1,37.1,486,,
,2020.10.10,京都,4京1,未勝利,未勝利*,7,11,ギャラントウォリア,牡,2,池添謙一, 55 ,13,1,１, 外,芝1800,不,,(栗),平田修,1503,-0.4,,2,2,38.4,490,+8,
,2020.10.10,京都,4京1,未勝利,未勝利*,4,5,デルマヤクシ,牡,2,藤岡康太, 55 ,13,5,１, 内,芝1400,不,,(栗),友道康夫,1236,-0.7,,2,2,36.4,440,+2,
,2020.10.10,京都,4京1,未勝利,未勝利*,1,1,マルモルーラー,牡,2,幸英明, 55 ,13,5,１, ,ダ1800,不,,(栗),木原一良,1523,-0.2,5,4,4,37.8,514,+2,
,"2020. 5.31",京都,3京C,3勝,朱雀Ｓ･3勝,1,2,ミッキースピリット,牡,4,松若風馬, 57 ,16,1,１, 内,芝1200,良,*,(栗),音無秀孝,1092,-0.0,,4,3,34.5,492,-4,
,"2020. 5.31",京都,3京C,OP(L),白百合Ｓ(L),3,3,ヒュッゲ,牡,3,吉田隼人, 56 ,8,1,１, 外,芝1800,良,,(栗),友道康夫,1489,-0.1,,1,1,34.4,474,+10,
,"2020. 5.31",京都,3京C,OP(L),安土城Ｈ(L),2,4,エントシャイデン,牡,5,川須栄彦, 55 ,17,9,１, 外,芝1400,良,,(栗),矢作芳人,1213,-0.0,,9,7,33.8,488,+6,
,"2020. 5.31",京都,3京C,2勝,與杼特別･2勝,3,4,ダノンスプレンダー,牡,4,藤岡佑介, 57 ,15,2,１, ,ダ1900,良,,(栗),安田隆行,1599,-0.0,2,5,6,36.9,508,0,B
,"2020. 5.31",京都,3京C,2勝,２勝ｸﾗｽ,4,7,ヤマニンペダラーダ,牡,6,鮫島克駿, 57 ,15,7,１, 外,芝1400,良,,(栗),浅見秀一,1219,-0.0,,8,7,34.9,478,-2,
,"2020. 5.31",京都,3京C,1勝,１勝ｸﾗｽ,6,6,エスト,牝,4,藤岡佑介, 55 ,11,2,１, ,ダ1800,良,,(栗),安田隆行,1532,-0.4,2,1,1,38.2,464,+2,
,"2020. 5.31",京都,3京C,1勝,１勝ｸﾗｽ*,5,9,ボンボヤージ,牝,3,川須栄彦, 54 ,16,3,１, 内,芝1200,良,*,(栗),梅田智之,1094,-0.0,,6,4,34.9,422,-2,
,"2020. 5.31",京都,3京C,1勝,１勝ｸﾗｽ*,7,14,メイショウベンガル,牡,3,幸英明, 56 ,16,8,１, ,ダ1400,良,,(栗),松永昌博,1244,-1.2,,4,3,37.6,456,-2,
,"2020. 5.31",京都,3京C,未勝利,障害未勝利,7,11,ピッツバーグ,セ,7,五十嵐雄, 60 ,13,3,１, ,ダ2910,良,,(美),田村康仁,3209,-0.3,1,1,1,13.8,504,0,
,"2020. 5.31",京都,3京C,未勝利,未勝利,4,8,ナムラドン,牡,3,北村宏司, 56 ,18,6,１, 外,芝2400,良,*,(栗),清水久詞,2281,-0.3,4,4,2,36.2,482,-2,
,"2020. 5.31",京都,3京C,未勝利,未勝利,3,5,カネコメノボル,セ,3,森裕太朗,55☆,16,6,１, ,ダ1800,良,,(栗),中尾秀正,1537,-0.4,9,9,8,37.9,428,+12,
,"2020. 5.31",京都,3京C,未勝利,未勝利,8,15,スナークダヴィンチ,牡,3,岩田望来,55☆,16,2,１, ,ダ1200,良,,(栗),野中賢二,1129,-0.3,,2,2,37.1,482,+2,
,"2020. 5.30",京都,3京B,2勝,２勝ｸﾗｽ,1,2,ヨハン,牡,4,松若風馬, 57 ,16,7,１, ,ダ1400,良,,(栗),高橋康之,1243,-0.2,,6,4,37.2,434,0,
,"2020. 5.30",京都,3京B,重賞,葵Ｓ･重,6,12,ビアンフェ,牡,3,藤岡佑介, 57 ,16,1,１, 内,芝1200,良,,(栗),中竹和也,1081,-0.0,,1,1,34.6,558,+8,
,"2020. 5.30",京都,3京B,3勝,東大路Ｈ･3勝,6,11,ケイアイパープル,牡,4,中井裕二, 54 ,16,3,１, ,ダ1800,良,,(栗),村山明,1514,-0.1,2,2,2,36.0,510,+8,
,"2020. 5.30",京都,3京B,2勝,紫野特別･2勝,4,4,マイネルウィルトス,牡,4,国分優作, 57 ,7,1,１, 内,芝2000,良,,(栗),宮徹,2016,-0.3,2,2,2,33.9,468,+2,
,"2020. 5.30",京都,3京B,1勝,１勝ｸﾗｽ,4,4,アルディテッツァ,牡,4,亀田温心,54▲,10,5,１, 外,芝1600,良,,(栗),橋口慎介,1345,-0.4,,1,1,34.1,500,-6,B
,"2020. 5.30",京都,3京B,1勝,１勝ｸﾗｽ,4,8,シャイニーブランコ,牡,4,吉田隼人, 57 ,16,3,１, ,ダ1200,良,,(栗),石坂正,1122,-0.1,,2,5,36.9,454,+10,
,"2020. 5.30",京都,3京B,1勝,１勝ｸﾗｽ,6,6,エレヴァルアスール,牡,4,松若風馬, 57 ,7,2,１, 外,芝2200,良,,(栗),鈴木孝志,2139,-0.2,1,1,1,36.2,494,-8,B
,"2020. 5.30",京都,3京B,1勝,１勝ｸﾗｽ*,3,5,エイシンアメンラー,牡,3,藤岡康太, 56 ,16,5,１, ,ダ1800,良,,(栗),野中賢二,1515,-0.4,1,1,1,37.8,490,+2,
,"2020. 5.30",京都,3京B,未勝利,未勝利,2,4,ポールトゥウィン,牡,3,幸英明, 56 ,18,3,１, 外,芝1800,良,,(栗),西浦勝一,1472,-0.2,,5,3,34.9,480,-2,
,"2020. 5.30",京都,3京B,未勝利,未勝利,7,15,トーホウラデン,牡,3,幸英明, 56 ,18,3,１, 内,芝1400,良,,(栗),高橋亮,1214,-0.2,,2,2,35.3,502,+8,
,"2020. 5.30",京都,3京B,未勝利,未勝利,4,7,クリアショット,牡,3,吉田隼人, 56 ,16,1,１, ,ダ1800,良,,(栗),上村洋行,1533,-1.2,1,1,1,37.7,492,+2,
,"2020. 5.30",京都,3京B,未勝利,未勝利,1,2,ヒデノサードニクス,牡,3,斎藤新,55☆,16,4,１, ,ダ1400,良,,(栗),梅田智之,1256,-0.6,,1,1,38.0,460,+2,
,"2020. 5.24",京都,3京A,2勝,２勝ｸﾗｽ,1,1,マイネルカイノン,牡,5,武藤雅, 57 ,16,7,１, ,ダ1800,良,,(栗),宮徹,1519,-0.0,13,14,12,36.0,512,+10,
,"2020. 5.24",京都,3京A,3勝,烏丸Ｓ･3勝,3,6,ミスマンマミーア,牝,5,池添謙一, 55 ,16,3,１, 外,芝2400,良,,(栗),寺島良,2249,-0.1,12,12,10,34.6,466,+14,
,"2020. 5.24",京都,3京A,OP(L),鳳雛Ｓ(L),7,13,ミヤジコクオウ,牡,3,幸英明, 56 ,16,1,１, ,ダ1800,良,,(栗),川村禎彦,1510,-0.5,6,5,3,37.6,500,+4,
,"2020. 5.24",京都,3京A,2勝,御室特別･2勝,8,9,オスカールビー,牝,5,坂井瑠星, 55 ,9,7,１, 内,芝2000,良,,(栗),矢作芳人,2018,-0.0,1,1,1,35.0,514,0,
,"2020. 5.24",京都,3京A,1勝,１勝ｸﾗｽ,2,4,ジョニーズララバイ,牡,4,松若風馬, 57 ,16,2,１, 内,芝1200,良,,(栗),音無秀孝,1086,-0.1,,8,7,33.6,454,-6,
,"2020. 5.24",京都,3京A,1勝,１勝ｸﾗｽ,6,6,ゴールデンウェル,牡,4,坂井瑠星, 57 ,8,4,１, ,ダ1900,良,,(栗),杉山晴紀,2002,-0.5,5,2,1,37.5,472,-6,
,"2020. 5.24",京都,3京A,1勝,１勝ｸﾗｽ*,7,14,カリニート,牡,3,藤懸貴志, 56 ,16,7,１, ,ダ1200,良,,(栗),大根田裕,1122,-0.1,,15,14,35.9,460,-2,
,"2020. 5.24",京都,3京A,未勝利,未勝利,5,8,ウインサンフラワー,牡,3,藤岡佑介, 56 ,14,1,１, 内,芝2000,良,,(栗),飯田雄三,2017,-0.4,1,1,1,36.7,452,+2,
,"2020. 5.24",京都,3京A,未勝利,未勝利,7,15,コンフィテーロ,牡,3,坂井瑠星, 56 ,18,2,１, 内,芝1600,良,,(栗),吉村圭司,1354,-0.2,,14,13,35.6,462,0,
,"2020. 5.24",京都,3京A,未勝利,未勝利・牝,6,12,ムジカ,牝,3,池添謙一, 54 ,18,2,１, 外,芝1800,良,,(栗),鈴木孝志,1478,-0.3,,8,6,35.7,440,+8,
,"2020. 5.24",京都,3京A,未勝利,未勝利,4,7,メイショウケアラシ,牡,3,古川吉洋, 56 ,16,3,１, ,ダ1800,良,,(栗),飯田祐史,1535,-0.9,1,1,1,38.1,484,-4,
,"2020. 5.24",京都,3京A,未勝利,未勝利,2,3,トモジャアルマンド,牡,3,幸英明, 56 ,16,2,１, ,ダ1400,良,,(栗),大根田裕,1259,-0.0,,4,4,38.0,492,-4,
,"2020. 5.23",京都,3京9,2勝,オースＨ･2勝,3,6,ドラグーンシチー,牡,5,池添謙一, 56 ,17,4,１, 外,芝1800,良,,(栗),北出成人,1472,-0.2,,3,2,34.0,494,-18,
,"2020. 5.23",京都,3京9,Ｇ３,平安ＳG3,4,5,オメガパフューム,牡,5,北村友一, 59 ,14,3,１, ,ダ1900,良,,(栗),安田翔伍,1560,-0.2,6,7,7,35.5,460,+9,
,"2020. 5.23",京都,3京9,3勝,シドニＨ･3勝,4,8,トップウイナー,牡,4,和田翼, 54 ,16,8,１, ,ダ1200,良,,(栗),鈴木孝志,1101,-0.2,,2,2,35.2,464,-16,B
,"2020. 5.23",京都,3京9,1勝,メルボル･1勝,7,9,アイアンバローズ,牡,3,池添謙一, 56 ,12,2,１, 外,芝2400,良,,(栗),角居勝彦,2260,-0.0,11,11,7,35.2,478,+4,
,"2020. 5.23",京都,3京9,1勝,１勝ｸﾗｽ,7,13,ダノンインパルス,牡,5,田中健, 57 ,16,3,１, ,ダ1400,良,,(栗),佐々木晶,1242,-0.3,,5,5,37.6,484,-2,B
,"2020. 5.23",京都,3京9,1勝,１勝ｸﾗｽ・牝,8,8,カリンカ,牝,5,北村宏司, 55 ,8,8,１, 内,芝2000,良,,(栗),佐々木晶,2012,-0.3,5,5,6,35.1,422,-14,
,"2020. 5.23",京都,3京9,1勝,１勝ｸﾗｽ*,5,6,スマートリアン,牝,3,幸英明, 54 ,12,1,１, 内,芝1600,良,,(栗),石橋守,1338,-0.0,,3,3,35.1,462,0,
,"2020. 5.23",京都,3京9,未勝利,未勝利,8,13,ラインハイト,牡,3,北村友一, 56 ,13,2,１, 外,芝1800,良,,(栗),石坂正,1493,-0.3,,2,2,34.4,470,+2,
,"2020. 5.23",京都,3京9,未勝利,未勝利,4,4,メイショウコジョウ,牡,3,酒井学, 56 ,13,7,１, ,ダ1900,良,,(栗),石橋守,1592,-0.2,11,7,4,37.8,466,+2,
,"2020. 5.23",京都,3京9,未勝利,未勝利,4,7,ダブルアンコール,牝,3,水口優也, 54 ,18,1,１, 内,芝1400,良,,(栗),池江泰寿,1214,-0.2,,2,2,35.5,424,+4,
,"2020. 5.23",京都,3京9,未勝利,未勝利,8,15,フルールドネージュ,牝,3,藤岡佑介, 54 ,16,1,１, ,ダ1200,良,,(栗),鈴木孝志,1128,-0.0,,1,1,38.2,432,+2,
,"2020. 5.23",京都,3京9,未勝利,未勝利・牝,2,4,ラボンダンス,牝,3,池添謙一, 54 ,16,5,１, ,ダ1800,良,,(栗),橋口慎介,1547,-0.0,10,7,7,38.7,490,-2,
,"2020. 5.17",京都,3京8,2勝,２勝ｸﾗｽ,2,4,フィールシュパース,セ,5,国分優作, 57 ,16,7,１, ,ダ1200,重,,(栗),中竹和也,1102,-0.1,,2,2,35.9,544,+8,
,"2020. 5.17",京都,3京8,OP(L),栗東ＳＨ(L),2,3,サクセスエナジー,牡,6,酒井学, 58 ,16,1,１, ,ダ1400,重,,(栗),北出成人,1219,-0.1,,1,1,36.7,542,+2,
,"2020. 5.17",京都,3京8,3勝,渡月橋Ｓ･3勝,4,6,アンリミット,牝,5,城戸義政, 55 ,15,8,１, 外,芝1400,稍,*,(栗),清水久詞,1217,-0.3,,1,1,35.2,490,+16,
,"2020. 5.17",京都,3京8,2勝,白川特別･2勝,2,2,レオビヨンド,牡,4,幸英明, 57 ,9,1,１, 外,芝2400,稍,,(栗),高柳大輔,2276,-0.8,4,3,3,35.6,478,0,
,"2020. 5.17",京都,3京8,1勝,１勝ｸﾗｽ,7,7,カズマークセン,牡,4,浜中俊, 57 ,9,1,１, 内,芝2000,稍,,(栗),安田隆行,2032,-0.2,6,6,3,38.4,504,+2,
,"2020. 5.17",京都,3京8,1勝,１勝ｸﾗｽ,5,6,メイショウソテツ,牡,4,幸英明, 57 ,13,1,１, ,ダ1800,重,,(栗),岡田稲男,1502,-0.3,3,3,2,36.7,514,-2,B
,"2020. 5.17",京都,3京8,1勝,１勝ｸﾗｽ・牝*,7,9,ゴールドティア,牝,3,北村友一, 54 ,12,3,１, 内,芝1600,稍,,(栗),池添学,1346,-0.3,,4,4,35.2,456,0,B
,"2020. 5.17",京都,3京8,未勝利,未勝利,8,10,ケイアイコブラ,牡,3,松若風馬, 56 ,11,3,１, 内,芝2000,稍,,(栗),平田修,2041,-0.1,2,2,2,34.6,460,-4,
,"2020. 5.17",京都,3京8,未勝利,未勝利,5,5,レッドレビン,牡,3,藤岡佑介, 56 ,12,2,１, ,ダ1800,重,,(栗),昆貢,1523,-0.2,9,2,1,39.3,496,+6,B
,"2020. 5.17",京都,3京8,未勝利,未勝利,7,13,エレヴァート,牝,3,藤井勘一, 54 ,16,2,１, 内,芝1200,重,,(栗),角田晃一,1094,-0.2,,4,4,34.3,432,0,
,"2020. 5.17",京都,3京8,未勝利,未勝利・牝,8,11,ジョウショーリード,牝,3,国分恭介, 54 ,11,2,１, ,ダ1800,不,*,(栗),服部利之,1523,-0.2,5,4,3,37.8,456,-6,
,"2020. 5.17",京都,3京8,未勝利,未勝利,2,4,アールウェルス,牡,3,浜中俊, 56 ,16,1,１, ,ダ1200,不,,(栗),牧浦充徳,1121,-0.1,,2,2,36.6,528,+2,B
,"2020. 5.16",京都,3京7,2勝,２勝ｸﾗｽ・牝,3,4,グランデストラーダ,牝,4,松若風馬, 55 ,15,1,１, ,ダ1800,不,,(栗),上村洋行,1506,-0.0,2,2,1,38.0,492,-6,
,"2020. 5.16",京都,3京7,OP(L),都大路Ｓ(L),7,12,ベステンダンク,牡,8,藤岡佑介, 58 ,14,6,１, 外,芝1800,重,,(栗),安達昭夫,1482,-0.0,,2,2,35.5,520,+2,
,"2020. 5.16",京都,3京7,2勝,御池特別･2勝,2,2,ザイツィンガー,牡,4,藤岡佑介, 57 ,11,7,１, 外,芝1400,重,,(栗),牧田和弥,1231,-0.1,,4,3,35.1,428,0,
,"2020. 5.16",京都,3京7,1勝,あずさ賞･1勝,7,7,ソニックベガ,牝,3,北村友一, 54 ,10,3,１, 内,芝2000,重,,(栗),斉藤崇史,2038,-0.1,7,6,6,35.3,448,+18,
,"2020. 5.16",京都,3京7,ＪＧ２,京都ハイJG2,1,1,スズカプレスト,牡,8,北沢伸也, 60 ,10,5,１, ,芝3930,重,,(栗),橋田満,4439,-0.3,2,2,2,14.4,468,-4,
,"2020. 5.16",京都,3京7,1勝,１勝ｸﾗｽ・牝,2,2,モズレジーナ,牝,4,高倉稜, 55 ,13,7,１, ,ダ1400,重,,(栗),矢作芳人,1239,-0.7,,7,6,36.1,428,-2,
,"2020. 5.16",京都,3京7,1勝,１勝ｸﾗｽ*,6,11,サンライズホープ,牡,3,川須栄彦, 56 ,16,2,１, ,ダ1800,重,*,(栗),羽月友彦,1503,-0.1,2,2,2,35.9,526,-10,
,"2020. 5.16",京都,3京7,未勝利,未勝利,8,8,コスモジェミラ,牝,3,国分優作, 54 ,9,2,１, 外,芝2200,稍,,(栗),吉田直弘,2187,-0.0,2,2,2,35.0,462,-2,
,"2020. 5.16",京都,3京7,未勝利,未勝利,5,10,エターナルハート,牝,3,北村友一, 54 ,17,3,１, 内,芝1600,稍,,(栗),友道康夫,1359,-0.2,,3,3,35.5,402,,
,"2020. 5.16",京都,3京7,未勝利,未勝利・牝,4,7,アトリビュート,牝,3,北村友一, 54 ,15,1,１, 内,芝2000,稍,,(栗),高野友和,2035,-0.1,2,2,2,36.5,440,+4,
,"2020. 5.16",京都,3京7,未勝利,未勝利,1,1,パイプライナー,牡,3,松若風馬, 56 ,12,2,１, ,ダ1800,稍,,(栗),杉山晴紀,1524,-0.5,1,1,1,37.6,510,0,
,"2020. 5.16",京都,3京7,未勝利,未勝利・牝,5,9,リノ,牝,3,藤岡佑介, 54 ,16,1,１, ,ダ1400,稍,,(栗),寺島良,1248,-0.2,,4,4,37.8,444,+10,
,"2020. 5.10",京都,3京6,2勝,２勝ｸﾗｽ,7,14,インターセクション,牡,5,小崎綾也, 57 ,16,13,１, ,ダ1900,良,,(栗),大久保龍,1598,-0.0,10,10,7,38.6,478,-22,B
,"2020. 5.10",京都,3京6,ｵｰﾌﾟﾝ,鞍馬Ｓ,6,7,タイセイアベニール,牡,5,松山弘平, 56 ,12,2,１, 内,芝1200,良,,(栗),西村真幸,1077,-0.0,,7,8,32.6,498,+2,
,"2020. 5.10",京都,3京6,OP(L),橘Ｓ(L),8,9,カリオストロ,牝,3,松山弘平, 54 ,9,3,１, 外,芝1400,良,,(栗),加用正,1212,-0.2,,2,2,35.4,458,+4,
,"2020. 5.10",京都,3京6,3勝,上賀茂Ｓ･3勝,8,15,ウインユニファイド,牡,8,和田竜二, 57 ,16,3,１, ,ダ1800,良,*,(栗),飯田雄三,1515,-0.1,7,4,4,36.5,524,-2,B
,"2020. 5.10",京都,3京6,2勝,２勝ｸﾗｽ,4,4,ウェーブヒーロー,牡,7,川須栄彦, 57 ,13,8,１, 外,芝1600,良,,(栗),中尾秀正,1334,-0.0,,7,6,34.6,506,+2,
,"2020. 5.10",京都,3京6,1勝,１勝ｸﾗｽ,1,1,レッドエンヴィー,牡,4,川田将雅, 57 ,5,1,１, 外,芝2400,良,,(栗),須貝尚介,2269,-0.0,3,3,3,34.0,494,+8,B
,"2020. 5.10",京都,3京6,1勝,１勝ｸﾗｽ*,6,12,アフィラトゥーラ,牡,3,池添謙一, 56 ,16,4,１, ,ダ1400,良,,(栗),森田直行,1253,-0.2,,3,3,38.6,488,-10,
,"2020. 5.10",京都,3京6,未勝利,未勝利,5,5,アステロイドベルト,牡,3,西村淳也,55☆,9,2,１, 内,芝2000,良,,(栗),池江泰寿,2012,-0.0,3,3,4,34.8,474,+6,
,"2020. 5.10",京都,3京6,未勝利,未勝利・牝,8,13,ラヴユーライヴ,牝,3,坂井瑠星, 54 ,14,1,１, 外,芝1800,良,,(栗),矢作芳人,1478,-0.1,,5,4,34.2,420,-8,
,"2020. 5.10",京都,3京6,未勝利,未勝利,8,14,ニホンピロストーム,牡,3,松山弘平, 56 ,15,2,１, ,ダ1900,良,,(栗),安達昭夫,2007,-0.4,9,6,4,37.8,522,0,
,"2020. 5.10",京都,3京6,未勝利,未勝利,3,5,ラフリッグフェル,牝,3,藤岡佑介, 54 ,16,6,１, ,ダ1400,良,,(栗),寺島良,1258,-0.2,,5,4,38.0,444,+8,
,"2020. 5.10",京都,3京6,未勝利,未勝利・牝,6,8,エンカンタドーラ,牝,3,藤岡康太, 54 ,13,3,１, ,ダ1800,良,,(栗),野中賢二,1549,-0.3,11,7,2,39.2,448,+8,
,"2020. 5. 9",京都,3京5,2勝,２勝ｸﾗｽ,3,5,エイシンポジション,牝,4,北村宏司, 55 ,15,2,１, ,ダ1400,良,,(栗),野中賢二,1239,-0.0,,4,4,37.3,428,-2,
,"2020. 5. 9",京都,3京5,Ｇ２,京都新聞G2,5,6,ディープボンド,牡,3,和田竜二, 56 ,13,4,１, 外,芝2200,良,,(栗),大久保龍,2117,-0.0,5,6,6,35.4,482,-2,
,"2020. 5. 9",京都,3京5,3勝,錦ＳＨ･3勝,4,4,ミッキーブリランテ,牡,4,坂井瑠星, 55 ,13,9,１, 外,芝1600,良,,(栗),矢作芳人,1339,-0.0,,4,3,33.9,476,+4,
,"2020. 5. 9",京都,3京5,2勝,鴨川特別･2勝,3,3,ラクローチェ,牡,4,幸英明, 57 ,12,7,１, 内,芝2000,良,,(栗),角田晃一,1587,-0.1,4,5,4,34.0,474,-4,
,"2020. 5. 9",京都,3京5,1勝,１勝ｸﾗｽ・牝,4,4,メイショウオトワ,牝,4,池添謙一, 55 ,10,7,１, ,ダ1800,良,,(栗),飯田祐史,1535,-0.0,6,6,5,38.4,462,-12,
,"2020. 5. 9",京都,3京5,1勝,１勝ｸﾗｽ,3,4,カネコメアサヒ,牡,4,北村友一, 57 ,14,5,１, ,ダ1200,良,,(栗),中尾秀正,1124,-0.0,,1,1,36.2,442,-2,
,"2020. 5. 9",京都,3京5,1勝,１勝ｸﾗｽ*,3,3,チュウワノキセキ,牡,3,松山弘平, 56 ,10,3,１, 内,芝1600,良,,(栗),大久保龍,1322,-0.5,,4,5,34.3,468,0,
,"2020. 5. 9",京都,3京5,1勝,１勝ｸﾗｽ・牝*,5,8,マドルガーダ,牝,3,池添謙一, 54 ,14,1,１, ,ダ1800,良,,(栗),笹田和秀,1519,-0.2,7,4,3,37.3,460,0,
,"2020. 5. 9",京都,3京5,未勝利,未勝利,7,8,コマノウインクル,牡,3,加藤祥太, 56 ,11,4,１, 外,芝1800,良,,(栗),庄野靖志,1472,-0.0,,2,2,35.2,482,+2,
,"2020. 5. 9",京都,3京5,未勝利,未勝利,8,15,ムーンライト,牝,3,北村宏司, 54 ,17,3,１, 内,芝1400,良,*,(栗),清水久詞,1214,-0.2,,9,7,34.2,454,-2,
,"2020. 5. 9",京都,3京5,未勝利,未勝利,1,2,タガノウィリアム,牡,3,小牧太, 56 ,16,7,１, ,ダ1800,良,,(栗),中尾秀正,1535,-0.0,1,1,1,38.3,492,+8,
,"2020. 5. 9",京都,3京5,未勝利,未勝利・牝,6,12,バトーデュシエル,牝,3,川田将雅, 54 ,16,1,１, ,ダ1200,良,,(栗),安田翔伍,1126,-0.2,,3,3,37.2,466,-2,
,"2020. 5. 3",京都,3京4,3勝,高瀬川Ｓ･3勝,5,9,ヒラソール,セ,4,荻野極, 57 ,16,1,１, ,ダ1400,良,,(栗),加用正,1248,-0.0,,10,7,35.2,480,+4,
,"2020. 5. 3",京都,3京4,Ｇ１,天皇賞春G1,8,14,フィエールマン,牡,5,ルメール, 58 ,14,1,１, 外,芝3200,良,,(美),手塚貴久,3165,-0.0,8,7,7,34.6,490,+8,
,"2020. 5. 3",京都,3京4,ｵｰﾌﾟﾝ,端午Ｓ,3,6,サトノラファール,牡,3,藤岡康太, 56 ,16,3,１, ,ダ1400,良,,(栗),中竹和也,1245,-0.1,,14,13,36.3,528,-10,
,"2020. 5. 3",京都,3京4,2勝,鷹ケ峰Ｈ･2勝,7,15,ミッキースピリット,牡,4,Ｍ．デム, 54 ,18,7,１, 内,芝1200,良,,(栗),音無秀孝,1083,-0.0,,8,8,33.6,496,+12,
,"2020. 5. 3",京都,3京4,2勝,糺の森特･2勝,4,4,ランブリングアレー,牝,4,武豊, 55 ,9,1,１, 外,芝1800,良,,(栗),友道康夫,1460,-0.4,,3,3,34.3,472,+8,
,"2020. 5. 3",京都,3京4,1勝,１勝ｸﾗｽ,4,7,ドラセナ,セ,5,藤井勘一, 57 ,16,4,１, ,ダ1400,良,*,(栗),奥村豊,1261,-0.0,,10,7,36.1,486,-4,B
,"2020. 5. 3",京都,3京4,1勝,１勝ｸﾗｽ,4,4,ロワシーナ,牡,4,浜中俊, 57 ,13,3,１, ,ダ1800,良,,(栗),吉岡辰弥,1529,-0.4,7,4,4,37.3,482,0,B
,"2020. 5. 3",京都,3京4,1勝,１勝ｸﾗｽ*,4,8,ルガーサント,牝,3,松若風馬, 54 ,18,10,１, 外,芝1400,良,,(栗),西村真幸,1213,-0.2,,1,1,34.4,432,-2,
,"2020. 5. 3",京都,3京4,未勝利,未勝利,8,10,ストリクトコード,牝,3,和田竜二, 54 ,11,3,１, 内,芝2000,良,,(栗),庄野靖志,2020,-0.0,8,5,7,34.6,426,-4,
,"2020. 5. 3",京都,3京4,未勝利,未勝利,4,7,グレースオブナイル,牝,3,松若風馬, 54 ,16,3,１, 内,芝1600,良,,(栗),杉山晴紀,1345,-0.1,,5,5,35.8,436,-2,
,"2020. 5. 3",京都,3京4,未勝利,未勝利,7,14,ワンダーダイカネン,牡,3,和田竜二, 56 ,16,2,１, ,ダ1200,良,,(栗),今野貞一,1133,-0.1,,4,4,36.5,476,-2,
,"2020. 5. 3",京都,3京4,未勝利,未勝利・牝,3,5,ダンツエリーゼ,牝,3,ルメール, 54 ,16,1,１, ,ダ1800,良,,(栗),本田優,1556,-0.2,11,10,8,37.4,520,+4,
,"2020. 5. 2",京都,3京3,2勝,２勝ｸﾗｽ,8,15,ケイアイパープル,牡,4,藤岡康太, 57 ,16,4,１, ,ダ1800,良,,(栗),村山明,1520,-0.1,3,2,3,37.2,502,+4,
,"2020. 5. 2",京都,3京3,ｵｰﾌﾟﾝ,天王山Ｓ,7,14,サクセスエナジー,牡,6,和田竜二, 59 ,16,3,１, ,ダ1200,良,,(栗),北出成人,1102,-0.5,,2,2,35.4,540,0,
,"2020. 5. 2",京都,3京3,3勝,下鴨ＳＨ･3勝,8,12,ヒンドゥタイムズ,牡,4,北村友一, 57 ,13,1,１, 内,芝2000,良,*,(栗),斉藤崇史,2000,-0.2,6,7,5,33.2,464,-4,
,"2020. 5. 2",京都,3京3,1勝,矢車賞･1勝*,6,6,ソフトフルート,牝,3,川田将雅, 54 ,10,1,１, 外,芝2200,良,,(栗),松田国英,2133,-0.1,6,5,6,34.0,466,+2,
,"2020. 5. 2",京都,3京3,2勝,２勝ｸﾗｽ,4,8,ノンライセンス,牝,4,松田大作, 55 ,16,1,１, ,ダ1200,良,,(栗),松永幹夫,1121,-0.2,,5,6,36.6,454,0,
,"2020. 5. 2",京都,3京3,1勝,１勝ｸﾗｽ,8,12,グッドレイズ,牡,4,岩田望来,56☆,13,6,１, 外,芝1600,良,,(栗),川村禎彦,1331,-0.2,,11,11,34.0,498,+4,
,"2020. 5. 2",京都,3京3,1勝,１勝ｸﾗｽ*,4,7,ダイメイコリーダ,牡,3,池添謙一, 56 ,16,3,１, ,ダ1800,良,,(栗),森田直行,1515,-0.2,1,1,1,36.6,480,-6,
,"2020. 5. 2",京都,3京3,未勝利,未勝利,5,5,ヒートオンビート,牡,3,川田将雅, 56 ,12,1,１, 外,芝2400,良,,(栗),松田国英,2270,-0.1,6,7,5,33.9,454,+2,
,"2020. 5. 2",京都,3京3,未勝利,未勝利,4,5,エヒト,牡,3,Ｍ．デム, 56 ,13,2,１, 外,芝1800,良,,(栗),森秀行,1466,-0.2,,8,7,33.8,448,0,
,"2020. 5. 2",京都,3京3,未勝利,未勝利・牝,8,16,クレデンザ,牝,3,川田将雅, 54 ,18,2,１, 内,芝1400,良,,(栗),中内田充,1219,-0.2,,4,3,34.3,440,-2,
,"2020. 5. 2",京都,3京3,未勝利,未勝利,8,15,ハギノアレグリアス,牡,3,岩田望来,55☆,16,5,１, ,ダ1800,良,,(栗),松田国英,1532,-0.3,10,8,6,36.9,472,+10,
,"2020. 5. 2",京都,3京3,未勝利,未勝利,2,4,エターナリー,牡,3,幸英明, 56 ,16,1,１, ,ダ1400,良,,(栗),西浦勝一,1258,-0.8,,1,1,37.2,446,+2,
,"2020. 4.26",京都,3京2,2勝,２勝ｸﾗｽ,3,6,ヨドノビクトリー,牡,6,武豊, 57 ,16,2,１, ,ダ1400,良,*,(栗),北出成人,1247,-0.3,,10,10,36.3,498,-10,
,"2020. 4.26",京都,3京2,Ｇ２,マイラーG2,1,1,インディチャンプ,牡,5,福永祐一, 58 ,12,1,１, 外,芝1600,良,,(栗),音無秀孝,1324,-0.3,,4,3,33.0,476,-2,
,"2020. 4.26",京都,3京2,3勝,桃山Ｓ･3勝,2,4,ロードブレス,牡,4,川須栄彦, 57 ,16,3,１, ,ダ1900,良,,(栗),奥村豊,1578,-0.0,10,9,9,37.4,510,0,
,"2020. 4.26",京都,3京2,3勝,桃山Ｓ･3勝,4,7,サクラアリュール,牡,5,武豊, 57 ,16,1,１, ,ダ1900,良,,(栗),村山明,1578,-0.0,16,14,6,37.0,472,-4,
,"2020. 4.26",京都,3京2,2勝,比良山Ｈ･2勝,5,6,ドンアルゴス,牡,5,川島信二, 55 ,13,4,１, 外,芝2200,良,,(栗),庄野靖志,2122,-0.4,10,7,5,34.1,510,0,
,"2020. 4.26",京都,3京2,1勝,１勝ｸﾗｽ,1,1,サージュミノル,牡,5,泉谷楓真,54▲,9,1,１, ,ダ1800,良,,(栗),本田優,1537,-0.3,3,4,4,38.1,466,-6,
,"2020. 4.26",京都,3京2,1勝,１勝ｸﾗｽ,3,5,プリヒストリー,セ,5,幸英明, 57 ,15,4,１, 外,芝1400,良,,(栗),斉藤崇史,1227,-0.0,,2,1,33.9,472,-6,
,"2020. 4.26",京都,3京2,1勝,１勝ｸﾗｽ*,2,4,バンクオブクラウズ,牡,3,藤井勘一, 56 ,16,6,１, ,ダ1800,良,,(栗),石坂公一,1523,-0.1,7,5,4,37.4,508,-4,
,"2020. 4.26",京都,3京2,未勝利,未勝利,8,14,エアロロノア,牡,3,福永祐一, 56 ,14,1,１, 外,芝1800,良,,(栗),笹田和秀,1482,-0.4,,4,4,34.3,488,-10,
,"2020. 4.26",京都,3京2,未勝利,未勝利,7,13,アーモロート,牝,3,岩田望来,53☆,18,7,１, 内,芝1200,良,,(栗),西園正都,1082,-0.3,,2,2,33.6,494,-6,
,"2020. 4.26",京都,3京2,未勝利,未勝利・牝,3,5,ノブフランクリン,牝,3,松田大作, 54 ,18,5,１, 内,芝2000,良,,(栗),坂口智康,2011,-0.1,5,4,4,35.1,410,-2,
,"2020. 4.26",京都,3京2,未勝利,未勝利,8,16,クラウンデザイアー,牡,3,藤岡康太, 56 ,16,6,１, ,ダ1800,良,,(栗),中竹和也,1555,-0.0,7,3,2,39.7,488,+4,
,"2020. 4.26",京都,3京2,未勝利,未勝利,7,13,コズミックランナー,牡,3,藤岡佑介, 56 ,16,6,１, ,ダ1200,良,,(栗),長谷川浩,1138,-0.7,,2,2,37.4,452,-2,
,"2020. 4.25",京都,3京1,2勝,２勝ｸﾗｽ,5,9,パンコミード,牡,5,川田将雅, 57 ,16,1,１, ,ダ1800,良,,(栗),角居勝彦,1532,-0.0,3,3,2,36.2,528,-12,
,"2020. 4.25",京都,3京1,3勝,彦根Ｓ･3勝,8,17,ラセット,牡,5,加藤祥太, 57 ,18,15,１, 外,芝1400,良,,(栗),庄野靖志,1208,-0.1,,10,9,33.4,500,+20,
,"2020. 4.25",京都,3京1,2勝,六波羅特･2勝,3,3,ステイオンザトップ,牡,6,川田将雅, 57 ,11,5,１, 外,芝1600,良,,(栗),須貝尚介,1342,-0.2,,6,7,32.9,474,-2,
,"2020. 4.25",京都,3京1,1勝,あやめ賞･1勝,7,8,グランスピード,牡,3,福永祐一, 56 ,10,3,１, 外,芝1800,良,,(栗),西村真幸,1474,-0.2,,3,3,34.6,514,+28,
,"2020. 4.25",京都,3京1,1勝,１勝ｸﾗｽ,8,15,アスカノダイチ,牡,4,松山弘平, 57 ,15,1,１, ,ダ1200,良,,(栗),川村禎彦,1127,-0.0,,6,4,36.4,522,-14,
,"2020. 4.25",京都,3京1,1勝,１勝ｸﾗｽ,8,11,デクレアラー,牡,5,川田将雅, 57 ,11,3,１, 外,芝1800,良,,(栗),鮫島一歩,1474,-0.0,,6,5,34.1,482,+4,
,"2020. 4.25",京都,3京1,1勝,１勝ｸﾗｽ*,5,10,スリーグランド,牡,3,太宰啓介, 56 ,16,15,１, ,ダ1200,良,,(栗),高橋義忠,1123,-0.2,,11,12,35.5,464,0,
,"2020. 4.25",京都,3京1,未勝利,未勝利,5,7,リノキアナ,牝,3,幸英明, 54 ,13,10,１, 内,芝2000,良,,(栗),谷潔,2005,-0.1,3,3,3,35.0,426,-6,
,"2020. 4.25",京都,3京1,未勝利,未勝利・牝,5,9,ディキシークイーン,牝,3,福永祐一, 54 ,18,3,１, 内,芝1600,良,,(栗),昆貢,1346,-0.2,,4,4,35.1,478,0,
,"2020. 4.25",京都,3京1,未勝利,未勝利,2,3,タガノキングロード,牡,3,福永祐一, 56 ,16,1,１, ,ダ1900,良,,(栗),五十嵐忠,2003,-0.2,2,2,1,38.8,478,+6,
,"2020. 4.25",京都,3京1,未勝利,未勝利,8,15,オウケンファイター,牡,3,松田大作, 56 ,15,1,１, ,ダ1400,良,,(栗),牧浦充徳,1262,-0.2,,2,2,37.5,504,-2,
,"2020. 4.25",京都,3京1,未勝利,未勝利・牝,2,3,ヴィネット,牝,3,松若風馬, 54 ,16,10,１, ,ダ1800,良,,(栗),音無秀孝,1545,-1.0,1,1,1,37.9,472,-4,
,"2020. 2.23",京都,2京8,2勝,２勝ｸﾗｽ,3,5,タガノプレトリア,牡,5,亀田温心,54▲,16,1,１, ,ダ1400,重,,(栗),宮徹,1236,-0.1,,9,7,36.1,468,+4,
,"2020. 2.23",京都,2京8,ｵｰﾌﾟﾝ,大和ＳＨ,5,9,スズカコーズライン,牡,6,酒井学, 56 ,16,6,１, ,ダ1200,重,,(栗),木原一良,1098,-0.0,,2,1,36.0,524,+6,
,"2020. 2.23",京都,2京8,3勝,斑鳩ＳＨ･3勝,6,8,テーオービクトリー,牝,6,太宰啓介, 52 ,13,4,１, 外,芝1600,稍,,(栗),岡田稲男,1358,-0.4,,8,6,35.0,480,0,
,"2020. 2.23",京都,2京8,2勝,春日特別･2勝,7,9,ペガーズ,牡,6,川又賢治, 57 ,11,4,１, 外,芝1800,稍,,(栗),中尾秀正,1522,-0.1,,2,2,34.6,504,+2,
,"2020. 2.23",京都,2京8,1勝,１勝ｸﾗｽ,5,9,ウェイクール,牡,4,国分優作, 57 ,16,10,１, ,ダ1400,重,*,(栗),松下武士,1246,-0.1,,13,12,35.8,518,0,B
,"2020. 2.23",京都,2京8,1勝,１勝ｸﾗｽ,5,5,ロングファイナリー,セ,4,太宰啓介, 56 ,11,2,１, ,ダ1800,重,,(栗),高橋亮,1512,-0.1,2,2,2,37.7,462,+8,
,"2020. 2.23",京都,2京8,1勝,１勝ｸﾗｽ・牝*,1,1,フィオリキアリ,牝,3,藤井勘一, 54 ,11,6,１, 外,芝1400,稍,,(栗),清水久詞,1248,-0.1,,8,9,35.2,438,+6,
,"2020. 2.23",京都,2京8,未勝利,未勝利,4,8,ヴァリッドブラック,セ,3,藤岡佑介, 56 ,16,3,１, 外,芝1800,稍,,(栗),中内田充,1509,-0.2,,2,1,35.6,464,+12,
,"2020. 2.23",京都,2京8,未勝利,障害未勝利,7,12,トップアスリート,牡,4,西谷誠, 59 ,14,6,１, ,ダ2910,稍,,(栗),池添学,3241,-0.8,2,2,2,14.0,476,+4,
,"2020. 2.23",京都,2京8,未勝利,未勝利,5,9,ボルサリーノ,牡,3,川又賢治,55☆,15,1,１, ,ダ1400,重,,(栗),杉山晴紀,1252,-0.1,,2,1,37.4,458,-4,
,"2020. 2.23",京都,2京8,未勝利,未勝利,2,4,ワイドソロモン,牡,3,亀田温心,53▲,16,4,１, ,ダ1800,重,,(栗),角居勝彦,1516,-0.5,5,3,1,37.7,482,0,
,"2020. 2.23",京都,2京8,未勝利,未勝利・牝,8,15,オウケンロジータ,牝,3,藤岡佑介, 54 ,16,1,１, ,ダ1800,重,,(栗),藤岡健一,1537,-0.6,3,3,2,37.1,500,-8,
,"2020. 2.22",京都,2京7,2勝,２勝ｸﾗｽ,8,16,クレスコブレイブ,牡,6,鮫島良太, 57 ,16,9,１, ,ダ1800,不,,(栗),飯田雄三,1498,-0.0,14,12,8,36.0,524,0,B
,"2020. 2.22",京都,2京7,Ｇ３,京都牝馬G3,8,17,サウンドキアラ,牝,5,松山弘平, 55 ,17,1,１, 外,芝1400,重,,(栗),安達昭夫,1232,-0.2,,4,7,34.5,460,+2,
,"2020. 2.22",京都,2京7,3勝,河原町Ｓ･3勝,3,6,メイショウアリソン,牡,6,松山弘平, 57 ,16,9,１, ,ダ1400,不,,(栗),池添兼雄,1228,-0.0,,4,4,36.4,504,+2,
,"2020. 2.22",京都,2京7,1勝,つばき賞･1勝,8,8,マンオブスピリット,牡,3,ルメール, 56 ,8,2,１, 外,芝1800,重,,(栗),斉藤崇史,1519,-0.1,,6,8,35.8,488,+4,
,"2020. 2.22",京都,2京7,1勝,１勝ｸﾗｽ,3,5,コンセッションズ,牝,5,松田大作, 55 ,16,11,１, ,ダ1200,不,,(栗),牧浦充徳,1107,-0.2,,8,5,35.5,446,+12,
,"2020. 2.22",京都,2京7,1勝,１勝ｸﾗｽ,6,6,レオビヨンド,牡,4,ルメール, 56 ,7,1,１, 外,芝2400,重,,(栗),高柳大輔,2334,-0.7,4,3,1,37.6,478,-2,
,"2020. 2.22",京都,2京7,1勝,１勝ｸﾗｽ*,8,9,ジゲン,牡,3,武豊, 56 ,10,1,１, ,ダ1400,重,,(栗),浅見秀一,1239,-0.6,,3,2,37.2,442,-4,
,"2020. 2.22",京都,2京7,未勝利,未勝利,6,11,ディヴィナシオン,牡,3,武豊, 56 ,16,3,１, 内,芝1600,稍,,(栗),森秀行,1375,-0.1,,3,2,37.0,436,+6,
,"2020. 2.22",京都,2京7,未勝利,障害未勝利,5,7,メイショウバイタル,牡,5,森一馬, 60 ,14,3,１, ,ダ2910,良,,(栗),松永昌博,3244,-0.1,3,3,3,14.0,522,+4,
,"2020. 2.22",京都,2京7,新馬,新馬,3,6,メイショウドヒョウ,牡,3,松田大作, 56 ,16,1,１, ,ダ1800,稍,*,(栗),西園正都,1549,-0.9,4,4,4,38.8,478,,
,"2020. 2.22",京都,2京7,未勝利,未勝利,7,12,ファイヤーテーラー,牝,3,武豊, 54 ,15,1,１, ,ダ1200,稍,,(栗),河内洋,1126,-0.4,,5,4,36.8,472,-2,
,"2020. 2.22",京都,2京7,未勝利,未勝利,3,6,アブルハウル,牡,3,ルメール, 56 ,16,1,１, ,ダ1800,稍,,(栗),池江泰寿,1548,-0.0,1,1,1,38.6,492,+8,
,"2020. 2.16",京都,2京6,2勝,２勝ｸﾗｽ,6,12,シャドウハンター,牡,4,北村友一, 57 ,16,5,１, ,ダ1200,重,,(栗),藤岡健一,1102,-0.1,,2,2,35.9,536,+2,
,"2020. 2.16",京都,2京6,Ｇ２,京都記念G2,7,7,クロノジェネシス,牝,4,北村友一, 54 ,10,1,１, 外,芝2200,重,,(栗),斉藤崇史,2164,-0.4,3,3,3,35.8,460,+12,
,"2020. 2.16",京都,2京6,3勝,北山Ｓ･3勝,4,5,ベストタッチダウン,牡,4,川田将雅, 56 ,14,1,１, ,ダ1800,重,,(栗),橋口慎介,1483,-0.5,1,1,1,36.7,498,+14,
,"2020. 2.16",京都,2京6,1勝,こぶし賞･1勝,5,5,サトノインプレッサ,牡,3,川島信二, 56 ,7,2,１, 内,芝1600,重,,(栗),矢作芳人,1389,-0.0,,7,6,34.9,488,+4,
,"2020. 2.16",京都,2京6,2勝,２勝ｸﾗｽ,8,8,フィールインラヴ,牡,5,岩田康誠, 57 ,9,1,１, 外,芝2400,重,,(栗),浅見秀一,2321,-0.2,6,3,3,36.9,454,-6,
,"2020. 2.16",京都,2京6,1勝,１勝ｸﾗｽ,2,3,モンタナドライブ,牡,4,坂井瑠星, 57 ,16,13,１, ,ダ1400,重,,(栗),本田優,1236,-0.1,,11,10,36.1,444,-4,
,"2020. 2.16",京都,2京6,新馬,新馬,2,4,エイシンバイエルン,牝,3,川須栄彦, 54 ,16,12,１, 外,芝1800,重,,(栗),中尾秀正,1533,-0.0,,5,3,35.6,458,,
,"2020. 2.16",京都,2京6,未勝利,未勝利,6,9,セウラサーリ,牝,3,福永祐一, 54 ,14,2,１, 内,芝1600,重,,(栗),西園正都,1377,-0.0,,4,4,36.8,452,0,
,"2020. 2.16",京都,2京6,ｵｰﾌﾟﾝ,障害・オープ,1,1,ケイティクレバー,牡,5,平沢健治, 60 ,13,1,１, ,ダ3170,重,,(栗),杉山晴紀,3443,-0.5,2,2,1,14.2,470,-2,
,"2020. 2.16",京都,2京6,1勝,１勝ｸﾗｽ・牝,3,3,ヘイセイラスト,牝,4,川須栄彦, 54 ,13,7,１, ,ダ1800,重,*,(栗),羽月友彦,1497,-0.1,1,1,1,37.7,522,-2,
,"2020. 2.16",京都,2京6,未勝利,未勝利,2,4,エイシンバッカス,牡,3,和田竜二, 56 ,16,2,１, ,ダ1200,重,,(栗),今野貞一,1117,-0.1,,4,3,36.5,462,-14,
,"2020. 2.16",京都,2京6,未勝利,未勝利・牝,2,3,アグロウ,牝,3,田中健, 54 ,15,5,１, ,ダ1800,重,,(栗),浅見秀一,1542,-0.1,3,2,2,39.2,424,0,
,"2020. 2.15",京都,2京5,2勝,２勝ｸﾗｽ,2,2,アイアムレジェンド,牡,4,川田将雅, 56 ,15,1,１, ,ダ1800,稍,,(栗),橋田満,1528,-0.2,7,5,5,36.3,482,-6,
,"2020. 2.15",京都,2京5,OP(L),洛陽ＳＨ(L),5,7,ヴァルディゼール,牡,4,北村友一, 56 ,13,3,１, 外,芝1600,稍,,(栗),渡辺薫彦,1342,-0.2,,6,6,34.6,462,+16,
,"2020. 2.15",京都,2京5,3勝,松籟ＳＨ･3勝,7,9,トーセンカンビーナ,牡,4,藤岡康太, 55 ,12,1,１, 外,芝2400,稍,,(栗),角居勝彦,2283,-0.1,7,6,8,34.8,458,0,
,"2020. 2.15",京都,2京5,2勝,宇治川特･2勝,2,2,アフランシール,牝,4,川田将雅, 55 ,7,1,１, 外,芝1400,稍,,(美),尾関知人,1227,-0.0,,3,2,34.8,486,-8,
,"2020. 2.15",京都,2京5,1勝,１勝ｸﾗｽ,7,11,シホノフォルテ,牡,4,松田大作, 56 ,13,1,１, ,ダ1900,稍,*,(栗),寺島良,1593,-0.7,2,2,2,37.6,504,-12,
,"2020. 2.15",京都,2京5,1勝,１勝ｸﾗｽ*,7,14,ダノンファラオ,牡,3,坂井瑠星, 56 ,16,3,１, ,ダ1800,稍,,(栗),矢作芳人,1528,-0.7,2,2,1,38.3,522,+4,
,"2020. 2.15",京都,2京5,新馬,新馬,7,14,ヴァルキュリア,牝,3,荻野琢真, 54 ,16,3,１, ,ダ1400,稍,,(栗),大久保龍,1260,-0.3,,9,5,36.4,452,,
,"2020. 2.15",京都,2京5,未勝利,未勝利,8,13,アイアンバローズ,牡,3,シュタル, 56 ,13,2,１, 内,芝2000,稍,,(栗),角居勝彦,2031,-0.1,5,5,4,36.1,484,+6,
,"2020. 2.15",京都,2京5,未勝利,障害未勝利,4,6,ビッグスモーキー,牡,5,白浜雄造, 60 ,14,1,１, ,ダ2910,稍,,(栗),清水久詞,3198,-1.0,2,2,2,13.7,538,+2,
,"2020. 2.15",京都,2京5,未勝利,未勝利,5,9,フラミンゴフライト,牝,3,川田将雅, 54 ,16,1,１, ,ダ1400,稍,,(栗),吉村圭司,1258,-0.0,,1,1,38.1,490,+8,
,"2020. 2.15",京都,2京5,未勝利,未勝利,2,2,セルファース,牡,3,藤井勘一, 56 ,11,2,１, ,ダ1800,稍,,(栗),石坂公一,1559,-0.0,3,4,4,38.2,520,-2,
,"2020. 2.15",京都,2京5,未勝利,未勝利・牝,8,15,レジェモー,牝,3,シュタル, 54 ,16,3,１, ,ダ1200,稍,,(栗),武幸四郎,1127,-0.4,,5,3,37.4,438,+2,
,"2020. 2. 9",京都,2京4,2勝,２勝ｸﾗｽ,7,10,アスターソード,牡,5,国分恭介, 57 ,12,3,１, ,ダ1400,良,*,(栗),中竹和也,1245,-0.2,,4,3,36.7,470,+2,
,"2020. 2. 9",京都,2京4,Ｇ３,きさらぎG3,1,1,コルテジア,牡,3,松山弘平, 56 ,8,7,１, 外,芝1800,良,,(栗),鈴木孝志,1483,-0.0,,3,3,33.9,454,+2,
,"2020. 2. 9",京都,2京4,3勝,山城Ｓ･3勝,7,13,プリディカメント,牝,5,武豊, 55 ,16,1,１, 内,芝1200,良,,(栗),吉村圭司,1096,-0.1,,8,9,34.1,516,0,
,"2020. 2. 9",京都,2京4,3勝,橿原Ｓ･3勝,7,14,レッドルゼル,牡,4,川田将雅, 57 ,16,1,１, ,ダ1200,良,,(栗),安田隆行,1109,-0.5,,7,5,36.2,484,0,
,"2020. 2. 9",京都,2京4,2勝,２勝ｸﾗｽ,6,9,ロードブレス,牡,4,川田将雅, 56 ,13,1,１, ,ダ1900,良,,(栗),奥村豊,1588,-0.0,2,2,2,38.1,510,+4,
,"2020. 2. 9",京都,2京4,1勝,１勝ｸﾗｽ,1,1,アナザーラブソング,牡,4,松山弘平, 56 ,13,1,１, ,ダ1800,良,,(栗),安達昭夫,1539,-0.2,3,5,1,37.6,472,+4,
,"2020. 2. 9",京都,2京4,新馬,新馬,3,6,アークフリゲート,牝,3,和田翼, 54 ,16,8,１, 内,芝1600,良,,(栗),渡辺薫彦,1378,-0.1,,8,9,35.3,446,,
,"2020. 2. 9",京都,2京4,未勝利,未勝利,7,10,ハナビマンカイ,牡,3,岩田望来,54△,12,4,１, 外,芝2200,良,,(栗),藤原英昭,2161,-0.2,6,7,6,35.3,456,+6,
,"2020. 2. 9",京都,2京4,未勝利,障害未勝利,2,2,ブルベアセロリ,牝,5,植野貴也, 58 ,13,6,１, ,ダ2910,良,,(栗),服部利之,3238,-0.2,3,3,3,14.0,462,+2,
,"2020. 2. 9",京都,2京4,1勝,１勝ｸﾗｽ*,7,10,アウトウッズ,牡,3,岩田望来,54△,12,2,１, ,ダ1200,良,,(栗),浅見秀一,1127,-0.3,,6,5,36.5,526,+8,
,"2020. 2. 9",京都,2京4,未勝利,未勝利,6,10,クールインパクト,牡,3,川田将雅, 56 ,15,2,１, ,ダ1800,良,,(栗),西村真幸,1562,-0.1,10,9,7,37.3,496,+2,
,"2020. 2. 9",京都,2京4,未勝利,未勝利,1,1,シンシティ,牝,3,田中健, 54 ,16,4,１, ,ダ1200,良,,(栗),木原一良,1119,-0.3,,1,1,37.1,462,+4,
,"2020. 2. 8",京都,2京3,2勝,２勝ｸﾗｽ,8,9,ムスコローソ,牡,5,岩田望来,55△,9,6,１, 内,芝1200,良,,(美),手塚貴久,1096,-0.0,,8,7,33.6,520,+2,
,"2020. 2. 8",京都,2京3,ｵｰﾌﾟﾝ,アルデバ,3,6,ロードレガリス,牡,5,武豊, 56 ,16,1,１, ,ダ1900,良,,(栗),野中賢二,1573,-0.1,6,3,3,35.9,520,+2,
,"2020. 2. 8",京都,2京3,OP(L),エルフィ(L),6,8,デアリングタクト,牝,3,松山弘平, 54 ,12,3,１, 外,芝1600,良,,(栗),杉山晴紀,1336,-0.7,,9,10,34.0,466,+2,
,"2020. 2. 8",京都,2京3,2勝,稲荷特Ｈ･2勝,7,10,リュヌルージュ,牝,5,福永祐一, 54 ,12,5,１, 内,芝2000,良,,(栗),斉藤崇史,2011,-0.0,2,2,2,35.2,470,+10,
,"2020. 2. 8",京都,2京3,1勝,１勝ｸﾗｽ,5,9,サトノソロモン,牡,4,川田将雅, 57 ,15,1,１, 外,芝1600,良,,(栗),池江泰寿,1338,-0.1,,3,3,35.1,564,+8,
,"2020. 2. 8",京都,2京3,1勝,１勝ｸﾗｽ,8,16,スナークスター,セ,4,松山弘平, 57 ,16,1,１, ,ダ1200,良,,(栗),川村禎彦,1120,-0.6,,2,2,36.3,468,-2,
,"2020. 2. 8",京都,2京3,新馬,新馬,1,1,トレジャーシップ,牡,3,松田大作, 56 ,16,10,１, ,ダ1800,良,,(栗),吉村圭司,1559,-0.2,3,6,5,38.2,468,,
,"2020. 2. 8",京都,2京3,未勝利,未勝利,6,8,フィニステール,牡,3,川田将雅, 56 ,12,3,１, 外,芝1800,良,,(栗),中内田充,1481,-0.3,,7,7,34.4,466,0,
,"2020. 2. 8",京都,2京3,未勝利,障害未勝利,8,11,タガノグルナ,牡,6,北沢伸也, 60 ,12,4,１, ,ダ2910,良,,(栗),大根田裕,3193,-0.9,1,1,1,13.7,500,+8,
,"2020. 2. 8",京都,2京3,未勝利,未勝利,4,6,ウルトラマリン,牝,3,岩田康誠, 54 ,15,5,１, ,ダ1400,良,,(栗),今野貞一,1258,-0.2,,1,1,37.7,470,+12,
,"2020. 2. 8",京都,2京3,未勝利,未勝利・牝,8,11,クォリティタイム,牝,3,武豊, 54 ,12,2,１, ,ダ1800,良,,(栗),高橋義忠,1554,-0.0,3,3,3,38.3,482,-2,
,"2020. 2. 8",京都,2京3,未勝利,未勝利,6,7,スズカデレヤ,牡,3,幸英明, 56 ,12,1,１, ,ダ1900,良,,(栗),大橋勇樹,2022,-0.1,7,4,4,37.7,512,+2,
,"2020. 2. 2",京都,2京2,2勝,２勝ｸﾗｽ・牝,6,6,メイショウラビエ,牝,5,池添謙一, 55 ,11,3,１, ,ダ1400,良,,(栗),池添兼雄,1261,-0.0,,10,4,35.5,490,+2,
,"2020. 2. 2",京都,2京2,Ｇ３,シルクロＨG3,4,8,アウィルアウェイ,牝,4,川田将雅, 55 ,18,3,１, 内,芝1200,良,,(栗),高野友和,1090,-0.0,,13,12,33.7,478,+4,
,"2020. 2. 2",京都,2京2,3勝,飛鳥Ｓ･3勝,3,3,バイオスパーク,牡,5,和田竜二, 57 ,13,9,１, 外,芝1800,良,,(栗),浜田多実,1481,-0.0,,7,5,34.0,486,+4,
,"2020. 2. 2",京都,2京2,2勝,大津特別･2勝,8,9,ダノンテイオー,牡,4,松山弘平, 56 ,9,1,１, ,ダ1800,良,*,(栗),大久保龍,1534,-0.1,3,3,2,36.0,468,+4,
,"2020. 2. 2",京都,2京2,1勝,１勝ｸﾗｽ,4,8,ショウナンアンビル,牡,5,池添謙一, 57 ,16,5,１, ,ダ1400,良,,(栗),高橋義忠,1258,-0.3,,12,8,36.2,446,-4,B
,"2020. 2. 2",京都,2京2,1勝,１勝ｸﾗｽ*,4,4,サヴァイヴ,牡,3,フォーリ, 56 ,8,2,１, 内,芝1200,良,,(栗),清水久詞,1106,-0.0,,3,3,35.4,470,+14,
,"2020. 2. 2",京都,2京2,新馬,新馬,4,5,アブレイズ,牝,3,藤井勘一, 54 ,14,6,１, 内,芝2000,良,,(栗),池江泰寿,2058,-0.1,5,6,3,35.6,476,,
,"2020. 2. 2",京都,2京2,未勝利,未勝利・牝,8,16,ヒメノカリス,牝,3,川田将雅, 54 ,16,1,１, 内,芝1600,良,,(栗),池江泰寿,1359,-0.6,,2,2,35.4,430,-4,
,"2020. 2. 2",京都,2京2,未勝利,障害未勝利,8,12,ナイトジュレップ,牡,5,北沢伸也, 60 ,13,1,１, ,ダ2910,良,,(栗),石坂公一,3220,-0.5,1,1,1,13.9,498,+2,
,"2020. 2. 2",京都,2京2,1勝,１勝ｸﾗｽ*,2,2,ライトウォーリア,牡,3,岩田望来,54△,9,5,１, ,ダ1800,稍,,(栗),高野友和,1526,-0.5,2,1,1,38.6,484,+4,
,"2020. 2. 2",京都,2京2,未勝利,未勝利,4,5,ジゲン,牡,3,池添謙一, 56 ,13,1,１, ,ダ1200,稍,,(栗),浅見秀一,1132,-0.4,,2,2,37.8,446,+2,
,"2020. 2. 2",京都,2京2,未勝利,未勝利,6,8,サンデーミラージュ,牡,3,松若風馬, 56 ,12,3,１, ,ダ1800,稍,,(栗),宮本博,1548,-0.7,12,4,4,38.5,472,-4,
,"2020. 2. 1",京都,2京1,2勝,２勝ｸﾗｽ,4,4,ロングベスト,牡,6,秋山真一, 57 ,11,4,１, ,ダ1200,稍,,(栗),大根田裕,1117,-0.1,,6,4,36.3,522,-4,
,"2020. 2. 1",京都,2京1,3勝,舞鶴ＳＨ･3勝,5,7,マグナレガーロ,牡,5,川田将雅, 56 ,14,1,１, ,ダ1900,稍,*,(栗),角居勝彦,1584,-0.4,3,2,2,36.5,494,+6,
,"2020. 2. 1",京都,2京1,2勝,花見小路･2勝,1,1,ボッケリーニ,牡,4,川田将雅, 57 ,12,1,１, 外,芝1600,良,,(栗),池江泰寿,1349,-0.2,,6,5,34.5,456,+6,
,"2020. 2. 1",京都,2京1,1勝,梅花賞･1勝*,8,9,ブルーミングスカイ,牡,3,福永祐一, 56 ,10,3,１, 外,芝2400,良,,(栗),角居勝彦,2295,-0.2,6,5,2,34.5,466,+2,
,"2020. 2. 1",京都,2京1,ｵｰﾌﾟﾝ,牛若丸ジ,1,1,トラスト,牡,6,熊沢重文, 60 ,14,1,１, ,ダ3170,良,*,(栗),長谷川浩,3413,-0.0,3,1,1,14.0,510,+8,
,"2020. 2. 1",京都,2京1,1勝,１勝ｸﾗｽ・牝,6,7,スマートアテナ,牝,4,岩田康誠, 55 ,12,6,１, ,ダ1200,稍,*,(栗),吉田直弘,1134,-0.0,,1,1,37.6,436,+2,
,"2020. 2. 1",京都,2京1,未勝利,未勝利,6,9,スピリトゥス,牝,3,松田大作, 54 ,13,4,１, 内,芝2000,良,,(栗),池江泰寿,2050,-0.0,4,4,5,36.0,406,-10,
,"2020. 2. 1",京都,2京1,未勝利,未勝利,8,12,ナリタブレード,牡,3,岩田康誠, 56 ,12,4,１, 内,芝1600,良,,(栗),中尾秀正,1359,-1.1,,10,10,35.7,506,0,
,"2020. 2. 1",京都,2京1,1勝,１勝ｸﾗｽ,7,8,モダスオペランディ,牡,4,和田竜二, 56 ,11,1,１, ,ダ1800,稍,,(栗),西園正都,1537,-0.6,2,2,2,37.8,516,-4,
,"2020. 2. 1",京都,2京1,未勝利,未勝利・牝,6,11,ダンツガゼール,牝,3,岩田望来,52△,15,3,１, ,ダ1400,稍,,(栗),本田優,1270,-0.6,,7,7,38.2,452,0,
,"2020. 2. 1",京都,2京1,新馬,新馬,8,16,ガラデレオン,牡,3,和田竜二, 56 ,16,4,１, ,ダ1200,稍,,(栗),鈴木孝志,1137,-0.4,,2,2,37.1,472,,
,"2020. 2. 1",京都,2京1,未勝利,未勝利,5,5,ワイドレッジャドロ,牡,3,亀田温心,53▲,10,2,１, ,ダ1800,稍,,(栗),加用正,1549,-0.2,7,8,6,37.1,494,+2,
,"2020. 1.26",京都,1京9,2勝,２勝ｸﾗｽ,8,13,ヒルノサルバドール,牡,7,四位洋文, 57 ,13,6,１, ,ダ1400,重,,(栗),昆貢,1238,-0.6,,2,2,37.0,452,-6,
,"2020. 1.26",京都,1京9,Ｇ２,東海ＳG2,4,7,エアアルマス,牡,5,松山弘平, 56 ,16,2,１, ,ダ1800,重,,(栗),池添学,1502,-0.1,3,2,1,36.0,484,+4,
,"2020. 1.26",京都,1京9,OP(L),若駒Ｓ(L),4,4,ケヴィン,牡,3,和田竜二, 56 ,6,3,１, 内,芝2000,良,,(栗),長谷川浩,2025,-0.0,2,2,2,36.3,484,-4,
,"2020. 1.26",京都,1京9,2勝,祇園特別･2勝,3,5,ガゼボ,牡,5,池添謙一, 57 ,16,2,１, 外,芝1400,良,,(栗),石坂公一,1229,-0.2,,8,6,35.0,538,+6,
,"2020. 1.26",京都,1京9,1勝,１勝ｸﾗｽ・牝,2,2,ムーンザムーン,牝,6,シュタル, 55 ,5,1,１, ,ダ1800,重,,(栗),大久保龍,1540,-0.6,3,3,3,36.0,496,+2,
,"2020. 1.26",京都,1京9,1勝,１勝ｸﾗｽ,2,2,ロードブレス,牡,4,松山弘平, 56 ,9,3,１, ,ダ1900,重,,(栗),奥村豊,1593,-1.8,2,2,1,38.0,506,+6,
,"2020. 1.26",京都,1京9,新馬,新馬,7,14,マートルフィールド,牡,3,坂井瑠星, 56 ,16,2,１, 内,芝1600,稍,,(栗),矢作芳人,1375,-0.0,,5,4,36.6,456,,
,"2020. 1.26",京都,1京9,未勝利,未勝利,7,7,サトノパシュート,牡,3,シュタル, 56 ,10,3,１, 外,芝2200,稍,,(栗),角居勝彦,2187,-0.0,2,3,3,37.5,472,-2,
,"2020. 1.26",京都,1京9,未勝利,未勝利,2,3,フォーテ,牡,3,岩田望来,54△,15,3,１, ,ダ1400,重,,(栗),藤原英昭,1246,-0.4,,2,1,38.1,494,-2,B
,"2020. 1.26",京都,1京9,未勝利,未勝利,7,9,サンライズシェリー,牡,3,幸英明, 56 ,11,3,１, ,ダ1800,重,,(栗),河内洋,1550,-0.1,8,2,2,37.9,482,+4,
,"2020. 1.26",京都,1京9,未勝利,未勝利,8,11,スリーピート,牡,3,国分優作, 56 ,11,1,１, ,ダ1200,重,,(栗),湯窪幸雄,1128,-0.5,,3,3,36.9,498,-2,
,"2020. 1.26",京都,1京9,未勝利,未勝利・牝,3,3,ソプラドール,牝,3,福永祐一, 54 ,9,1,１, ,ダ1800,重,,(栗),安田隆行,1542,-0.2,1,1,1,37.9,460,-8,B
,"2020. 1.25",京都,1京8,1勝,１勝ｸﾗｽ,5,5,パトリック,牡,4,松山弘平, 56 ,9,2,１, 外,芝1800,稍,,(栗),岡田稲男,1493,-0.1,,8,7,34.9,468,-6,
,"2020. 1.25",京都,1京8,3勝,石清水Ｈ･3勝,2,3,ドナウデルタ,牝,4,川田将雅, 53 ,16,1,１, 外,芝1400,稍,,(栗),石坂正,1225,-0.2,,7,6,35.6,442,+6,
,"2020. 1.25",京都,1京8,2勝,蹴上特別･2勝,4,4,マリオ,牡,5,幸英明, 57 ,9,3,１, ,ダ1800,重,,(栗),安達昭夫,1511,-0.3,2,3,3,36.2,504,-4,
,"2020. 1.25",京都,1京8,2勝,睦月賞Ｈ･2勝,8,10,ヴィッセン,牡,9,シュタル, 54 ,10,5,１, 外,芝2400,稍,,(栗),斉藤崇史,2284,-0.2,2,2,1,36.1,496,+6,B
,"2020. 1.25",京都,1京8,1勝,１勝ｸﾗｽ,1,1,ロイヤルパールス,牡,5,幸英明, 57 ,11,3,１, ,ダ1200,重,,(栗),湯窪幸雄,1107,-0.5,,1,1,36.2,534,-4,B
,"2020. 1.25",京都,1京8,1勝,１勝ｸﾗｽ*,8,11,ヘルシャフト,牡,3,福永祐一, 56 ,11,1,１, ,ダ1400,重,,(栗),野中賢二,1242,-0.6,,6,2,36.9,512,+6,
,"2020. 1.25",京都,1京8,新馬,新馬,4,8,ヴァンタブラック,牡,3,ルメール, 56 ,16,1,１, ,ダ1800,重,,(栗),須貝尚介,1543,-0.1,9,8,8,36.5,532,,
,"2020. 1.25",京都,1京8,未勝利,未勝利,3,3,ヒルノエドワード,牡,3,古川吉洋, 56 ,11,2,１, 内,芝1600,稍,*,(栗),昆貢,1371,-0.1,,4,5,36.6,478,+2,
,"2020. 1.25",京都,1京8,未勝利,障害未勝利,2,2,アグネスフォルテ,セ,7,中村将之, 60 ,14,1,１, ,ダ2910,稍,,(栗),牧田和弥,3243,-0.1,4,2,2,14.0,444,+4,
,"2020. 1.25",京都,1京8,未勝利,未勝利,4,4,フームスムート,牡,3,フォーリ, 56 ,11,5,１, ,ダ1800,重,,(美),水野貴広,1535,-0.5,3,3,3,37.5,486,-16,
,"2020. 1.25",京都,1京8,未勝利,未勝利・牝,4,5,メイショウベッピン,牝,3,松山弘平, 54 ,14,3,１, ,ダ1200,重,,(栗),荒川義之,1122,-0.1,,8,8,36.4,472,-12,
,"2020. 1.25",京都,1京8,未勝利,未勝利,6,6,バンクオブクラウズ,牡,3,ルメール, 56 ,10,2,１, ,ダ1900,重,,(栗),石坂公一,1582,-0.0,2,2,2,36.6,502,+4,
,"2020. 1.19",京都,1京7,2勝,２勝ｸﾗｽ,2,4,テルモードーサ,牝,4,福永祐一, 54 ,16,1,１, ,ダ1200,良,,(栗),高橋康之,1114,-0.5,,1,1,35.8,526,+12,B
,"2020. 1.19",京都,1京7,Ｇ２,日経新春ＨG2,4,6,モズベッロ,牡,4,池添謙一, 52 ,14,2,１, 外,芝2400,良,*,(栗),森田直行,2269,-0.4,5,7,6,34.5,478,+8,
,"2020. 1.19",京都,1京7,2勝,北大路特･2勝,3,3,サマーセント,牝,4,幸英明, 54 ,8,5,１, 内,芝2000,良,,(栗),斉藤崇史,2031,-0.2,1,1,1,35.1,452,-4,
,"2020. 1.19",京都,1京7,1勝,白梅賞･1勝*,5,5,ソウルトレイン,牡,3,川田将雅, 56 ,9,2,１, 内,芝1600,良,,(栗),西村真幸,1362,-0.1,,2,2,34.7,462,0,
,"2020. 1.19",京都,1京7,1勝,１勝ｸﾗｽ,8,10,スマートランウェイ,牝,4,武豊, 54 ,10,3,１, ,ダ1800,良,,(栗),角居勝彦,1530,-0.0,1,1,1,37.1,498,-10,
,"2020. 1.19",京都,1京7,1勝,１勝ｸﾗｽ,8,9,グランセノーテ,牡,7,川田将雅, 57 ,10,1,１, ,ダ1400,良,,(栗),鮫島一歩,1256,-0.1,,3,3,36.2,540,+4,
,"2020. 1.19",京都,1京7,新馬,新馬,5,6,アドマイヤビルゴ,牡,3,武豊, 56 ,12,1,１, 外,芝1800,良,,(栗),友道康夫,1511,-0.1,,2,2,35.3,434,,
,"2020. 1.19",京都,1京7,未勝利,未勝利,8,15,グレイトゲイナー,牡,3,福永祐一, 56 ,16,5,１, 内,芝1600,良,,(栗),森秀行,1369,-0.1,,1,1,36.7,460,-4,
,"2020. 1.19",京都,1京7,ｵｰﾌﾟﾝ,障害・オープ,4,4,アズマタックン,牡,7,熊沢重文, 62 ,11,5,１, ,ダ3170,良,,(栗),加用正,3367,-0.2,3,3,3,13.7,518,+10,
,"2020. 1.19",京都,1京7,未勝利,未勝利,1,1,ドンマニフィコ,牡,3,藤岡康太, 56 ,13,2,１, ,ダ1400,良,,(栗),牧浦充徳,1260,-0.3,,3,3,37.8,434,-4,
,"2020. 1.19",京都,1京7,未勝利,未勝利,4,4,ワールドウインズ,セ,3,武豊, 56 ,13,1,１, ,ダ1800,良,,(栗),武幸四郎,1550,-1.1,7,1,1,37.3,466,-4,
,"2020. 1.19",京都,1京7,未勝利,未勝利・牝,5,5,ラブスピール,牝,3,幸英明, 54 ,9,4,１, ,ダ1800,良,,(栗),森田直行,1557,-0.2,7,7,6,38.0,428,0,
,"2020. 1.18",京都,1京6,1勝,１勝ｸﾗｽ,5,10,テーオーアマゾン,牡,4,藤岡佑介, 56 ,16,5,１, 外,芝1600,良,,(栗),浜田多実,1360,-0.2,,1,1,36.0,482,-6,
,"2020. 1.18",京都,1京6,3勝,羅生門Ｈ･3勝,4,6,バティスティーニ,牡,7,シュタル, 54 ,15,8,１, ,ダ1400,稍,,(栗),池添学,1236,-0.0,,6,6,36.4,496,+8,B
,"2020. 1.18",京都,1京6,3勝,羅生門Ｈ･3勝,6,11,ラプタス,セ,4,幸英明, 55 ,15,1,１, ,ダ1400,稍,,(栗),松永昌博,1236,-0.0,,3,3,36.9,464,0,
,"2020. 1.18",京都,1京6,OP(L),紅梅Ｓ(L),5,5,ヒルノマリブ,牝,3,松山弘平, 54 ,10,1,１, 外,芝1400,良,,(栗),北出成人,1248,-0.2,,3,3,34.8,484,-2,
,"2020. 1.18",京都,1京6,2勝,木津川特･2勝,2,2,ノーブルカリナン,牝,5,四位洋文, 55 ,12,3,１, 外,芝1600,良,,(栗),友道康夫,1354,-0.2,,5,5,35.5,464,+2,
,"2020. 1.18",京都,1京6,2勝,２勝ｸﾗｽ,4,6,エクスパートラン,牡,5,藤懸貴志, 57 ,14,5,１, ,ダ1900,稍,,(栗),小崎憲,2000,-0.3,11,7,3,37.7,474,+8,
,"2020. 1.18",京都,1京6,1勝,１勝ｸﾗｽ,4,4,サイモンミラベル,牝,6,川須栄彦, 55 ,12,11,１, ,ダ1200,稍,*,(栗),梅田智之,1131,-0.0,,1,1,37.6,490,+4,
,"2020. 1.18",京都,1京6,1勝,１勝ｸﾗｽ*,6,6,ハクアイウィンザー,牡,3,幸英明, 56 ,6,2,１, ,ダ1800,稍,,(栗),松永昌博,1549,-0.2,5,5,4,39.1,516,-2,
,"2020. 1.18",京都,1京6,未勝利,未勝利,3,4,アルサトワ,牡,3,幸英明, 56 ,15,7,１, 内,芝2000,稍,,(栗),斉藤崇史,2031,-0.7,1,1,1,37.8,512,+2,
,"2020. 1.18",京都,1京6,新馬,新馬,7,13,プリマグラード,牝,3,福永祐一, 54 ,16,1,１, ,ダ1400,稍,,(栗),中内田充,1268,-0.4,,3,3,37.9,462,,
,"2020. 1.18",京都,1京6,未勝利,未勝利,7,11,ユキノグローリー,牡,3,川島信二, 56 ,13,3,１, ,ダ1400,稍,,(栗),南井克巳,1259,-0.5,,1,1,38.5,494,+4,
,"2020. 1.18",京都,1京6,未勝利,未勝利,2,2,クリノイコライザー,牡,3,森裕太朗,55☆,10,2,１, ,ダ1800,稍,,(栗),中尾秀正,1537,-1.1,1,1,1,39.5,456,-6,
,"2020. 1.18",京都,1京6,未勝利,未勝利,6,12,ピンシャン,牡,3,福永祐一, 56 ,16,2,１, ,ダ1200,稍,,(栗),森秀行,1128,-0.3,,4,4,37.1,462,+2,
,"2020. 1.13",京都,1京5,1勝,１勝ｸﾗｽ,5,6,モイ,牝,4,団野大成,51▲,12,5,１, 外,芝2200,良,,(栗),寺島良,2171,-0.0,8,8,6,35.0,380,0,
,"2020. 1.13",京都,1京5,OP(L),すばるＳ(L),7,11,ダノンフェイス,牡,7,川田将雅, 57 ,14,4,１, ,ダ1400,稍,,(栗),大久保龍,1246,-0.2,,10,10,35.8,538,+10,
,"2020. 1.13",京都,1京5,3勝,寿ＳＨ･3勝,6,8,ウインクルサルーテ,牝,7,秋山真一, 51 ,13,12,１, 内,芝2000,良,,(栗),高橋亮,2017,-0.1,9,10,8,35.9,436,+2,
,"2020. 1.13",京都,1京5,2勝,乙訓特別･2勝,2,3,ヒルノマゼラン,セ,7,古川吉洋, 57 ,15,8,１, 内,芝1200,良,,(栗),昆貢,1102,-0.1,,6,6,34.9,498,+4,B
,"2020. 1.13",京都,1京5,1勝,１勝ｸﾗｽ,4,5,アイアムレジェンド,牡,4,岩田康誠, 56 ,13,2,１, ,ダ1800,稍,,(栗),橋田満,1536,-0.6,5,5,3,38.3,486,-20,
,"2020. 1.13",京都,1京5,1勝,１勝ｸﾗｽ,5,10,ヘリオス,セ,4,川須栄彦, 56 ,16,4,１, ,ダ1200,稍,,(栗),寺島良,1123,-0.4,,2,2,36.4,466,+4,B
,"2020. 1.13",京都,1京5,1勝,１勝ｸﾗｽ・牝*,4,4,ソングオブザハート,牝,3,川又賢治,53☆,13,7,１, ,ダ1400,稍,,(栗),寺島良,1271,-0.1,,4,4,39.0,416,-2,
,"2020. 1.13",京都,1京5,未勝利,未勝利,1,2,ファルコニア,牡,3,川田将雅, 56 ,16,1,１, 外,芝1800,良,,(栗),角居勝彦,1504,-0.3,,2,1,36.3,444,-4,
,"2020. 1.13",京都,1京5,未勝利,障害未勝利,3,3,ゲネラルプローベ,牡,8,中村将之, 60 ,14,1,１, ,ダ2910,良,,(栗),宮本博,3242,-0.0,1,1,1,14.0,496,+4,
,"2020. 1.13",京都,1京5,新馬,新馬・牝,1,1,スペロデア,牝,3,武豊, 54 ,14,1,１, ,ダ1800,稍,,(美),伊藤圭三,1568,-0.5,3,3,3,37.8,462,,
,"2020. 1.13",京都,1京5,未勝利,未勝利,1,2,アラジンバローズ,牡,3,川田将雅, 56 ,16,1,１, ,ダ1800,稍,,(栗),中内田充,1547,-1.2,1,1,1,38.9,484,-2,
,"2020. 1.13",京都,1京5,未勝利,未勝利,2,3,アフィラトゥーラ,牡,3,福永祐一, 56 ,15,1,１, ,ダ1200,稍,,(栗),森田直行,1134,-1.2,,1,1,37.7,500,+10,
,"2020. 1.12",京都,1京4,1勝,１勝ｸﾗｽ,4,4,サンキューユウガ,牡,4,川田将雅, 56 ,12,1,１, 内,芝1200,良,,(栗),西村真幸,1103,-0.1,,4,3,34.9,520,+4,
,"2020. 1.12",京都,1京4,Ｇ３,シンザンG3,1,1,サンクテュエール,牝,3,ルメール, 54 ,10,2,１, 外,芝1600,良,,(美),藤沢和雄,1359,-0.0,,3,3,35.5,454,0,
,"2020. 1.12",京都,1京4,3勝,雅Ｓ･3勝,6,11,ロードレガリス,牡,5,武豊, 57 ,16,1,１, ,ダ1800,稍,,(栗),野中賢二,1509,-0.8,11,7,3,36.2,518,+2,
,"2020. 1.12",京都,1京4,2勝,天ケ瀬特･2勝,8,15,マイネルオスカル,牡,5,幸英明, 57 ,16,2,１, ,ダ1400,稍,,(栗),長谷川浩,1252,-0.0,,2,2,37.5,496,-2,
,"2020. 1.12",京都,1京4,2勝,２勝ｸﾗｽ・牝,6,11,チャチャチャ,牝,4,ルメール, 54 ,16,2,１, ,ダ1800,稍,,(栗),松田国英,1528,-0.2,5,4,4,37.6,436,0,
,"2020. 1.12",京都,1京4,1勝,１勝ｸﾗｽ,6,12,アルベニス,牡,4,和田翼, 56 ,16,5,１, ,ダ1400,稍,,(栗),橋田満,1252,-0.2,,12,12,37.0,446,-1,
,"2020. 1.12",京都,1京4,新馬,新馬,3,4,アルテフィーチェ,牝,3,フォーリ, 54 ,15,5,１, 内,芝2000,良,,(栗),友道康夫,2053,-0.0,1,1,1,35.9,436,,
,"2020. 1.12",京都,1京4,未勝利,未勝利・牝,4,8,ウィスパリンホープ,牝,3,田中勝春, 54 ,16,3,１, 内,芝1600,良,,(栗),昆貢,1377,-0.1,,8,6,35.7,492,+10,
,"2020. 1.12",京都,1京4,新馬,新馬,5,10,エイシンシャンツェ,牡,3,川又賢治,55☆,16,11,１, ,ダ1200,稍,,(栗),中尾秀正,1147,-0.1,,3,2,37.3,468,,
,"2020. 1.12",京都,1京4,未勝利,未勝利,5,10,ハリーバローズ,牡,3,川田将雅, 56 ,16,1,１, ,ダ1400,稍,,(栗),中内田充,1255,-0.5,,2,1,37.4,478,-2,
,"2020. 1.12",京都,1京4,未勝利,未勝利・牝,8,13,メタモルフォーゼ,牝,3,ルメール, 54 ,14,1,１, ,ダ1800,稍,,(栗),渡辺薫彦,1565,-0.1,11,11,8,37.9,448,0,
,"2020. 1.12",京都,1京4,未勝利,未勝利,4,8,ヒロイックテイル,牡,3,坂井瑠星, 56 ,16,10,１, ,ダ1900,稍,,(栗),本田優,2012,-0.0,3,2,1,38.1,480,-2,
,"2020. 1.11",京都,1京3,1勝,１勝ｸﾗｽ・牝,3,5,エイシンポジション,牝,4,岩田康誠, 54 ,16,2,１, ,ダ1400,稍,,(栗),野中賢二,1249,-0.9,,4,4,36.7,430,-4,
,"2020. 1.11",京都,1京3,OP(L),淀短距離(L),7,12,アイラブテーラー,牝,4,武豊, 54 ,15,1,１, 内,芝1200,良,,(栗),河内洋,1096,-0.1,,5,5,34.4,434,0,
,"2020. 1.11",京都,1京3,2勝,逢坂山特･2勝,6,7,エングレーバー,牡,4,川田将雅, 56 ,12,1,１, 外,芝1800,良,,(栗),中内田充,1492,-0.2,,5,5,34.8,460,+10,
,"2020. 1.11",京都,1京3,2勝,五条坂特･2勝,3,6,オーヴェルニュ,牡,4,川田将雅, 56 ,16,1,１, ,ダ1800,稍,,(栗),西村真幸,1522,-0.1,4,4,5,36.9,466,-2,
,"2020. 1.11",京都,1京3,1勝,１勝ｸﾗｽ,8,10,モーニングサン,牡,4,団野大成,53▲,11,4,１, ,ダ1900,稍,,(栗),橋口慎介,2002,-0.3,2,1,1,37.5,466,0,
,"2020. 1.11",京都,1京3,1勝,１勝ｸﾗｽ・牝,8,8,アマリリステソーロ,牝,4,岩田康誠, 54 ,8,3,１, ,ダ1800,稍,,(栗),高橋康之,1543,-0.1,2,2,2,38.6,432,-4,
,"2020. 1.11",京都,1京3,新馬,新馬,2,4,レイパパレ,牝,3,川田将雅, 54 ,16,1,１, 内,芝1600,良,,(栗),高野友和,1375,-0.3,,2,2,35.6,416,,
,"2020. 1.11",京都,1京3,未勝利,未勝利,3,5,ウインベイランダー,牡,3,松山弘平, 56 ,16,14,１, 外,芝2200,良,,(栗),寺島良,2176,-0.2,1,1,1,36.2,474,+4,
,"2020. 1.11",京都,1京3,1勝,１勝ｸﾗｽ*,8,13,タマモツワモノ,牡,3,武豊, 56 ,13,3,１, ,ダ1200,稍,,(栗),五十嵐忠,1119,-0.6,,5,4,36.2,474,-6,
,"2020. 1.11",京都,1京3,未勝利,未勝利・牝,4,8,カレンリズ,牝,3,松山弘平, 54 ,16,1,１, ,ダ1400,稍,,(栗),鈴木孝志,1269,-0.5,,7,6,38.0,434,-2,
,"2020. 1.11",京都,1京3,未勝利,未勝利,6,12,マテンロウスパーク,牡,3,横山典弘, 56 ,16,1,１, ,ダ1800,稍,,(栗),昆貢,1543,-0.3,3,2,2,39.3,502,-4,
,"2020. 1.11",京都,1京3,未勝利,未勝利,4,8,ソウルユニバンス,牡,3,和田竜二, 56 ,16,2,１, ,ダ1200,稍,,(栗),平田修,1137,-0.0,,7,6,37.5,474,0,
,"2020. 1. 6",京都,1京2,2勝,２勝ｸﾗｽ,5,10,アユツリオヤジ,牡,6,松若風馬, 57 ,16,7,１, ,ダ1200,良,,(栗),村山明,1115,-0.0,,2,2,36.9,500,+4,
,"2020. 1. 6",京都,1京2,ｵｰﾌﾟﾝ,万葉ＳＨ,8,15,タガノディアマンテ,牡,4,川田将雅, 53 ,15,1,１, 外,芝3000,良,*,(栗),鮫島一歩,3087,-0.6,15,9,4,35.8,478,+8,
,"2020. 1. 6",京都,1京2,3勝,新春Ｓ･3勝,2,2,クライムメジャー,牡,6,岩田康誠, 57 ,11,7,１, 外,芝1600,良,,(栗),渡辺薫彦,1368,-0.0,,3,5,33.9,532,+4,
,"2020. 1. 6",京都,1京2,2勝,許波多特･2勝,8,11,ショウリュウイクゾ,牡,4,川田将雅, 56 ,12,1,１, 外,芝2200,良,,(栗),佐々木晶,2150,-0.0,7,5,5,36.0,500,+4,B
,"2020. 1. 6",京都,1京2,1勝,１勝ｸﾗｽ,5,5,トモノコテツ,牡,5,武豊, 57 ,12,1,１, ,ダ1800,良,,(栗),浜田多実,1545,-0.1,3,3,3,37.5,476,+6,
,"2020. 1. 6",京都,1京2,1勝,１勝ｸﾗｽ,8,14,キングオブコージ,牡,4,横山典弘, 56 ,15,6,１, 内,芝2000,良,,(栗),安田翔伍,2028,-0.1,2,2,4,35.7,484,+4,
,"2020. 1. 6",京都,1京2,1勝,１勝ｸﾗｽ*,2,2,ヴォルスト,牡,3,和田竜二, 56 ,9,5,１, ,ダ1800,良,,(栗),宮本博,1536,-0.0,6,4,4,36.5,500,0,
,"2020. 1. 6",京都,1京2,未勝利,未勝利,6,11,オールザワールド,牡,3,川田将雅, 56 ,16,1,１, 内,芝2000,良,,(栗),中竹和也,2042,-0.5,3,3,3,35.7,466,+4,
,"2020. 1. 6",京都,1京2,未勝利,障害未勝利,1,1,シングルアップ,牡,4,森一馬, 59 ,12,1,１, ,ダ2910,良,,(栗),寺島良,3192,-0.2,1,1,1,13.7,538,+14,
,"2020. 1. 6",京都,1京2,未勝利,未勝利,2,3,ベストジーニスト,牡,3,武豊, 56 ,16,3,１, ,ダ1400,良,,(栗),武幸四郎,1262,-0.2,,1,1,38.5,478,+2,
,"2020. 1. 6",京都,1京2,新馬,新馬,5,9,リュクスウォリアー,牡,3,和田竜二, 56 ,16,2,１, ,ダ1800,良,,(栗),平田修,1548,-0.0,2,2,2,37.4,498,,
,"2020. 1. 6",京都,1京2,未勝利,未勝利・牝,5,9,アイスヴィスタ,牝,3,岩田望来,52△,15,5,１, ,ダ1800,良,,(栗),高柳大輔,1559,-0.3,2,2,2,38.7,458,-4,
,"2020. 1. 5",京都,1京1,2勝,２勝ｸﾗｽ,8,16,ゼセル,牡,6,福永祐一, 57 ,16,3,１, 外,芝1400,良,,(栗),鈴木孝志,1232,-0.1,,1,1,35.4,500,+10,B
,"2020. 1. 5",京都,1京1,Ｇ３,京都金杯ＨG3,2,3,サウンドキアラ,牝,5,松山弘平, 53 ,18,3,１, 外,芝1600,良,,(栗),安達昭夫,1340,-0.2,,4,5,34.6,458,+2,
,"2020. 1. 5",京都,1京1,3勝,門松Ｓ･3勝,8,15,ジャスティン,牡,4,坂井瑠星, 56 ,16,3,１, ,ダ1200,稍,,(栗),矢作芳人,1101,-0.0,,1,1,35.7,486,+8,
,"2020. 1. 5",京都,1京1,1勝,福寿草特･1勝,7,7,レクセランス,牡,3,川田将雅, 56 ,7,3,１, 内,芝2000,良,,(栗),池添学,2035,-0.0,7,3,3,35.0,490,+6,
,"2020. 1. 5",京都,1京1,2勝,２勝ｸﾗｽ,3,6,テイエムチェロキー,牡,6,岩田康誠, 57 ,16,2,１, ,ダ1800,稍,,(栗),杉山晴紀,1518,-0.1,2,2,2,37.4,498,+2,
,"2020. 1. 5",京都,1京1,1勝,１勝ｸﾗｽ,4,7,メイショウドウドウ,牡,5,城戸義政, 57 ,16,9,１, ,ダ1400,稍,,(栗),荒川義之,1255,-0.4,,12,3,36.8,480,-4,
,"2020. 1. 5",京都,1京1,新馬,新馬,3,5,ルビーカサブランカ,牝,3,川田将雅, 54 ,16,2,１, 外,芝1800,良,,(栗),須貝尚介,1524,-0.1,,4,5,36.0,464,,
,"2020. 1. 5",京都,1京1,未勝利,未勝利,3,5,エアファンディタ,牡,3,藤岡佑介, 56 ,16,4,１, 内,芝1600,良,,(栗),池添学,1366,-0.2,,13,13,35.7,454,0,
,"2020. 1. 5",京都,1京1,1勝,１勝ｸﾗｽ,5,6,セヴィルロアー,牡,6,松山弘平, 57 ,12,4,１, ,ダ1800,稍,,(栗),森田直行,1525,-0.4,1,1,1,37.4,496,+7,
,"2020. 1. 5",京都,1京1,新馬,新馬・牝,7,13,オレンジペコ,牝,3,武豊, 54 ,16,4,１, ,ダ1400,稍,,(栗),武英智,1264,-0.9,,3,3,37.5,462,,
,"2020. 1. 5",京都,1京1,未勝利,未勝利,3,6,ロードグリュック,牡,3,川須栄彦, 56 ,16,2,１, ,ダ1800,稍,*,(栗),松下武士,1554,-0.3,7,8,6,38.4,464,-2,
,"2020. 1. 5",京都,1京1,未勝利,未勝利,2,4,アウトウッズ,牡,3,武豊, 56 ,16,1,１, ,ダ1200,稍,,(栗),浅見秀一,1127,-1.0,,1,1,36.5,518,-6,
,2019.11.24,京都,5京8,Ｇ３,京阪杯G3,3,6,ライトオンキュー,牡,4,古川吉洋, 56 ,18,2,１, 内,芝1200,良,,(栗),昆貢,1088,-0.3,,9,8,33.7,508,-6,
,2019.11.24,京都,5京8,ｵｰﾌﾟﾝ,オータム,4,8,スズカコーズライン,牡,5,三浦皇成, 57 ,16,3,１, ,ダ1200,良,,(栗),木原一良,1103,-0.2,,1,1,35.6,512,+4,
,2019.11.24,京都,5京8,3勝,渡月橋Ｓ･3勝,8,9,ボンセルヴィーソ,牡,5,松山弘平, 57 ,10,3,１, 外,芝1400,良,,(栗),池添学,1211,-0.2,,2,2,34.7,472,+2,
,2019.11.24,京都,5京8,1勝,白菊賞･1勝*,2,2,ショウリュウハル,牝,2,松岡正海, 54 ,6,1,１, 内,芝1600,良,,(栗),佐々木晶,1367,-0.0,,2,2,35.4,468,-2,
,2019.11.24,京都,5京8,2勝,２勝ｸﾗｽ,5,5,スーパーライナー,牡,6,松山弘平, 57 ,12,2,１, ,ダ1900,良,,(栗),今野貞一,1585,-0.5,4,2,2,37.7,498,+6,
,2019.11.24,京都,5京8,2勝,２勝ｸﾗｽ・牝,1,1,モアナアネラ,牝,3,浜中俊, 53 ,8,1,１, 内,芝2000,良,,(栗),石坂正,2022,-0.3,5,5,4,35.2,424,+4,
,2019.11.24,京都,5京8,1勝,１勝ｸﾗｽ,6,11,ヒラソール,セ,3,荻野極, 56 ,16,1,１, ,ダ1400,良,,(栗),加用正,1247,-0.3,,11,10,36.4,472,-2,
,2019.11.24,京都,5京8,新馬,新馬,2,2,レッドフラヴィア,牝,2,北村友一, 54 ,15,1,１, 外,芝1800,良,,(栗),平田修,1487,-0.7,,5,4,35.6,482,,
,2019.11.24,京都,5京8,未勝利,障害未勝利,4,4,プラチナアッシュ,セ,4,白浜雄造, 60 ,13,4,１, ,ダ2910,良,,(栗),寺島良,3144,-0.2,1,1,1,13.4,480,+12,
,2019.11.24,京都,5京8,未勝利,未勝利*,6,11,ゴールドティア,牝,2,北村友一, 54 ,15,3,１, 内,芝1600,良,,(栗),池添学,1358,-0.2,,9,5,35.9,458,+4,
,2019.11.24,京都,5京8,未勝利,未勝利*,5,8,アストゥーリアス,牡,2,藤岡康太, 55 ,15,6,１, ,ダ1800,良,,(栗),羽月友彦,1544,-0.4,11,5,4,38.3,452,0,B
,2019.11.24,京都,5京8,未勝利,未勝利*,5,9,ヘルシャフト,牡,2,藤岡佑介, 55 ,16,4,１, ,ダ1400,良,,(栗),野中賢二,1254,-0.7,,2,2,37.3,518,+6,
,2019.11.23,京都,5京7,2勝,２勝ｸﾗｽ,6,7,クリアザトラック,牡,5,岩田康誠, 57 ,11,4,１, 外,芝1600,良,,(栗),角居勝彦,1354,-0.1,,1,1,34.9,454,+2,
,2019.11.23,京都,5京7,Ｇ３,京都２歳G3,8,8,マイラプソディ,牡,2,武豊, 55 ,9,1,１, 内,芝2000,良,,(栗),友道康夫,2015,-0.3,7,5,3,35.9,510,+10,
,2019.11.23,京都,5京7,3勝,花園ＳＨ･3勝,2,3,テーオーフォース,牡,4,吉田隼人, 54 ,16,11,１, ,ダ1800,良,,(栗),岡田稲男,1511,-0.2,5,5,3,38.0,480,+2,
,2019.11.23,京都,5京7,2勝,高雄特Ｈ･2勝,7,7,モズベッロ,牡,3,松山弘平, 54 ,8,2,１, 外,芝2400,良,,(栗),森田直行,2264,-0.5,5,5,5,34.7,480,+6,
,2019.11.23,京都,5京7,2勝,２勝ｸﾗｽ,1,1,スマートアルタイル,牡,4,武豊, 57 ,16,1,１, ,ダ1400,良,,(栗),小崎憲,1238,-0.5,,15,13,35.8,466,0,
,2019.11.23,京都,5京7,1勝,１勝ｸﾗｽ,4,8,ダノンバリアント,牡,3,川田将雅, 55 ,16,2,１, 内,芝2000,良,,(栗),高野友和,2016,-0.0,4,5,4,35.8,450,-2,
,2019.11.23,京都,5京7,1勝,１勝ｸﾗｽ,8,16,モズエロイコ,牡,3,吉田隼人, 55 ,16,4,１, ,ダ1800,良,,(栗),矢作芳人,1523,-0.7,1,1,1,38.1,458,+4,
,2019.11.23,京都,5京7,新馬,新馬,7,13,ファーストフォリオ,牝,2,マーフィ, 54 ,18,1,１, 内,芝1400,良,,(栗),須貝尚介,1227,-0.1,,5,5,34.9,432,,
,2019.11.23,京都,5京7,新馬,新馬,8,12,サトノラファール,牡,2,岩田康誠, 55 ,13,7,１, ,ダ1800,良,,(栗),中竹和也,1541,-0.9,7,7,6,38.1,552,,
,2019.11.23,京都,5京7,未勝利,未勝利*,6,8,チェスナットドレス,牝,2,マーフィ, 54 ,13,2,１, 外,芝1800,良,,(栗),西村真幸,1486,-0.4,,2,2,35.2,452,-4,
,2019.11.23,京都,5京7,未勝利,未勝利・牝*,4,8,グリンデルヴァルト,牝,2,武豊, 54 ,18,2,１, 内,芝1400,良,,(栗),坂口智康,1232,-0.1,,3,3,35.5,458,+12,
,2019.11.23,京都,5京7,未勝利,未勝利*,6,10,レディオマジック,牡,2,和田竜二, 55 ,15,1,１, ,ダ1200,良,,(栗),佐々木晶,1122,-1.1,,1,1,36.7,458,-4,
,2019.11.17,京都,5京6,3勝,西陣Ｓ･3勝,2,4,ハニージェイド,牝,5,松岡正海, 55 ,16,8,１, ,ダ1200,良,,(栗),鮫島一歩,1113,-0.1,,14,13,34.7,472,-8,
,2019.11.17,京都,5京6,Ｇ１,マイルチG1,3,5,インディチャンプ,牡,4,池添謙一, 57 ,17,3,１, 外,芝1600,良,,(栗),音無秀孝,1330,-0.2,,4,5,33.9,472,-4,
,2019.11.17,京都,5京6,2勝,嵯峨野特･2勝,4,4,バイオスパーク,牡,4,スミヨン, 57 ,9,2,１, 内,芝2000,良,,(栗),浜田多実,2019,-0.2,5,5,4,34.4,474,+2,
,2019.11.17,京都,5京6,1勝,秋明菊賞･1勝,2,2,エグレムニ,牡,2,松若風馬, 55 ,13,6,１, 外,芝1400,良,,(栗),加用正,1229,-0.1,,4,3,34.7,466,+6,
,2019.11.17,京都,5京6,2勝,２勝ｸﾗｽ,2,3,ロードラズライト,セ,4,田中健, 57 ,16,12,１, ,ダ1200,良,*,(栗),浅見秀一,1111,-0.5,,1,1,36.4,442,-2,
,2019.11.17,京都,5京6,1勝,１勝ｸﾗｽ,3,6,フローリン,牡,4,ビュイッ, 57 ,16,6,１, ,ダ1900,良,,(栗),中内田充,1597,-0.0,2,2,2,37.8,474,0,
,2019.11.17,京都,5京6,新馬,新馬,8,8,シャイニーズラン,牡,2,和田竜二, 55 ,9,7,１, 内,芝1200,良,,(栗),森田直行,1107,-0.2,,8,8,33.6,452,,
,2019.11.17,京都,5京6,新馬,新馬,8,9,ディアマンミノル,牡,2,横山典弘, 55 ,9,3,１, 内,芝2000,良,,(栗),本田優,2041,-0.2,6,5,5,34.9,464,,
,2019.11.17,京都,5京6,未勝利,未勝利*,3,3,マンオブスピリット,牡,2,スミヨン, 55 ,12,6,１, 外,芝1800,良,,(栗),斉藤崇史,1488,-0.3,,6,8,34.6,484,-4,
,2019.11.17,京都,5京6,未勝利,未勝利*,7,14,レアリザトゥール,牡,2,坂井瑠星,54☆,16,3,１, ,ダ1800,良,,(栗),矢作芳人,1543,-0.1,5,6,4,38.3,470,0,
,2019.11.17,京都,5京6,未勝利,未勝利*,6,10,ゴルトファルベン,牡,2,スミヨン, 55 ,15,2,１, 内,芝1600,良,,(栗),吉村圭司,1359,-0.0,,11,10,34.2,486,+10,
,2019.11.17,京都,5京6,未勝利,未勝利*,1,2,メイショウカッサイ,牡,2,岩田望来,53△,16,3,１, ,ダ1200,良,,(栗),西浦勝一,1120,-0.0,,1,1,36.6,452,0,
,2019.11.16,京都,5京5,2勝,２勝ｸﾗｽ,6,12,プリディカメント,牝,4,浜中俊, 55 ,18,2,１, 内,芝1200,良,,(栗),吉村圭司,1093,-0.1,,14,14,33.3,514,+2,
,2019.11.16,京都,5京5,OP(L),アンドＨ(L),5,10,マイネルサーパス,牡,3,国分優作, 53 ,17,4,１, 内,芝2000,良,,(美),高木登,1594,-0.1,6,7,7,34.8,476,-2,
,2019.11.16,京都,5京5,3勝,比叡ＳＨ･3勝,3,3,レッドレオン,牡,4,北村友一, 55 ,13,3,１, 外,芝2200,良,,(栗),角居勝彦,2134,-0.1,3,3,3,34.7,460,+12,
,2019.11.16,京都,5京5,1勝,もちの木･1勝,4,4,レーヌブランシュ,牝,2,松山弘平, 54 ,10,7,１, ,ダ1800,良,,(栗),橋口慎介,1530,-0.2,3,4,4,36.6,454,-8,
,2019.11.16,京都,5京5,2勝,２勝ｸﾗｽ,4,8,ロードレガリス,牡,4,武豊, 57 ,16,1,１, ,ダ1800,良,,(栗),野中賢二,1511,-0.2,13,6,5,36.3,516,0,
,2019.11.16,京都,5京5,1勝,１勝ｸﾗｽ,4,8,ハッシュゴーゴー,牝,3,北村友一, 54 ,18,10,１, 外,芝1600,良,,(栗),荒川義之,1340,-0.2,,6,9,34.5,446,+8,
,2019.11.16,京都,5京5,新馬,新馬,3,5,ショウゲッコウ,牝,2,国分恭介, 54 ,15,14,１, ,ダ1200,良,*,(栗),湯窪幸雄,1137,-0.2,,7,7,36.7,470,,
,2019.11.16,京都,5京5,新馬,新馬,3,3,デアリングタクト,牝,2,松山弘平, 54 ,11,2,１, 内,芝1600,良,,(栗),杉山晴紀,1377,-0.2,,3,5,34.8,464,,
,2019.11.16,京都,5京5,未勝利,未勝利*,4,5,リメンバーメモリー,牡,2,武豊, 55 ,13,3,１, 内,芝2000,良,,(栗),佐々木晶,2033,-0.3,1,1,1,35.3,466,+4,
,2019.11.16,京都,5京5,未勝利,未勝利*,8,16,ボンボヤージ,牝,2,岩田望来,52△,18,5,１, 内,芝1200,良,,(栗),梅田智之,1101,-0.2,,16,16,33.7,420,+2,
,2019.11.16,京都,5京5,未勝利,未勝利*,2,2,バカラ,牡,2,浜中俊, 55 ,15,1,１, ,ダ1800,良,,(栗),鈴木孝志,1535,-0.2,3,4,3,37.1,536,+16,
,2019.11.16,京都,5京5,未勝利,未勝利・牝*,1,1,サダムスキャット,牝,2,川須栄彦, 54 ,13,1,１, ,ダ1400,良,,(栗),中尾秀正,1256,-1.0,,1,1,37.5,468,-2,
,2019.11.10,京都,5京4,2勝,ドンカス･2勝,4,8,スズカフェスタ,牡,4,幸英明, 57 ,16,8,１, ,ダ1400,良,,(栗),大橋勇樹,1239,-0.1,,1,2,36.3,508,+4,
,2019.11.10,京都,5京4,Ｇ１,エリザベG1,1,2,ラッキーライラック,牝,4,スミヨン, 56 ,18,3,１, 外,芝2200,良,,(栗),松永幹夫,2141,-0.2,8,8,8,32.8,518,-4,
,2019.11.10,京都,5京4,3勝,修学院Ｓ･3勝,4,8,エスポワール,牝,3,Ｍ．デム, 53 ,16,2,１, 外,芝1800,良,,(栗),角居勝彦,1465,-0.2,,3,2,34.1,476,-2,
,2019.11.10,京都,5京4,1勝,黄菊賞･1勝*,8,9,シンプルゲーム,牡,2,津村明秀, 55 ,10,6,１, 内,芝2000,良,,(美),黒岩陽一,2021,-0.0,8,8,1,34.7,502,+4,B
,2019.11.10,京都,5京4,2勝,２勝ｸﾗｽ・牝,4,6,ブルーメンクローネ,牝,4,斎藤新,53△,15,1,１, ,ダ1800,良,,(栗),石坂正,1525,-0.4,1,1,1,36.8,490,-4,
,2019.11.10,京都,5京4,1勝,１勝ｸﾗｽ,8,10,ショウリュウイクゾ,牡,3,川田将雅, 55 ,11,1,１, 外,芝2400,良,,(栗),佐々木晶,2274,-0.4,3,3,2,34.8,494,0,B
,2019.11.10,京都,5京4,1勝,１勝ｸﾗｽ・牝,6,8,アドマイヤビーナス,牝,3,岩田康誠, 53 ,12,1,１, ,ダ1800,良,,(栗),須貝尚介,1517,-0.0,2,2,2,37.5,470,+4,
,2019.11.10,京都,5京4,新馬,新馬,2,2,グランデマーレ,牡,2,藤岡佑介, 55 ,9,1,１, 外,芝1800,良,,(栗),藤岡健一,1497,-0.5,,1,1,34.2,500,,
,2019.11.10,京都,5京4,新馬,新馬・牝,1,2,メデタシメデタシ,牝,2,坂井瑠星,53☆,18,9,１, 内,芝1400,良,,(栗),大久保龍,1231,-0.2,,11,11,34.7,448,,
,2019.11.10,京都,5京4,未勝利,未勝利*,3,6,オーマイダーリン,牝,2,武豊, 54 ,16,2,１, 内,芝1600,良,,(栗),河内洋,1353,-0.2,,13,11,34.6,462,0,
,2019.11.10,京都,5京4,未勝利,未勝利*,3,4,エイシンガネーシャ,牡,2,ルメール, 55 ,15,1,１, ,ダ1800,良,,(栗),杉山晴紀,1539,-0.1,6,4,4,36.6,482,+8,
,2019.11.10,京都,5京4,未勝利,未勝利*,8,13,ハクアイブラック,牡,2,幸英明, 55 ,14,1,１, ,ダ1200,良,,(栗),松永昌博,1122,-0.9,,1,1,37.5,516,+4,
,"2019.11. 9",京都,5京3,2勝,２勝ｸﾗｽ,4,4,トーセンカンビーナ,牡,3,藤岡康太, 55 ,10,1,１, 外,芝2200,良,,(栗),角居勝彦,2138,-0.1,10,10,5,34.0,456,+8,
,"2019.11. 9",京都,5京3,Ｇ２,デイリーG2,1,1,レッドベルジュール,牡,2,武豊, 55 ,11,3,１, 外,芝1600,良,,(栗),藤原英昭,1345,-0.2,,10,9,33.8,478,+28,
,"2019.11. 9",京都,5京3,3勝,観月橋Ｓ･3勝,1,1,メモリーコウ,牝,4,古川吉洋, 55 ,11,6,１, ,ダ1800,良,,(栗),松永幹夫,1513,-0.0,3,4,4,35.9,464,+4,
,"2019.11. 9",京都,5京3,2勝,宝ケ池Ｈ･2勝,4,4,サムシングジャスト,牝,3,松山弘平, 52 ,12,3,１, 外,芝1600,良,,(栗),松田国英,1350,-0.1,,8,6,33.6,504,+4,
,"2019.11. 9",京都,5京3,ＪＧ３,京都ジャJG3,3,3,ディライトフル,セ,8,白浜雄造, 60 ,13,1,１, ,芝3170,良,,(栗),大久保龍,3346,-0.9,1,1,1,13.5,484,-10,
,"2019.11. 9",京都,5京3,1勝,１勝ｸﾗｽ,4,8,コマノバルーガ,牡,3,加藤祥太, 56 ,16,1,１, ,ダ1400,良,,(栗),庄野靖志,1246,-0.2,,2,2,37.0,478,-2,
,"2019.11. 9",京都,5京3,新馬,新馬,4,7,サンライズホープ,牡,2,川須栄彦, 55 ,16,3,１, ,ダ1800,良,*,(栗),羽月友彦,1535,-0.0,1,1,1,38.1,528,,
,"2019.11. 9",京都,5京3,新馬,新馬,4,4,イプシランテ,牡,2,マーフィ, 55 ,13,1,１, 内,芝1600,良,*,(栗),武幸四郎,1367,-0.1,,1,1,35.2,514,,
,"2019.11. 9",京都,5京3,未勝利,未勝利*,7,10,シルヴェリオ,牡,2,マーフィ, 55 ,13,1,１, 内,芝2000,良,,(栗),池添学,2012,-0.7,2,1,1,34.9,504,-6,
,"2019.11. 9",京都,5京3,未勝利,未勝利*,6,12,マコトジェムチュク,牝,2,荻野琢真, 54 ,18,13,１, 内,芝1400,良,*,(栗),寺島良,1225,-0.2,,7,7,35.5,414,-8,
,"2019.11. 9",京都,5京3,未勝利,未勝利・牝*,8,9,ドゥラモット,牝,2,池添謙一, 54 ,9,2,１, ,ダ1800,良,,(栗),安田隆行,1537,-1.2,1,1,1,37.1,472,+2,
,"2019.11. 9",京都,5京3,未勝利,未勝利*,1,1,テーオーケインズ,牡,2,松山弘平, 55 ,16,2,１, ,ダ1400,良,,(栗),高柳大輔,1247,-0.7,,4,4,37.1,494,+2,
,"2019.11. 3",京都,5京2,2勝,２勝ｸﾗｽ,7,14,アサケパワー,牡,5,酒井学, 57 ,16,13,１, ,ダ1200,良,,(栗),大橋勇樹,1113,-0.0,,1,1,36.8,522,+4,
,"2019.11. 3",京都,5京2,Ｇ３,みやこＳG3,1,1,ヴェンジェンス,牡,6,幸英明, 56 ,16,7,１, ,ダ1800,良,,(栗),大根田裕,1491,-0.1,13,11,3,36.5,492,0,
,"2019.11. 3",京都,5京2,3勝,清水Ｓ･3勝,3,3,カリビアンゴールド,牝,5,川田将雅, 55 ,9,2,１, 外,芝1600,良,,(栗),鮫島一歩,1337,-0.3,,2,2,34.0,474,0,
,"2019.11. 3",京都,5京2,2勝,醍醐特別･2勝,5,7,ドナウデルタ,牝,3,北村友一, 54 ,13,1,１, 外,芝1400,良,,(栗),石坂正,1216,-0.1,,3,3,33.4,436,0,
,"2019.11. 3",京都,5京2,2勝,２勝ｸﾗｽ,6,8,マグナレガーロ,牡,4,スミヨン, 57 ,12,3,１, ,ダ1800,良,,(栗),角居勝彦,1511,-0.4,4,5,4,36.3,488,+16,
,"2019.11. 3",京都,5京2,1勝,１勝ｸﾗｽ,4,7,クリノサンレオ,牡,6,森裕太朗,56☆,16,2,１, ,ダ1200,良,*,(栗),藤沢則雄,1119,-0.3,,7,7,36.2,468,0,
,"2019.11. 3",京都,5京2,新馬,新馬,7,10,ワンダーカタリナ,牡,2,藤岡康太, 55 ,13,1,１, 内,芝1400,良,,(栗),河内洋,1233,-0.0,,1,1,35.7,488,,
,"2019.11. 3",京都,5京2,新馬,新馬,1,1,トゥルーヴィル,牡,2,スミヨン, 55 ,7,1,１, 外,芝1800,良,,(栗),斉藤崇史,1533,-0.0,,3,4,33.9,448,,
,"2019.11. 3",京都,5京2,未勝利,未勝利*,8,9,ディープボンド,牡,2,和田竜二, 55 ,10,2,１, 内,芝2000,良,,(栗),大久保龍,2011,-0.5,5,5,5,35.0,490,+4,
,"2019.11. 3",京都,5京2,未勝利,未勝利*,2,2,レガーメペスカ,牡,2,岩田望来,52▲,9,4,１, ,ダ1800,良,,(栗),松永昌博,1527,-1.6,1,1,1,37.2,480,+2,
,"2019.11. 3",京都,5京2,未勝利,未勝利・牝*,3,3,ウインマイティー,牝,2,シュタル, 54 ,13,1,１, 内,芝1600,良,,(栗),五十嵐忠,1358,-0.1,,3,3,34.9,460,+2,
,"2019.11. 3",京都,5京2,未勝利,未勝利*,7,7,スズカパンサー,牡,2,岩田望来,52▲,10,2,１, ,ダ1400,良,,(栗),西村真幸,1255,-0.9,,1,1,36.7,452,+4,
,"2019.11. 2",京都,5京1,1勝,１勝ｸﾗｽ,4,4,ボッケリーニ,牡,3,川田将雅, 55 ,13,1,１, 外,芝1800,良,,(栗),池江泰寿,1472,-0.0,,6,4,34.3,450,-4,
,"2019.11. 2",京都,5京1,Ｇ３,ファンタG3,4,6,レシステンシア,牝,2,北村友一, 54 ,15,6,１, 外,芝1400,良,,(栗),松下武士,1207,-0.2,,2,2,34.9,488,-2,
,"2019.11. 2",京都,5京1,3勝,貴船ＳＨ･3勝,3,5,タマモカトレア,牝,4,藤岡康太, 52 ,16,4,１, ,ダ1400,良,,(栗),木原一良,1232,-0.4,,10,8,36.1,486,0,
,"2019.11. 2",京都,5京1,2勝,近江特Ｈ･2勝,3,3,グロオルロージュ,牡,3,Ｍ．デム, 54 ,11,3,１, 外,芝1800,良,,(美),斎藤誠,1466,-0.0,,6,4,34.7,454,+4,
,"2019.11. 2",京都,5京1,1勝,１勝ｸﾗｽ,4,4,ショウナンパンサー,セ,3,岩田望来,52▲,12,2,１, ,ダ1800,良,,(栗),梅田智之,1525,-0.4,1,1,1,37.8,498,+2,
,"2019.11. 2",京都,5京1,新馬,新馬,6,6,アンサンブル,牝,2,和田竜二, 54 ,8,5,１, 内,芝2000,良,,(栗),杉山晴紀,2035,-0.0,2,2,2,34.7,462,,
,"2019.11. 2",京都,5京1,新馬,新馬,7,12,マティアス,牡,2,和田竜二, 55 ,15,2,１, ,ダ1400,良,*,(栗),本田優,1261,-0.2,,2,2,37.4,474,,
,"2019.11. 2",京都,5京1,新馬,新馬・牝,4,5,クラヴェル,牝,2,藤岡康太, 54 ,13,4,１, 内,芝1600,良,,(栗),安田翔伍,1352,-0.4,,7,6,34.9,424,,
,"2019.11. 2",京都,5京1,未勝利,未勝利*,7,10,キングサーガ,牡,2,川田将雅, 55 ,13,1,１, 外,芝1800,良,,(栗),池江泰寿,1483,-0.0,,5,5,35.0,458,-12,
,"2019.11. 2",京都,5京1,未勝利,未勝利*,8,14,シゲルキンセイ,牡,2,岩田望来,52▲,14,6,１, 内,芝1200,良,,(栗),五十嵐忠,1101,-0.2,,5,4,34.8,480,+2,
,"2019.11. 2",京都,5京1,未勝利,未勝利*,6,8,マリオマッハー,牡,2,幸英明, 55 ,12,3,１, ,ダ1800,良,,(栗),安達昭夫,1560,-0.0,10,8,4,38.2,450,+8,
,"2019.11. 2",京都,5京1,未勝利,未勝利*,2,3,ラブミーレディー,牝,2,藤岡康太, 54 ,16,1,１, ,ダ1200,良,,(栗),宮徹,1126,-0.6,,1,1,37.6,460,+4,
,2019.10.27,京都,4京9,2勝,２勝ｸﾗｽ・牝,4,7,オーパスメーカー,牝,3,太宰啓介, 53 ,15,5,１, ,ダ1800,稍,,(栗),羽月友彦,1516,-0.2,2,2,2,37.9,482,-2,
,2019.10.27,京都,4京9,OP(L),カシオペ(L),5,10,テリトーリアル,牡,5,藤岡康太, 56 ,17,3,１, 外,芝1800,良,,(栗),西浦勝一,1475,-0.0,,5,5,35.4,480,-2,
,2019.10.27,京都,4京9,3勝,御陵ＳＨ･3勝,7,11,メイショウエイコウ,牡,5,池添謙一, 55 ,13,3,１, ,ダ1900,稍,,(栗),荒川義之,1564,-0.1,10,9,8,36.8,458,0,
,2019.10.27,京都,4京9,2勝,壬生特別･2勝,3,3,メジェールスー,牝,4,岩田望来, 55 ,14,4,１, 内,芝1200,良,,(栗),藤原英昭,1097,-0.2,,2,2,34.8,474,+8,
,2019.10.27,京都,4京9,2勝,２勝ｸﾗｽ,6,6,スヴァルナ,牡,4,シュタル, 57 ,8,1,１, 外,芝2400,良,,(栗),池江泰寿,2289,-0.2,7,7,5,34.5,520,+10,
,2019.10.27,京都,4京9,1勝,１勝ｸﾗｽ,8,15,ボンディマンシュ,セ,3,亀田温心,52▲,16,3,１, ,ダ1400,重,,(栗),中内田充,1238,-0.2,,2,2,37.0,486,+2,
,2019.10.27,京都,4京9,1勝,１勝ｸﾗｽ*,6,6,コスモリモーネ,牡,2,国分優作, 55 ,7,4,１, 内,芝1200,稍,,(美),高橋裕,1107,-0.7,,2,2,34.6,496,+14,
,2019.10.27,京都,4京9,新馬,新馬,7,12,ケヴィン,牡,2,浜中俊, 55 ,14,2,１, 内,芝2000,稍,,(栗),長谷川浩,2036,-0.4,3,3,2,36.1,490,,
,2019.10.27,京都,4京9,新馬,新馬,6,9,キンノマサカリ,牡,2,和田竜二, 55 ,13,2,１, ,ダ1800,重,,(栗),鈴木孝志,1540,-0.7,3,2,2,37.0,484,,
,2019.10.27,京都,4京9,未勝利,未勝利*,7,7,ヒュッゲ,牡,2,和田竜二, 55 ,10,5,１, 内,芝2000,稍,,(栗),友道康夫,2029,-1.1,1,1,1,36.4,472,-6,
,2019.10.27,京都,4京9,未勝利,未勝利*,5,7,グランレイ,牡,2,池添謙一, 55 ,14,1,１, 内,芝1400,稍,,(栗),池添学,1238,-0.7,,5,4,35.9,456,0,
,2019.10.27,京都,4京9,未勝利,未勝利*,5,5,グラナリー,牝,2,松山弘平, 54 ,10,2,１, ,ダ1200,重,,(栗),池添学,1119,-0.4,,1,1,37.0,506,-8,
,2019.10.26,京都,4京8,2勝,２勝ｸﾗｽ,5,9,ラプタス,セ,3,幸英明, 55 ,15,1,１, ,ダ1400,重,,(栗),松永昌博,1227,-0.1,,1,1,36.8,464,+6,
,2019.10.26,京都,4京8,Ｇ２,スワンＳG2,8,17,ダイアトニック,牡,4,スミヨン, 56 ,18,1,１, 外,芝1400,稍,,(栗),安田隆行,1213,-0.0,,12,11,33.6,476,0,
,2019.10.26,京都,4京8,3勝,古都Ｓ･3勝,3,3,プリンスオブペスカ,牡,5,藤井勘一, 57 ,7,5,１, 外,芝2400,稍,,(栗),松永昌博,2304,-0.0,2,2,2,34.3,488,+14,
,2019.10.26,京都,4京8,OP(L),萩Ｓ(L),4,4,ヴェルトライゼンデ,牡,2,スミヨン, 55 ,7,1,１, 外,芝1800,稍,,(栗),池江泰寿,1508,-0.1,,3,3,34.5,490,0,
,2019.10.26,京都,4京8,2勝,２勝ｸﾗｽ,5,7,アノ,牡,3,武豊, 55 ,13,2,１, ,ダ1900,重,,(栗),鈴木孝志,1572,-0.0,11,10,10,36.4,432,0,
,2019.10.26,京都,4京8,1勝,１勝ｸﾗｽ,6,6,プライドランド,牡,3,北村友一, 55 ,9,3,１, 内,芝2000,重,,(栗),高野友和,2021,-0.4,2,2,2,36.3,464,+4,
,2019.10.26,京都,4京8,1勝,１勝ｸﾗｽ,8,13,ロードレガリス,牡,4,シュタル, 57 ,14,1,１, ,ダ1800,重,,(栗),野中賢二,1504,-0.8,5,6,6,35.5,516,-12,
,2019.10.26,京都,4京8,新馬,新馬,2,2,サトノインプレッサ,牡,2,川島信二, 55 ,14,3,１, 内,芝1600,重,,(栗),矢作芳人,1368,-0.1,,5,4,35.0,484,,
,2019.10.26,京都,4京8,新馬,新馬,6,7,タマモアテネ,牝,2,坂井瑠星,53☆,12,1,１, ,ダ1200,重,,(栗),五十嵐忠,1121,-0.0,,1,1,36.1,466,,
,2019.10.26,京都,4京8,未勝利,未勝利*,8,11,リリーピュアハート,牝,2,福永祐一, 54 ,11,1,１, 外,芝1800,重,,(栗),藤原英昭,1514,-0.4,,3,3,34.9,430,-2,
,2019.10.26,京都,4京8,未勝利,未勝利*,3,3,ソングオブザハート,牝,2,川又賢治,53☆,14,4,１, ,ダ1400,重,,(栗),寺島良,1254,-0.2,,6,6,36.6,418,-4,
,2019.10.26,京都,4京8,未勝利,未勝利*,7,11,フレイムウィングス,牡,2,菱田裕二, 55 ,14,3,１, ,ダ1800,重,,(栗),岡田稲男,1519,-0.9,8,7,5,36.7,478,-4,
,2019.10.20,京都,4京7,2勝,大山崎特･2勝,4,7,ケプラー,牡,3,田辺裕信, 55 ,16,5,１, ,ダ1200,重,,(栗),千田輝彦,1113,-0.2,,2,2,36.4,478,+6,
,2019.10.20,京都,4京7,Ｇ１,菊花賞G1,3,5,ワールドプレミア,牡,3,武豊, 57 ,18,3,１, 外,芝3000,良,,(栗),友道康夫,3060,-0.0,6,8,6,35.8,484,+12,
,2019.10.20,京都,4京7,3勝,桂川ＳＨ･3勝,6,12,アイラブテーラー,牝,3,武豊, 52 ,18,1,１, 内,芝1200,良,,(栗),河内洋,1091,-0.0,,10,10,33.9,438,+16,
,2019.10.20,京都,4京7,2勝,北野特別･2勝,7,7,アールスター,牡,4,浜中俊, 57 ,10,3,１, 内,芝2000,良,,(栗),杉山晴紀,2014,-0.0,2,2,2,34.6,510,-6,
,2019.10.20,京都,4京7,1勝,なでしこ･1勝,6,6,テイエムサウスダン,牡,2,Ｍ．デム, 55 ,10,4,１, ,ダ1400,重,,(栗),飯田雄三,1236,-0.2,,2,2,36.7,514,0,
,2019.10.20,京都,4京7,1勝,１勝ｸﾗｽ,6,6,ダノンテイオー,牡,3,松山弘平, 55 ,8,3,１, ,ダ1800,重,,(栗),大久保龍,1522,-0.0,2,2,2,36.9,462,+2,
,2019.10.20,京都,4京7,1勝,１勝ｸﾗｽ,5,7,メイショウハナモリ,牡,3,横山典弘, 55 ,14,6,１, ,ダ1400,重,,(栗),本田優,1245,-0.0,,2,2,37.8,490,+2,
,2019.10.20,京都,4京7,新馬,新馬,6,9,レクセランス,牡,2,川田将雅, 55 ,13,1,１, 外,芝1800,稍,,(栗),池添学,1509,-0.0,,6,5,35.2,484,,
,2019.10.20,京都,4京7,新馬,新馬,2,4,タケルラスティ,牡,2,坂井瑠星,54☆,18,2,１, 内,芝1400,稍,,(栗),矢作芳人,1233,-0.4,,2,2,36.5,506,,
,2019.10.20,京都,4京7,未勝利,未勝利*,7,7,アリストテレス,牡,2,ルメール, 55 ,8,1,１, 内,芝1600,稍,,(栗),音無秀孝,1357,-0.2,,7,7,35.6,464,-2,
,2019.10.20,京都,4京7,未勝利,未勝利*,5,5,フラーレン,牝,2,ルメール, 54 ,11,1,１, ,ダ1800,重,,(栗),牧田和弥,1525,-0.3,8,7,7,36.9,498,+2,
,2019.10.20,京都,4京7,未勝利,未勝利・牝*,8,11,エクスチェンジ,牝,2,川島信二, 54 ,12,5,１, ,ダ1200,重,,(栗),加用正,1126,-0.1,,7,5,37.0,472,+18,
,2019.10.19,京都,4京6,2勝,２勝ｸﾗｽ,2,2,ベストタッチダウン,牡,3,川田将雅, 55 ,13,1,１, ,ダ1800,不,,(栗),橋口慎介,1495,-0.5,1,1,1,36.6,484,+6,
,2019.10.19,京都,4京6,ｵｰﾌﾟﾝ,室町ＳＨ,3,5,モンペルデュ,牝,3,松若風馬, 51 ,16,1,１, ,ダ1200,不,,(栗),松永幹夫,1090,-0.6,,1,1,34.7,474,-2,
,2019.10.19,京都,4京6,3勝,トルマリ･3勝,1,1,リリックドラマ,牝,5,菱田裕二, 55 ,10,4,１, 外,芝1800,稍,,(栗),岡田稲男,1485,-0.1,,1,1,34.5,468,+4,
,2019.10.19,京都,4京6,2勝,久多特別･2勝,8,10,シトラスノート,牝,3,川田将雅, 53 ,11,1,１, 外,芝1400,稍,,(栗),石坂正,1222,-0.2,,5,5,34.2,448,+2,
,2019.10.19,京都,4京6,1勝,１勝ｸﾗｽ,5,10,サムシングジャスト,牝,3,松山弘平, 53 ,18,4,１, 外,芝1600,稍,,(栗),松田国英,1348,-0.0,,9,10,34.6,500,+2,
,2019.10.19,京都,4京6,1勝,１勝ｸﾗｽ,7,9,アユツリオヤジ,牡,5,松山弘平, 57 ,11,1,１, ,ダ1200,重,,(栗),村山明,1104,-0.1,,1,1,36.0,496,-2,
,2019.10.19,京都,4京6,1勝,１勝ｸﾗｽ,3,3,レッドシルヴァーナ,牝,3,松山弘平, 53 ,9,1,１, ,ダ1900,重,,(栗),松田国英,2001,-0.2,2,2,2,36.4,510,0,
,2019.10.19,京都,4京6,新馬,新馬・牝,2,4,レディフォリア,牝,2,秋山真一, 54 ,17,5,１, 内,芝1600,重,,(栗),松永昌博,1376,-0.1,,15,9,36.9,448,,
,2019.10.19,京都,4京6,新馬,新馬,7,13,ジャスティンリーチ,牡,2,北村友一, 55 ,16,2,１, ,ダ1400,重,,(栗),安田隆行,1242,-0.0,,1,1,36.9,472,,
,2019.10.19,京都,4京6,未勝利,未勝利*,5,5,アジャストザルート,牡,2,池添謙一, 55 ,9,1,１, 外,芝1800,重,,(栗),池添学,1491,-0.4,,2,2,35.9,484,-4,
,2019.10.19,京都,4京6,未勝利,未勝利*,1,1,アビエルト,牡,2,和田竜二, 55 ,10,5,１, 内,芝1200,重,,(栗),森秀行,1109,-0.1,,8,8,35.2,468,-2,
,2019.10.19,京都,4京6,未勝利,未勝利*,5,9,ボギータイサ,牡,2,川田将雅, 55 ,16,2,１, ,ダ1400,重,,(栗),安田翔伍,1249,-0.1,,2,2,38.2,440,-4,
,2019.10.14,京都,4京5,2勝,２勝ｸﾗｽ,8,13,ワンダーウマス,牡,5,武豊, 57 ,13,1,１, ,ダ1800,稍,,(栗),高柳大輔,1511,-0.1,9,6,6,36.8,486,+6,
,2019.10.14,京都,4京5,OP(L),オパーＨ(L),1,1,アウィルアウェイ,牝,3,北村友一, 52 ,18,4,１, 内,芝1200,稍,,(栗),高野友和,1092,-0.0,,9,7,34.6,470,+10,
,2019.10.14,京都,4京5,3勝,大原ＳＨ･3勝,8,11,アルメリアブルーム,牝,5,北村友一, 54 ,12,6,１, 内,芝2000,稍,,(栗),高橋康之,2014,-0.0,9,7,6,34.5,440,+10,
,2019.10.14,京都,4京5,2勝,鳴滝特別･2勝,5,5,バイマイサイド,牡,4,浜中俊, 57 ,10,1,１, 外,芝2200,稍,,(栗),池江泰寿,2149,-0.5,6,6,2,34.4,488,+4,
,2019.10.14,京都,4京5,1勝,１勝ｸﾗｽ,5,5,スマートフルーレ,牝,3,武豊, 53 ,8,1,１, ,ダ1800,稍,,(栗),南井克巳,1534,-0.2,5,6,4,37.1,522,+20,
,2019.10.14,京都,4京5,1勝,１勝ｸﾗｽ・牝,4,5,セラピア,牝,3,Ｍ．デム, 53 ,13,1,１, ,ダ1400,稍,,(栗),藤岡健一,1240,-0.2,,3,3,36.8,488,0,
,2019.10.14,京都,4京5,1勝,１勝ｸﾗｽ,8,9,シャンパンクーペ,牡,3,中井裕二, 55 ,10,4,１, ,ダ1900,稍,,(栗),今野貞一,1588,-0.0,9,7,3,37.1,524,-2,B
,2019.10.14,京都,4京5,新馬,新馬・牝,7,13,レシステンシア,牝,2,武豊, 54 ,18,1,１, 内,芝1400,稍,,(栗),松下武士,1229,-0.2,,3,3,35.8,490,,
,2019.10.14,京都,4京5,未勝利,障害未勝利,5,5,ケイティクレバー,牡,4,平沢健治, 60 ,12,2,１, ,ダ2910,稍,,(栗),杉山晴紀,3195,-0.5,2,3,2,13.7,464,+4,
,2019.10.14,京都,4京5,新馬,新馬,3,4,ヴィンチェーレ,牝,2,松田大作, 54 ,14,6,１, ,ダ1200,稍,,(栗),武英智,1128,-0.3,,1,1,37.1,410,,
,2019.10.14,京都,4京5,未勝利,未勝利*,3,3,コルテジア,牡,2,松山弘平, 55 ,11,2,１, 外,芝1800,稍,,(栗),鈴木孝志,1493,-0.2,,1,1,35.1,450,0,
,2019.10.14,京都,4京5,未勝利,未勝利*,6,6,ハクアイウィンザー,牡,2,幸英明, 55 ,10,2,１, ,ダ1800,稍,,(栗),松永昌博,1544,-0.2,2,2,2,38.8,516,+2,
,2019.10.13,京都,4京4,3勝,平城京Ｓ･3勝,6,6,コマビショウ,牡,4,川田将雅, 57 ,9,1,１, ,ダ1800,重,,(栗),南井克巳,1509,-0.0,9,7,7,36.2,488,0,
,2019.10.13,京都,4京4,Ｇ１,秋華賞G1,3,5,クロノジェネシス,牝,3,北村友一, 55 ,18,4,１, 内,芝2000,稍,,(栗),斉藤崇史,1599,-0.3,7,5,5,36.1,452,+20,
,2019.10.13,京都,4京4,2勝,三年坂特･2勝,6,9,ヴァンドギャルド,牡,3,福永祐一, 55 ,13,1,１, 外,芝1600,稍,,(栗),藤原英昭,1337,-0.4,,4,4,34.3,478,+8,
,2019.10.13,京都,4京4,1勝,紫菊賞･1勝*,4,4,ロールオブサンダー,牡,2,松山弘平, 55 ,7,6,１, 内,芝2000,稍,,(栗),橋口慎介,2034,-0.1,1,1,1,35.1,486,+2,
,2019.10.13,京都,4京4,1勝,１勝ｸﾗｽ,6,7,トウカイオラージュ,牡,3,斎藤新,53△,12,5,１, ,ダ1400,重,,(栗),長谷川浩,1243,-0.0,,1,1,36.6,466,-2,
,2019.10.13,京都,4京4,1勝,１勝ｸﾗｽ,7,9,ティグラーシャ,牝,3,川田将雅, 52 ,11,1,１, 外,芝2200,重,,(栗),池添学,2138,-0.1,4,3,2,35.2,428,-2,
,2019.10.13,京都,4京4,1勝,１勝ｸﾗｽ,5,5,キングスクロス,牡,4,藤岡康太, 57 ,8,2,１, ,ダ1800,重,,(栗),大久保龍,1516,-0.0,7,4,4,37.7,468,0,
,2019.10.13,京都,4京4,新馬,新馬,2,3,キムケンドリーム,牝,2,ルメール, 54 ,15,5,１, 内,芝2000,重,,(栗),西村真幸,2031,-0.3,7,9,7,35.3,444,,
,2019.10.13,京都,4京4,1勝,１勝ｸﾗｽ・牝,3,3,ノンライセンス,牝,3,松田大作, 53 ,13,2,１, ,ダ1200,重,,(栗),松永幹夫,1109,-1.1,,4,5,35.9,470,+16,
,2019.10.13,京都,4京4,未勝利,未勝利*,4,6,モズアーントモー,牝,2,池添謙一, 54 ,15,1,１, 内,芝1400,重,,(栗),森田直行,1233,-0.5,,2,2,36.5,514,-2,
,2019.10.13,京都,4京4,未勝利,未勝利*,8,10,レッドブロンクス,牡,2,ルメール, 55 ,10,1,１, ,ダ1800,重,,(栗),石坂正,1526,-0.4,4,5,3,36.9,450,-4,
,2019.10.13,京都,4京4,未勝利,未勝利*,3,3,サウンドサンビーム,牡,2,武豊, 55 ,11,2,１, ,ダ1200,重,,(栗),安達昭夫,1121,-0.0,,1,1,36.9,468,+4,
,2019.10.12,京都,4京3,2勝,２勝ｸﾗｽ,1,1,デターミネーション,牡,3,川田将雅, 55 ,16,1,１, ,ダ1400,不,*,(栗),小崎憲,1228,-0.6,,1,1,37.0,468,0,
,2019.10.12,京都,4京3,ｵｰﾌﾟﾝ,太秦Ｓ,6,12,エアアルマス,牡,4,川田将雅, 57 ,16,1,１, ,ダ1800,不,,(栗),池添学,1491,-0.4,4,2,2,37.7,484,-2,
,2019.10.12,京都,4京3,2勝,堀川特別･2勝,5,5,メイショウハニー,牝,4,幸英明, 55 ,6,6,１, 外,芝1800,不,,(栗),藤沢則雄,1503,-0.0,,2,2,35.3,438,+4,
,2019.10.12,京都,4京3,ｵｰﾌﾟﾝ,もみじＳ,8,10,ラウダシオン,牡,2,ルメール, 55 ,11,1,１, 外,芝1400,不,,(栗),斉藤崇史,1241,-0.2,,5,5,35.5,490,+2,
,2019.10.12,京都,4京3,1勝,１勝ｸﾗｽ,2,2,トロハ,牝,3,池添謙一, 53 ,9,5,１, ,ダ1800,不,,(栗),浜田多実,1519,-0.3,2,2,2,38.8,482,+4,
,2019.10.12,京都,4京3,1勝,１勝ｸﾗｽ,7,7,シャドウハンター,牡,3,ルメール, 55 ,10,1,１, ,ダ1200,不,,(栗),藤岡健一,1106,-0.0,,2,2,36.1,536,-2,
,2019.10.12,京都,4京3,1勝,１勝ｸﾗｽ・牝,3,3,ププッピドゥ,牝,3,亀田温心,50▲,9,2,１, ,ダ1800,不,,(栗),北出成人,1517,-0.0,1,1,1,38.3,490,-2,
,2019.10.12,京都,4京3,新馬,新馬,7,13,テイエムフローラ,牝,2,和田竜二, 54 ,18,6,１, 内,芝1600,不,,(栗),鈴木孝志,1407,-0.3,,10,10,39.0,446,,
,2019.10.12,京都,4京3,新馬,新馬,1,1,ラーラクロリ,牝,2,和田竜二, 54 ,16,8,１, ,ダ1800,不,,(栗),鈴木孝志,1552,-0.1,1,1,1,38.7,466,,
,2019.10.12,京都,4京3,未勝利,未勝利*,6,8,パンサラッサ,牡,2,坂井瑠星,54☆,12,2,１, 内,芝2000,不,,(栗),矢作芳人,2084,-2.5,2,2,1,40.3,456,-2,
,2019.10.12,京都,4京3,未勝利,未勝利・牝*,6,7,スマートリアン,牝,2,幸英明, 54 ,11,9,１, 内,芝1600,不,,(栗),石橋守,1392,-0.2,,4,4,37.6,458,+4,
,2019.10.12,京都,4京3,未勝利,未勝利*,3,3,ダイシンイナリ,牡,2,国分優作, 55 ,12,2,１, ,ダ1400,不,,(栗),吉田直弘,1247,-0.5,,1,1,37.9,504,+4,
,"2019.10. 6",京都,4京2,2勝,２勝ｸﾗｽ,1,1,エイティーンガール,牝,3,池添謙一, 53 ,14,3,１, 内,芝1200,良,,(栗),飯田祐史,1087,-0.1,,4,3,34.1,446,+20,
,"2019.10. 6",京都,4京2,Ｇ２,京都大賞G2,4,7,ドレッドノータス,セ,6,坂井瑠星, 56 ,17,11,１, 外,芝2400,良,*,(栗),矢作芳人,2235,-0.2,3,3,3,34.9,458,-12,
,"2019.10. 6",京都,4京2,3勝,藤森Ｓ･3勝,7,11,デザートストーム,牡,5,藤岡康太, 57 ,13,1,１, ,ダ1200,良,,(栗),西浦勝一,1107,-0.1,,12,11,35.0,452,0,
,"2019.10. 6",京都,4京2,2勝,清滝特Ｈ･2勝,3,3,カリボール,牡,3,Ｍ．デム, 55 ,8,1,１, 外,芝1800,良,,(栗),須貝尚介,1473,-0.1,,7,6,33.9,490,+4,
,"2019.10. 6",京都,4京2,1勝,１勝ｸﾗｽ,7,12,ルプリュフォール,牡,3,横山典弘, 55 ,15,7,１, 外,芝1600,良,,(栗),松永幹夫,1348,-0.1,,14,13,33.4,500,+10,
,"2019.10. 6",京都,4京2,1勝,１勝ｸﾗｽ,6,8,トップウイナー,牡,3,岩田康誠, 55 ,13,1,１, ,ダ1400,良,,(栗),鈴木孝志,1243,-0.7,,1,1,38.0,470,+6,B
,"2019.10. 6",京都,4京2,1勝,１勝ｸﾗｽ・牝,2,2,オーパスメーカー,牝,3,太宰啓介, 53 ,7,1,１, ,ダ1800,良,*,(栗),羽月友彦,1539,-0.6,2,2,2,39.5,484,-2,
,"2019.10. 6",京都,4京2,新馬,新馬,1,1,ジャストナウ,牡,2,菱田裕二, 55 ,16,10,１, 内,芝2000,良,,(栗),岡田稲男,2012,-0.3,2,3,3,35.0,422,,
,"2019.10. 6",京都,4京2,新馬,新馬,4,7,ダノンアレー,牡,2,北村友一, 55 ,16,1,１, ,ダ1800,良,,(栗),安田隆行,1551,-0.1,3,1,1,39.5,490,,
,"2019.10. 6",京都,4京2,未勝利,未勝利*,3,3,ラヴォアドゥース,牝,2,松山弘平, 54 ,9,4,１, 内,芝1600,良,,(栗),渡辺薫彦,1356,-0.0,,1,1,35.3,444,-4,
,"2019.10. 6",京都,4京2,未勝利,未勝利*,5,10,ダイメイコリーダ,牡,2,池添謙一, 55 ,16,8,１, ,ダ1800,良,,(栗),森田直行,1549,-0.5,2,2,2,39.0,466,-2,
,"2019.10. 6",京都,4京2,未勝利,未勝利*,5,6,フィニアル,牝,2,国分恭介, 54 ,12,5,１, ,ダ1200,良,,(栗),安達昭夫,1137,-0.0,,1,1,38.9,434,+2,
,"2019.10. 5",京都,4京1,2勝,２勝ｸﾗｽ,8,15,メイショウミズカゼ,牡,5,酒井学, 57 ,16,6,１, ,ダ1200,稍,,(栗),飯田祐史,1116,-0.0,,6,6,35.4,478,+2,
,"2019.10. 5",京都,4京1,3勝,長岡京Ｈ･3勝,8,10,サウンドキアラ,牝,4,福永祐一, 53 ,10,1,１, 外,芝1600,良,,(栗),安達昭夫,1331,-0.1,,2,2,33.8,452,+4,
,"2019.10. 5",京都,4京1,2勝,北國新聞･2勝,4,5,ダノンロイヤル,牡,4,松若風馬, 57 ,14,7,１, ,ダ1800,稍,,(栗),千田輝彦,1510,-0.5,1,1,1,37.6,534,-8,
,"2019.10. 5",京都,4京1,1勝,りんどう･1勝,4,4,ヤマカツマーメイド,牝,2,池添謙一, 54 ,9,5,１, 外,芝1400,良,,(栗),池添兼雄,1214,-0.0,,3,4,34.6,470,+4,
,"2019.10. 5",京都,4京1,1勝,１勝ｸﾗｽ,3,3,センスオブワンダー,牡,4,川島信二, 57 ,12,12,１, ,ダ1800,稍,,(栗),荒川義之,1526,-0.2,9,9,9,37.7,480,+8,
,"2019.10. 5",京都,4京1,1勝,１勝ｸﾗｽ,5,5,クインズカトレア,牝,4,川又賢治,54☆,11,4,１, ,ダ1200,稍,,(栗),宮本博,1122,-0.0,,7,7,36.5,444,+2,
,"2019.10. 5",京都,4京1,新馬,新馬,5,9,クラシックココア,牝,2,北村友一, 51 ,18,1,１, 内,芝1200,良,,(栗),安田隆行,1099,-0.1,,1,1,35.0,468,,
,"2019.10. 5",京都,4京1,新馬,新馬,7,15,ディアスティマ,牡,2,北村友一, 55 ,18,1,１, 外,芝1800,良,,(栗),高野友和,1477,-0.2,,2,2,35.4,482,,
,"2019.10. 5",京都,4京1,新馬,新馬,1,1,ディモールト,牡,2,池添謙一, 55 ,16,2,１, ,ダ1400,稍,,(栗),角田晃一,1270,-0.1,,1,1,38.9,498,,
,"2019.10. 5",京都,4京1,未勝利,未勝利*,1,1,ミレニアムクロス,牡,2,シュタル, 55 ,9,2,１, 内,芝2000,良,,(栗),斉藤崇史,2022,-0.2,4,5,4,35.6,484,-4,
,"2019.10. 5",京都,4京1,未勝利,未勝利*,7,8,ヴァラークラウン,牝,2,北村友一, 54 ,11,4,１, 内,芝1200,良,,(栗),鮫島一歩,1093,-0.5,,2,2,34.6,468,+14,
,"2019.10. 5",京都,4京1,未勝利,未勝利*,1,1,ノクターンノーツ,牝,2,福永祐一, 54 ,14,3,１, ,ダ1400,稍,,(栗),中内田充,1263,-0.2,,1,1,38.9,490,-6,
,"2019. 5.26",京都,3京C,1600万,東大路Ｓ1600,6,12,レッドアトゥ,牝,5,北村友一, 55 ,16,2,１, ,ダ1800,良,,(栗),松田国英,1513,-0.4,11,12,9,36.2,458,+2,
,"2019. 5.26",京都,3京C,OP(L),白百合Ｓ(L),3,3,レッドアネモス,牝,3,北村友一, 54 ,10,5,１, 外,芝1800,良,*,(栗),友道康夫,1476,-0.1,,3,3,33.6,470,0,
,"2019. 5.26",京都,3京C,OP(L),安土城Ｈ(L),5,7,ダイアトニック,牡,4,北村友一, 54 ,13,1,１, 外,芝1400,良,,(栗),安田隆行,1196,-0.0,,8,7,33.7,476,+2,
,"2019. 5.26",京都,3京C,1000万,御池特Ｈ1000,7,13,ダイシンバルカン,牡,7,松若風馬, 54 ,16,9,１, 内,芝1200,良,,(栗),吉田直弘,1080,-0.2,,1,1,33.6,508,-2,
,"2019. 5.26",京都,3京C,1000万,1000万下,5,8,グローリーグローリ,牡,4,国分恭介, 57 ,15,2,１, ,ダ1400,良,,(栗),五十嵐忠,1242,-0.2,,4,3,36.7,496,-2,
,"2019. 5.26",京都,3京C,500万,500万下,4,5,キンショーヘニー,牡,4,幸英明, 57 ,13,2,１, ,ダ1800,良,,(栗),長谷川浩,1536,-0.2,6,6,4,37.9,516,+6,
,"2019. 5.26",京都,3京C,500万,500万下*,8,15,シャンデリアムーン,牝,3,丸山元気, 54 ,16,4,１, 内,芝1200,良,,(美),斎藤誠,1084,-0.2,,2,2,33.7,466,+2,
,"2019. 5.26",京都,3京C,500万,500万下*,8,16,チュウワフライヤー,牝,3,和田竜二, 54 ,16,2,１, ,ダ1400,良,,(栗),大久保龍,1245,-0.7,,4,3,36.5,502,-4,
,"2019. 5.26",京都,3京C,未勝利,障害未勝利,2,2,サウスオブボーダー,牡,6,平沢健治, 60 ,12,2,１, ,ダ2910,良,,(栗),五十嵐忠,3176,-0.2,5,3,4,13.6,456,-6,
,"2019. 5.26",京都,3京C,未勝利,未勝利,3,4,ゴットフルール,牝,3,四位洋文, 54 ,14,2,１, 外,芝2400,良,,(栗),武英智,2270,-0.3,8,6,5,34.5,478,-6,
,"2019. 5.26",京都,3京C,未勝利,未勝利,7,14,コパノケネディー,牡,3,川須栄彦, 56 ,17,12,１, 外,芝1800,良,,(栗),宮徹,1477,-0.5,,1,1,37.0,526,-6,B
,"2019. 5.26",京都,3京C,未勝利,未勝利,5,9,ワンダーエカルテ,牝,3,長岡禎仁, 54 ,16,14,１, ,ダ1400,良,,(栗),石橋守,1262,-0.1,,13,13,37.7,508,+12,
,"2019. 5.25",京都,3京B,1000万,1000万下,8,13,ドリームソルジャー,牡,5,太宰啓介, 57 ,13,8,１, 内,芝2000,良,,(栗),渡辺薫彦,2010,-0.0,13,13,13,33.2,480,+4,
,"2019. 5.25",京都,3京B,重賞,葵Ｓ･重,3,6,ディアンドル,牝,3,藤岡佑介, 55 ,16,1,１, 内,芝1200,良,,(栗),奥村豊,1080,-0.0,,4,4,33.7,490,0,
,"2019. 5.25",京都,3京B,1600万,朱雀Ｓ1600,4,7,レインボーフラッグ,牡,6,川田将雅, 57 ,15,2,１, 外,芝1400,良,,(栗),小崎憲,1204,-0.0,,11,8,33.4,460,-4,
,"2019. 5.25",京都,3京B,1000万,與杼特別1000,2,4,エムオーグリッタ,牡,5,津村明秀, 57 ,16,8,１, ,ダ1800,良,,(美),古賀慎明,1517,-0.4,3,4,3,36.8,494,-2,B
,"2019. 5.25",京都,3京B,500万,500万下,1,2,サンライズフルメン,牡,4,松若風馬, 57 ,16,5,１, ,ダ1400,良,,(栗),音無秀孝,1256,-0.1,,11,10,36.7,500,-4,
,"2019. 5.25",京都,3京B,500万,500万下,5,5,スマートモノリス,牡,4,武豊, 57 ,9,1,１, 外,芝2200,良,,(栗),角居勝彦,2141,-0.1,1,1,1,34.1,468,+8,
,"2019. 5.25",京都,3京B,500万,500万下*,5,9,ローザノワール,牝,3,幸英明, 54 ,16,4,１, ,ダ1800,良,,(栗),西園正都,1514,-1.0,1,1,1,36.3,460,+2,
,"2019. 5.25",京都,3京B,未勝利,未勝利,1,2,ミッドサマーハウス,牝,3,川田将雅, 54 ,18,5,１, 内,芝1600,良,,(栗),鮫島一歩,1335,-0.3,,11,10,33.9,446,-4,
,"2019. 5.25",京都,3京B,未勝利,未勝利・牝,3,6,アルテラローザ,牝,3,福永祐一, 54 ,16,1,１, 内,芝2000,良,,(栗),藤原英昭,1598,-0.4,4,3,3,34.6,462,+2,
,"2019. 5.25",京都,3京B,未勝利,未勝利,1,1,インナーハート,牡,3,岩田康誠, 56 ,13,3,１, ,ダ1800,良,,(栗),吉村圭司,1541,-0.2,5,3,3,38.7,506,+2,
,"2019. 5.25",京都,3京B,未勝利,未勝利,1,2,ルンルンキャット,牝,3,松若風馬, 54 ,16,6,１, ,ダ1200,良,,(栗),高柳大輔,1127,-0.5,,1,1,37.4,446,-6,
,"2019. 5.25",京都,3京B,未勝利,未勝利,8,14,タケルライジング,牡,3,幸英明, 56 ,15,4,１, ,ダ1800,良,,(栗),西園正都,1548,-0.0,6,4,2,38.0,514,-2,
,"2019. 5.19",京都,3京A,1000万,1000万下,1,1,ゼンノワスレガタミ,牡,5,秋山真一, 57 ,16,4,１, ,ダ1800,良,,(栗),坂口智康,1532,-0.3,7,6,5,36.6,466,-2,B
,"2019. 5.19",京都,3京A,1600万,下鴨ＳＨ1600,3,3,センテリュオ,牝,4,三浦皇成, 54 ,8,1,１, 内,芝2000,良,,(栗),高野友和,2001,-0.2,7,8,7,32.8,466,+8,
,"2019. 5.19",京都,3京A,OP(L),鳳雛Ｓ(L),4,4,マドラスチェック,牝,3,大野拓弥, 54 ,8,1,１, ,ダ1800,良,,(美),斎藤誠,1531,-0.0,2,2,2,37.0,504,+2,
,"2019. 5.19",京都,3京A,500万,500万下,1,1,レジーナファースト,牝,4,三浦皇成, 55 ,16,1,１, 内,芝1200,良,*,(栗),森田直行,1081,-0.0,,5,6,33.6,460,0,
,"2019. 5.19",京都,3京A,1000万,御室特別1000,5,5,レッドランディーニ,牝,4,アヴドゥ, 55 ,7,3,１, 内,芝2000,良,,(栗),石坂正,1599,-0.2,5,3,3,33.0,450,0,
,"2019. 5.19",京都,3京A,500万,500万下・牝,4,5,デュアルウィールド,牝,4,古川吉洋, 55 ,13,2,１, ,ダ1800,良,,(栗),森田直行,1544,-0.3,12,8,6,38.4,498,-6,
,"2019. 5.19",京都,3京A,500万,500万下*,6,10,サトノギャロス,牡,3,川島信二, 56 ,15,1,１, ,ダ1200,良,,(栗),西園正都,1120,-0.8,,2,2,37.1,520,0,
,"2019. 5.19",京都,3京A,未勝利,未勝利,4,7,スターオブバラード,牡,3,秋山真一, 56 ,15,1,１, 内,芝2000,良,,(栗),荒川義之,2006,-0.4,14,12,11,34.7,448,+2,
,"2019. 5.19",京都,3京A,未勝利,未勝利,2,4,ハーフバック,牝,3,松若風馬, 54 ,18,3,１, 内,芝1400,良,,(栗),杉山晴紀,1209,-0.0,,2,2,34.5,458,-10,
,"2019. 5.19",京都,3京A,未勝利,未勝利・牝,5,10,オメガハートクィン,牝,3,アヴドゥ, 54 ,17,3,１, 外,芝1800,良,,(栗),松永幹夫,1477,-0.2,,3,2,34.6,436,+2,
,"2019. 5.19",京都,3京A,未勝利,未勝利,1,1,ヤンチャヒメ,牝,3,藤井勘一, 54 ,16,2,１, ,ダ1800,良,,(栗),安田隆行,1548,-0.1,4,3,3,39.2,498,+4,B
,"2019. 5.19",京都,3京A,未勝利,未勝利,7,13,タガノゴマチャン,牡,3,川須栄彦, 56 ,16,3,１, ,ダ1400,良,,(栗),加用正,1257,-0.1,,2,2,38.4,474,0,
,"2019. 5.18",京都,3京9,1000万,オースト1000,6,6,フォックスクリーク,牡,4,川田将雅, 57 ,8,1,１, 外,芝1800,良,,(栗),中内田充,1492,-0.0,,2,2,33.4,480,+2,
,"2019. 5.18",京都,3京9,Ｇ３,平安ＳG3,4,7,チュウワウィザード,牡,4,川田将雅, 58 ,16,1,１, ,ダ1900,良,,(栗),大久保龍,1581,-0.0,11,9,12,36.5,482,+7,
,"2019. 5.18",京都,3京9,1600万,シドニー1600,3,6,スマートレイチェル,牝,5,酒井学, 55 ,16,2,１, ,ダ1200,良,,(栗),西園正都,1114,-0.0,,1,1,37.0,486,0,
,"2019. 5.18",京都,3京9,500万,メルボル500*,5,5,プランドラー,牡,3,川田将雅, 56 ,9,1,１, 外,芝2400,良,,(栗),池江泰寿,2257,-0.2,5,5,4,36.3,474,-8,
,"2019. 5.18",京都,3京9,500万,500万下,3,3,メイケイゴールド,牡,4,古川吉洋, 57 ,10,5,１, 内,芝2000,良,,(栗),木原一良,2009,-0.1,6,7,5,33.6,498,+18,
,"2019. 5.18",京都,3京9,500万,500万下,1,1,ヘルディン,牝,5,武豊, 55 ,16,3,１, ,ダ1200,良,,(栗),千田輝彦,1119,-0.4,,1,1,37.3,446,+2,
,"2019. 5.18",京都,3京9,500万,500万下*,7,8,オースミカテドラル,牡,3,福永祐一, 56 ,10,2,１, 内,芝1600,良,,(栗),高橋亮,1334,-0.6,,1,1,33.7,450,0,
,"2019. 5.18",京都,3京9,未勝利,未勝利,7,13,ダノンレグナム,牡,3,藤岡康太, 56 ,15,1,１, 外,芝1800,良,,(栗),大久保龍,1475,-0.5,,3,3,35.2,496,-2,
,"2019. 5.18",京都,3京9,未勝利,未勝利,1,2,エクレアスピード,牡,3,武豊, 56 ,16,1,１, 内,芝1200,良,,(栗),石橋守,1092,-0.2,,4,4,34.2,470,+2,
,"2019. 5.18",京都,3京9,未勝利,未勝利・牝,1,1,ハニーエンパイア,牝,3,和田竜二, 54 ,15,3,１, ,ダ1800,良,,(栗),平田修,1551,-0.0,4,4,4,39.3,444,-2,
,"2019. 5.18",京都,3京9,未勝利,未勝利,3,6,イグナーツ,牡,3,福永祐一, 56 ,16,2,１, ,ダ1900,良,,(栗),中竹和也,2035,-0.3,2,2,2,38.8,496,+4,
,"2019. 5.18",京都,3京9,未勝利,未勝利・牝,1,2,ファビュラスギフト,牝,3,富田暁,53☆,16,6,１, ,ダ1200,良,,(栗),武英智,1132,-0.2,,1,1,37.6,456,+8,
,"2019. 5.12",京都,3京8,1000万,1000万下,2,3,タイセイブレーク,セ,5,池添謙一, 57 ,16,2,１, 内,芝1200,良,,(栗),浜田多実,1077,-0.1,,4,4,33.8,492,0,
,"2019. 5.12",京都,3京8,OP(L),栗東ＳＨ(L),1,1,ノボバカラ,牡,7,松山弘平, 55 ,14,3,１, ,ダ1400,良,,(栗),森秀行,1229,-0.0,,2,2,36.5,508,-2,
,"2019. 5.12",京都,3京8,1600万,錦ＳＨ1600,5,5,オールフォーラヴ,牝,4,和田竜二, 53 ,10,8,１, 外,芝1600,良,*,(栗),中内田充,1316,-0.0,,6,6,33.6,454,+8,
,"2019. 5.12",京都,3京8,1000万,白川特別1000,4,4,マスターコード,牡,5,和田竜二, 57 ,13,4,１, 外,芝2400,良,,(栗),吉村圭司,2241,-0.1,8,11,7,33.9,466,+2,
,"2019. 5.12",京都,3京8,500万,500万下,6,11,ブリッツシュラーク,牡,5,藤岡康太, 57 ,16,8,１, ,ダ1800,良,,(栗),中竹和也,1528,-0.2,7,8,5,37.4,470,+2,
,"2019. 5.12",京都,3京8,500万,500万下,5,9,メイショウヴォルガ,牡,5,太宰啓介, 57 ,16,3,１, ,ダ1400,良,,(栗),本田優,1246,-0.3,,2,2,37.1,510,0,
,"2019. 5.12",京都,3京8,500万,500万下・牝*,3,3,クロウエア,牝,3,藤岡康太, 54 ,8,1,１, 内,芝1600,良,,(栗),羽月友彦,1337,-0.3,,7,7,33.3,462,-6,
,"2019. 5.12",京都,3京8,500万,500万下*,1,2,ダンツキャッスル,牡,3,幸英明, 56 ,16,2,１, ,ダ1800,良,*,(栗),谷潔,1520,-0.8,1,1,1,37.7,486,+8,
,"2019. 5.12",京都,3京8,未勝利,未勝利,6,8,ジュンサロベツ,牝,3,藤岡康太, 54 ,13,5,１, 外,芝1800,良,,(栗),友道康夫,1481,-0.0,,11,11,33.7,474,-14,
,"2019. 5.12",京都,3京8,未勝利,未勝利・牝,7,10,モアナアネラ,牝,3,浜中俊, 54 ,12,4,１, 内,芝2000,良,,(栗),石坂正,2008,-0.5,7,4,4,34.4,420,+2,
,"2019. 5.12",京都,3京8,未勝利,未勝利,4,5,スズカブランコ,牡,3,古川吉洋, 56 ,13,3,１, ,ダ1800,良,,(栗),上村洋行,1546,-0.0,3,3,3,38.7,442,-4,
,"2019. 5.12",京都,3京8,未勝利,未勝利,7,13,メイショウハート,牡,3,藤岡佑介, 56 ,16,1,１, ,ダ1400,良,,(栗),中内田充,1255,-0.1,,1,1,38.2,480,+2,
,"2019. 5.11",京都,3京7,1000万,1000万下,5,9,ジャスパーウィン,牡,4,アヴドゥ, 57 ,16,2,１, ,ダ1200,良,,(栗),森秀行,1113,-0.5,,1,1,36.8,498,+16,
,"2019. 5.11",京都,3京7,OP(L),都大路Ｓ(L),3,3,ソーグリッタリング,牡,5,川田将雅, 57 ,11,2,１, 外,芝1800,良,,(栗),池江泰寿,1446,-0.3,,6,5,34.1,488,+4,
,"2019. 5.11",京都,3京7,1000万,蹴上特別1000,2,4,サマーサプライズ,牡,5,和田竜二, 57 ,16,4,１, ,ダ1900,良,,(栗),宮本博,1585,-0.0,1,1,1,37.5,474,-4,
,"2019. 5.11",京都,3京7,500万,あやめ賞500*,5,6,ケイアイサクソニー,牡,3,藤懸貴志, 56 ,12,4,１, 外,芝1400,良,,(栗),山内研二,1215,-0.1,,1,1,34.1,488,-4,
,"2019. 5.11",京都,3京7,ＪＧ２,京都ハイJG2,7,7,シゲルヒノクニ,牡,7,植野貴也, 60 ,10,8,１, ,芝3930,良,,(美),粕谷昌央,4322,-0.1,5,2,2,13.9,490,-6,
,"2019. 5.11",京都,3京7,500万,500万下,8,13,マジックバローズ,牡,4,川田将雅, 57 ,14,1,１, 外,芝1600,良,,(栗),清水久詞,1341,-0.1,,4,4,34.2,450,-4,
,"2019. 5.11",京都,3京7,500万,500万下*,3,3,ヒルノダカール,牡,3,亀田温心,53▲,8,3,１, 内,芝2000,良,,(栗),北出成人,2000,-0.1,2,2,2,34.1,512,-14,
,"2019. 5.11",京都,3京7,未勝利,未勝利,3,3,タマモサンシーロ,牡,3,幸英明, 56 ,13,5,１, ,ダ1800,良,,(栗),大橋勇樹,1536,-0.0,2,2,2,39.0,504,-2,
,"2019. 5.11",京都,3京7,未勝利,未勝利,1,1,エレヴァルアスール,牡,3,和田竜二, 56 ,9,3,１, 外,芝2200,良,,(栗),鈴木孝志,2136,-0.4,7,2,2,35.0,484,-4,B
,"2019. 5.11",京都,3京7,未勝利,未勝利,1,1,ディープサドラーズ,牡,3,北村友一, 56 ,17,2,１, 内,芝1600,良,,(栗),藤原英昭,1342,-0.0,,3,3,35.5,454,+4,
,"2019. 5.11",京都,3京7,未勝利,未勝利,1,1,サンマルベスト,牡,3,畑端省吾, 56 ,16,3,２, ,ダ1200,良,*,(栗),牧浦充徳,1126,0.0,,2,2,37.0,470,+2,
,"2019. 5.11",京都,3京7,未勝利,未勝利・牝,2,4,ナガラスワロー,牝,3,古川吉洋, 54 ,16,7,１, ,ダ1400,良,,(栗),大根田裕,1253,-0.5,,2,2,37.9,406,+6,
,"2019. 5. 5",京都,3京6,1000万,1000万下,8,9,トライン,牡,4,松山弘平, 57 ,9,1,１, 外,芝1600,良,,(栗),浜田多実,1326,-0.6,,6,6,33.2,458,+4,
,"2019. 5. 5",京都,3京6,ｵｰﾌﾟﾝ,鞍馬Ｓ,2,4,ミラアイトーン,牡,5,松山弘平, 56 ,17,1,１, 内,芝1200,良,,(栗),池江泰寿,1076,-0.1,,9,8,33.0,532,-4,
,"2019. 5. 5",京都,3京6,OP(L),橘Ｓ(L),4,7,ディープダイバー,牡,3,藤岡康太, 56 ,16,2,１, 外,芝1400,良,,(栗),大久保龍,1207,-0.0,,8,8,33.5,448,0,
,"2019. 5. 5",京都,3京6,1600万,上賀茂Ｈ1600,1,2,サトノプライム,牡,5,古川吉洋, 55 ,16,6,１, ,ダ1800,良,,(栗),南井克巳,1517,-0.1,9,6,7,37.4,500,-4,
,"2019. 5. 5",京都,3京6,500万,500万下,1,1,プルンクザール,牡,4,池添謙一, 57 ,10,1,１, 外,芝2400,良,,(栗),石坂正,2238,-0.1,4,5,4,35.2,466,0,
,"2019. 5. 5",京都,3京6,500万,500万下・牝,5,5,ロンス,牝,4,酒井学, 55 ,11,3,１, ,ダ1200,良,,(栗),松永昌博,1127,-0.1,,6,6,36.6,462,+2,
,"2019. 5. 5",京都,3京6,500万,500万下*,3,5,イメル,牡,3,松山弘平, 56 ,16,1,１, ,ダ1400,良,,(栗),音無秀孝,1253,-0.0,,1,1,38.0,466,-6,
,"2019. 5. 5",京都,3京6,未勝利,未勝利,7,11,メイケイハリアー,牡,3,和田竜二, 56 ,14,5,１, 外,芝1800,良,,(栗),木原一良,1469,-0.1,,4,2,34.8,466,-6,
,"2019. 5. 5",京都,3京6,未勝利,未勝利・牝,5,9,アンジュミニョン,牝,3,田中健, 54 ,16,4,１, 内,芝1600,良,,(栗),佐々木晶,1349,-0.1,,3,3,34.7,436,-6,
,"2019. 5. 5",京都,3京6,未勝利,未勝利,2,2,ティーブルーム,牡,3,池添謙一, 56 ,10,3,１, ,ダ1900,良,,(栗),池添兼雄,2021,-0.0,5,4,4,39.9,456,-4,
,"2019. 5. 5",京都,3京6,未勝利,未勝利,6,11,ヴァリアント,牡,3,幸英明, 56 ,15,1,１, ,ダ1400,良,,(栗),西浦勝一,1256,-0.2,,2,2,37.6,470,-2,
,"2019. 5. 5",京都,3京6,未勝利,未勝利・牝,5,8,オリーブティアラ,牝,3,藤岡康太, 54 ,15,1,１, ,ダ1800,良,,(栗),松田国英,1545,-0.3,6,2,2,38.7,436,+2,
,"2019. 5. 4",京都,3京5,1000万,1000万下,5,10,パキュートハート,牡,4,太宰啓介, 57 ,16,6,１, ,ダ1800,良,,(栗),石橋守,1522,-0.3,3,3,3,37.7,524,-4,
,"2019. 5. 4",京都,3京5,Ｇ２,京都新聞G2,7,12,レッドジェニアル,牡,3,酒井学, 56 ,14,11,１, 外,芝2200,良,,(栗),高橋義忠,2119,-0.0,8,9,9,34.7,480,0,
,"2019. 5. 4",京都,3京5,1600万,パールＳ1600,8,12,スカーレットカラー,牝,4,岩田康誠, 55 ,12,7,１, 外,芝1800,良,,(栗),高橋亮,1453,-0.3,,2,3,33.8,464,+4,
,"2019. 5. 4",京都,3京5,1000万,鴨川特Ｈ1000,2,2,バレーノロッソ,牡,4,岩田康誠, 54 ,11,5,１, 内,芝2000,良,*,(栗),石坂公一,2003,-0.1,1,2,3,34.7,496,-4,
,"2019. 5. 4",京都,3京5,500万,500万下,2,3,ロイヤルバローズ,牡,4,浜中俊, 57 ,16,1,１, ,ダ1400,良,,(栗),角居勝彦,1243,-0.8,,2,3,36.9,464,-2,
,"2019. 5. 4",京都,3京5,500万,500万下,1,1,ウインネプチューン,牡,4,松山弘平, 57 ,11,2,１, ,ダ1900,良,,(栗),飯田雄三,2001,-0.2,3,4,4,38.3,486,0,B
,"2019. 5. 4",京都,3京5,500万,500万下*,5,5,ミトノマルーン,牡,3,武豊, 56 ,10,3,１, 内,芝1600,良,,(栗),武英智,1343,-0.0,,2,2,34.8,476,-4,
,"2019. 5. 4",京都,3京5,500万,500万下・牝*,2,3,アッシェンプッテル,牝,3,城戸義政, 54 ,16,6,１, ,ダ1800,稍,,(栗),奥村豊,1531,-0.5,16,11,8,38.5,500,-2,
,"2019. 5. 4",京都,3京5,未勝利,未勝利,6,9,エイシンロード,牝,3,岩田康誠, 54 ,13,2,１, 内,芝2000,良,,(栗),奥村豊,2010,-0.2,1,1,1,35.5,482,0,
,"2019. 5. 4",京都,3京5,未勝利,未勝利,5,10,トップオブメジャー,牡,3,藤岡康太, 56 ,17,2,１, 内,芝1400,良,,(栗),友道康夫,1214,-0.2,,5,5,34.3,484,-4,
,"2019. 5. 4",京都,3京5,未勝利,未勝利,5,5,テイエムファイター,牡,3,浜中俊, 56 ,12,2,１, ,ダ1800,稍,,(栗),飯田雄三,1546,-1.1,2,2,1,38.8,486,0,
,"2019. 5. 4",京都,3京5,未勝利,未勝利・牝,6,12,ゴッドバンブルビー,牝,3,川島信二, 54 ,16,9,１, ,ダ1200,稍,*,(栗),飯田祐史,1129,-0.3,,12,12,36.0,466,+2,
,"2019. 4.29",京都,3京4,1000万,1000万下,2,4,メイショウヤクシマ,牡,6,秋山真一, 57 ,16,3,１, ,ダ1400,良,,(栗),笹田和秀,1243,-0.2,,15,13,36.1,468,-10,
,"2019. 4.29",京都,3京4,ｵｰﾌﾟﾝ,天王山Ｓ,1,1,タテヤマ,牡,5,松山弘平, 56 ,15,4,１, ,ダ1200,良,,(栗),渡辺薫彦,1113,-0.0,,5,4,35.9,468,0,
,"2019. 4.29",京都,3京4,1600万,烏丸ＳＨ1600,8,12,レノヴァール,牡,4,シュタル, 55 ,12,3,１, 外,芝2400,良,,(栗),高野友和,2253,-0.1,3,3,3,34.2,524,+4,
,"2019. 4.29",京都,3京4,500万,矢車賞500*,5,5,グラディーヴァ,牝,3,Ｍ．デム, 54 ,8,2,１, 外,芝2200,良,,(栗),角居勝彦,2151,-0.1,6,1,1,33.7,446,-2,
,"2019. 4.29",京都,3京4,500万,500万下,7,13,タガノアスワド,牝,5,岩田康誠, 55 ,15,6,１, 外,芝1600,良,,(栗),五十嵐忠,1332,-0.1,,1,1,35.3,522,+24,
,"2019. 4.29",京都,3京4,500万,500万下,6,8,メイショウテンシャ,牡,5,松山弘平, 57 ,12,5,１, ,ダ1800,良,,(栗),池添兼雄,1536,-0.9,5,3,2,37.0,474,-6,
,"2019. 4.29",京都,3京4,500万,500万下*,2,3,レコードチェイサー,牝,3,富田暁,53☆,15,11,１, 内,芝1200,良,,(美),伊藤圭三,1081,-0.0,,1,1,33.9,442,-6,
,"2019. 4.29",京都,3京4,未勝利,未勝利,7,11,スカーフェイス,牡,3,岩田康誠, 56 ,14,1,１, 内,芝2000,良,,(栗),橋田満,2012,-0.1,12,7,6,34.5,444,+6,
,"2019. 4.29",京都,3京4,未勝利,未勝利・牝,5,7,シルバースミス,牝,3,松山弘平, 54 ,14,3,１, 外,芝1800,良,,(栗),橋口慎介,1477,-0.2,,4,4,35.0,484,-4,
,"2019. 4.29",京都,3京4,未勝利,未勝利,6,11,ラプタス,牡,3,幸英明, 56 ,15,9,１, ,ダ1400,良,,(栗),松永昌博,1254,-0.1,,13,5,36.7,466,0,
,"2019. 4.29",京都,3京4,未勝利,未勝利,7,12,ヒロノセンキン,セ,3,松山弘平, 56 ,15,2,１, ,ダ1800,良,,(栗),寺島良,1551,-1.0,9,9,6,38.0,474,0,
,"2019. 4.29",京都,3京4,未勝利,未勝利,5,9,シゲルネコメイシ,牡,3,岩田望来,53▲,16,12,１, ,ダ1200,良,,(栗),千田輝彦,1123,-0.0,,3,3,36.8,476,-4,
,"2019. 4.28",京都,3京3,1600万,高瀬川Ｓ1600,1,1,アディラート,牡,5,ルメール, 57 ,13,1,１, ,ダ1400,良,,(栗),須貝尚介,1243,-0.2,,4,4,35.7,512,0,B
,"2019. 4.28",京都,3京3,Ｇ１,天皇賞春G1,7,10,フィエールマン,牡,4,ルメール, 58 ,13,1,１, 外,芝3200,良,,(美),手塚貴久,3150,-0.0,5,4,1,34.5,480,0,
,"2019. 4.28",京都,3京3,ｵｰﾌﾟﾝ,端午Ｓ,1,1,ヴァニラアイス,牝,3,幸英明, 54 ,15,7,１, ,ダ1400,良,,(栗),高柳大輔,1241,-0.0,,3,3,36.3,446,-4,
,"2019. 4.28",京都,3京3,1000万,鷹ケ峰特1000,5,7,ディーパワンサ,牝,5,中谷雄太, 55 ,13,8,１, 外,芝1400,良,,(栗),松下武士,1213,-0.1,,3,3,34.0,458,+4,
,"2019. 4.28",京都,3京3,1000万,糺の森特1000,1,1,シャイントレイル,牝,5,三浦皇成, 55 ,11,7,１, 外,芝1800,良,,(栗),吉田直弘,1458,-0.0,,4,4,34.0,452,+4,
,"2019. 4.28",京都,3京3,500万,500万下,7,12,メイショウキタグニ,牡,4,坂井瑠星,56☆,14,3,１, ,ダ1200,良,,(栗),西浦勝一,1119,-0.0,,2,2,36.6,482,+4,
,"2019. 4.28",京都,3京3,500万,500万下*,4,4,ヴィント,牡,3,竹之下智, 56 ,7,3,１, 外,芝1800,良,,(栗),千田輝彦,1469,-0.0,,1,1,34.5,524,0,
,"2019. 4.28",京都,3京3,500万,500万下*,5,5,ゴルトマイスター,牡,3,Ｍ．デム, 56 ,10,1,１, ,ダ1800,良,,(美),手塚貴久,1513,-1.0,1,1,1,36.3,566,0,
,"2019. 4.28",京都,3京3,未勝利,未勝利,8,8,ディスモーメント,牡,3,福永祐一, 56 ,9,4,１, 外,芝2400,良,,(栗),矢作芳人,2284,-0.2,1,1,1,34.9,508,+8,
,"2019. 4.28",京都,3京3,未勝利,未勝利,8,18,ブランシェット,牝,3,戸崎圭太, 54 ,18,2,１, 内,芝1400,良,,(栗),岡田稲男,1216,-0.0,,7,7,35.4,416,+10,
,"2019. 4.28",京都,3京3,未勝利,未勝利,6,7,プチティラン,牡,3,福永祐一, 56 ,12,2,１, ,ダ1800,稍,,(栗),松田国英,1543,-0.0,4,3,3,38.8,468,+2,
,"2019. 4.28",京都,3京3,未勝利,未勝利・牝,8,16,エイシンポジション,牝,3,シュタル, 54 ,16,5,１, ,ダ1400,稍,,(栗),野中賢二,1252,-0.2,,5,5,37.7,420,-8,
,"2019. 4.21",京都,3京2,1000万,1000万下,3,6,バーニングペスカ,牡,4,藤岡佑介, 57 ,16,1,１, ,ダ1200,良,,(栗),松永昌博,1116,-0.9,,1,1,36.2,482,-2,
,"2019. 4.21",京都,3京2,Ｇ２,マイラーG2,6,6,ダノンプレミアム,牡,4,川田将雅, 57 ,10,1,１, 外,芝1600,良,*,(栗),中内田充,1326,-0.2,,2,2,32.2,500,-2,
,"2019. 4.21",京都,3京2,1600万,桃山Ｓ1600,5,7,タイセイパルサー,牡,6,藤岡佑介, 57 ,13,12,１, ,ダ1900,良,,(栗),大橋勇樹,1584,-0.1,2,2,1,36.6,492,-4,
,"2019. 4.21",京都,3京2,1000万,比良山Ｈ1000,5,7,ネプチュナイト,牡,4,シュタル, 55 ,13,2,１, 外,芝2200,良,,(栗),友道康夫,2097,-0.4,6,5,5,35.0,480,0,B
,"2019. 4.21",京都,3京2,500万,500万下,6,8,リリーモントルー,牡,5,池添謙一, 57 ,13,2,１, 外,芝1800,良,,(栗),池添兼雄,1454,-0.0,,11,9,33.6,442,+4,
,"2019. 4.21",京都,3京2,500万,500万下・牝,4,4,ミスティック,牝,4,松山弘平, 55 ,12,2,１, ,ダ1400,良,,(栗),渡辺薫彦,1255,-0.2,,2,2,36.9,458,-6,
,"2019. 4.21",京都,3京2,500万,500万下*,2,2,メイショウアステカ,牝,3,武豊, 54 ,7,2,１, ,ダ1800,良,,(栗),武幸四郎,1539,-0.0,1,1,1,37.7,478,+4,
,"2019. 4.21",京都,3京2,未勝利,未勝利,5,6,ヴィント,牡,3,竹之下智, 56 ,13,1,１, 外,芝1800,良,,(栗),千田輝彦,1467,-0.2,,5,5,34.4,524,+2,
,"2019. 4.21",京都,3京2,未勝利,未勝利,3,6,エピックガール,牝,3,北村友一, 54 ,18,2,１, 内,芝1200,良,,(栗),西浦勝一,1087,-0.4,,12,7,33.4,428,-4,
,"2019. 4.21",京都,3京2,未勝利,未勝利・牝,4,8,ウォーターブレイク,牝,3,岡田祥嗣, 54 ,18,3,１, 内,芝1400,良,,(栗),河内洋,1211,-0.0,,6,4,34.6,456,+2,
,"2019. 4.21",京都,3京2,未勝利,未勝利,3,5,ペプチドフシチョウ,牝,3,松田大作, 54 ,16,2,１, ,ダ1800,良,,(栗),武英智,1549,-0.2,2,2,2,38.7,448,0,
,"2019. 4.21",京都,3京2,未勝利,未勝利,6,11,サトノギャロス,牡,3,川島信二, 56 ,16,1,１, ,ダ1200,良,,(栗),西園正都,1116,-0.6,,1,1,35.7,520,+2,
,"2019. 4.20",京都,3京1,1000万,1000万下,1,1,カレンカカ,牡,5,斎藤新,54▲,16,1,１, ,ダ1800,良,,(栗),安田隆行,1517,-0.5,5,3,3,38.1,504,+10,
,"2019. 4.20",京都,3京1,1600万,彦根Ｓ1600,3,3,レッドアンシェル,牡,5,福永祐一, 57 ,14,1,１, 内,芝1200,良,,(栗),庄野靖志,1073,-0.4,,3,3,32.8,466,-8,
,"2019. 4.20",京都,3京1,1000万,六波羅特1000,4,4,サウンドキアラ,牝,4,武豊, 55 ,7,1,１, 外,芝1600,良,,(栗),安達昭夫,1328,-0.2,,4,3,33.2,448,-2,
,"2019. 4.20",京都,3京1,500万,あずさ賞500*,7,7,カリボール,牡,3,藤井勘一, 56 ,7,3,１, 外,芝1800,良,,(栗),須貝尚介,1473,-0.3,,7,7,33.2,480,-4,
,"2019. 4.20",京都,3京1,500万,500万下,6,9,エクスパートラン,牡,4,藤懸貴志, 57 ,14,10,１, ,ダ1800,良,,(栗),小崎憲,1526,-0.2,10,10,9,37.9,454,-8,
,"2019. 4.20",京都,3京1,500万,500万下,6,8,ピエナミント,牝,4,武豊, 55 ,12,2,１, 外,芝1400,良,,(栗),飯田祐史,1207,-0.1,,10,10,34.1,458,+4,
,"2019. 4.20",京都,3京1,500万,500万下*,2,2,パドカトル,牡,3,松若風馬, 56 ,15,1,１, ,ダ1200,良,,(栗),野中賢二,1126,-0.2,,5,4,37.3,458,+2,
,"2019. 4.20",京都,3京1,未勝利,未勝利,6,12,ラクローチェ,牡,3,幸英明, 56 ,18,1,１, 内,芝2000,良,,(栗),角田晃一,2006,-0.6,2,2,2,35.7,458,,
,"2019. 4.20",京都,3京1,未勝利,未勝利,8,16,ボマイェ,牡,3,福永祐一, 56 ,18,2,１, 内,芝1600,良,,(栗),清水久詞,1344,-0.0,,5,2,35.0,516,+4,
,"2019. 4.20",京都,3京1,未勝利,未勝利,6,12,ヒュミドール,牡,3,池添謙一, 56 ,16,9,１, ,ダ1900,良,*,(栗),武幸四郎,2023,-0.2,4,2,2,39.3,476,-2,
,"2019. 4.20",京都,3京1,未勝利,未勝利,3,5,アイメイドイット,牝,3,シュタル, 54 ,16,3,１, ,ダ1400,良,*,(栗),飯田雄三,1258,-0.1,,2,2,37.9,412,+2,
,"2019. 4.20",京都,3京1,未勝利,未勝利・牝,1,2,ノーチラス,牝,3,武豊, 54 ,16,4,１, ,ダ1800,良,,(栗),松永幹夫,1544,-0.2,3,5,4,39.0,454,-2,
,"2019. 2.17",京都,2京8,1000万,1000万下・牝,5,7,グアン,牝,4,池添謙一, 54 ,13,2,１, ,ダ1800,良,,(栗),武幸四郎,1529,-0.0,2,2,2,37.0,466,-2,
,"2019. 2.17",京都,2京8,ｵｰﾌﾟﾝ,大和ＳＨ,7,11,ヤマニンアンプリメ,牝,5,鮫島良太, 53 ,13,3,１, ,ダ1200,良,,(栗),中村均,1107,-0.1,,9,9,35.5,500,+8,
,"2019. 2.17",京都,2京8,1600万,斑鳩Ｓ1600,7,7,ダイアトニック,牡,4,北村友一, 57 ,7,2,１, 外,芝1400,良,,(栗),安田隆行,1222,-0.0,,4,4,33.8,474,-8,
,"2019. 2.17",京都,2京8,1000万,春日特別1000,7,7,フランツ,牡,4,池添謙一, 56 ,8,1,１, 外,芝1800,良,,(栗),音無秀孝,1483,-0.2,,7,5,34.6,442,+14,
,"2019. 2.17",京都,2京8,500万,500万下,4,7,モズダディー,牡,4,酒井学, 57 ,16,4,１, 外,芝1600,良,,(栗),藤岡健一,1346,-0.1,,3,3,35.2,494,-2,B
,"2019. 2.17",京都,2京8,500万,500万下,7,14,サンライズセナ,牡,4,藤岡佑介, 56 ,16,1,１, ,ダ1800,良,,(栗),平田修,1536,-0.3,9,4,2,39.0,496,-2,
,"2019. 2.17",京都,2京8,500万,500万下*,1,1,ヒデノヴィーナス,牝,3,川須栄彦, 54 ,14,3,１, ,ダ1200,良,,(栗),梅田智之,1128,-0.0,,7,4,37.7,434,+2,
,"2019. 2.17",京都,2京8,未勝利,未勝利,4,6,レッドジェニアル,牡,3,酒井学, 56 ,14,2,１, 内,芝2000,良,,(栗),高橋義忠,2021,-0.5,7,7,5,35.4,484,-4,
,"2019. 2.17",京都,2京8,ｵｰﾌﾟﾝ,障害・オープ,5,5,ミュートエアー,牡,6,五十嵐雄, 61 ,12,6,１, ,ダ3170,良,,(美),岩戸孝樹,3361,-0.6,1,1,1,13.6,464,-2,
,"2019. 2.17",京都,2京8,未勝利,未勝利,5,10,パレニア,牝,3,鮫島克駿, 54 ,16,7,１, ,ダ1400,良,,(栗),高橋亮,1265,-0.2,,5,5,38.1,494,,
,"2019. 2.17",京都,2京8,未勝利,未勝利,8,13,ジューンステータス,牡,3,北村友一, 56 ,14,2,１, ,ダ1800,良,,(栗),今野貞一,1546,-0.6,2,2,2,38.7,476,-6,
,"2019. 2.17",京都,2京8,未勝利,未勝利・牝,1,2,ダイヤクイン,牝,3,藤岡佑介, 54 ,16,4,１, ,ダ1200,良,,(栗),羽月友彦,1137,-0.4,,5,4,37.0,468,0,
,"2019. 2.16",京都,2京7,1000万,1000万下,3,6,ハニージェイド,牝,5,川田将雅, 55 ,16,1,１, ,ダ1200,良,,(栗),鮫島一歩,1120,-0.0,,14,13,35.5,470,+10,
,"2019. 2.16",京都,2京7,Ｇ３,京都牝馬G3,5,10,デアレガーロ,牝,5,池添謙一, 54 ,18,9,１, 外,芝1400,良,,(美),大竹正博,1210,-0.1,,7,6,34.2,486,+32,
,"2019. 2.16",京都,2京7,1600万,河原町Ｈ1600,5,6,サヴィ,牡,5,藤岡佑介, 55 ,12,1,１, ,ダ1400,良,,(栗),中内田充,1240,-0.3,,2,2,36.2,468,+2,
,"2019. 2.16",京都,2京7,500万,つばき賞500*,1,1,ワールドプレミア,牡,3,武豊, 56 ,8,2,１, 外,芝1800,良,,(栗),友道康夫,1473,-0.2,,3,4,36.1,476,+12,
,"2019. 2.16",京都,2京7,1000万,1000万下,5,5,ヒストリーメイカー,牡,5,畑端省吾, 57 ,9,4,１, ,ダ1900,良,,(栗),作田誠二,1592,-0.3,3,3,3,37.4,540,0,
,"2019. 2.16",京都,2京7,500万,500万下,7,13,ハゼル,牡,4,Ｍ．デム, 57 ,16,3,１, ,ダ1400,良,*,(栗),鈴木孝志,1252,-0.2,,2,2,36.5,502,-4,
,"2019. 2.16",京都,2京7,500万,500万下・牝*,7,7,キュールエサクラ,牝,3,川田将雅, 54 ,8,1,１, 外,芝1400,良,,(栗),中内田充,1231,-0.3,,6,5,34.6,456,-2,
,"2019. 2.16",京都,2京7,未勝利,未勝利,8,15,サダムゲンヤ,牡,3,川須栄彦, 56 ,16,8,１, 内,芝1600,良,,(栗),中尾秀正,1357,-0.0,,4,2,35.7,500,-4,
,"2019. 2.16",京都,2京7,未勝利,障害未勝利,3,3,ノーブルサンズ,牝,6,江田勇亮, 58 ,14,6,１, ,ダ2910,良,,(美),田村康仁,3171,-0.8,7,4,3,13.5,464,-8,
,"2019. 2.16",京都,2京7,新馬,新馬,2,3,テーオーキャンディ,牝,3,川須栄彦, 54 ,16,13,１, ,ダ1800,良,,(栗),梅田智之,1556,-1.6,1,1,1,38.1,424,,
,"2019. 2.16",京都,2京7,未勝利,未勝利,6,10,シャドウハンター,牡,3,ルメール, 56 ,14,1,１, ,ダ1200,良,,(栗),藤岡健一,1128,-1.5,,1,1,36.9,536,+2,
,"2019. 2.16",京都,2京7,未勝利,未勝利,5,6,メイショウイフウ,牡,3,武豊, 56 ,13,1,１, ,ダ1800,良,,(栗),荒川義之,1559,-0.1,3,2,1,38.7,514,+12,
,"2019. 2.10",京都,2京6,1000万,1000万下,1,1,ライトオンキュー,牡,4,古川吉洋, 57 ,13,4,１, 外,芝1400,良,,(栗),昆貢,1223,-0.2,,3,2,34.8,504,-2,
,"2019. 2.10",京都,2京6,Ｇ２,京都記念G2,6,8,ダンビュライト,牡,5,松若風馬, 56 ,12,6,１, 外,芝2200,良,,(栗),音無秀孝,2148,-0.0,2,3,3,34.9,492,+2,
,"2019. 2.10",京都,2京6,1600万,北山Ｓ1600,5,9,リアンヴェリテ,牡,5,国分恭介, 57 ,15,1,１, ,ダ1800,稍,,(栗),中竹和也,1518,-0.5,1,1,1,38.1,486,+6,
,"2019. 2.10",京都,2京6,1600万,松籟ＳＨ1600,8,8,シャルドネゴールド,牡,4,福永祐一, 56 ,9,1,１, 外,芝2400,良,,(栗),池江泰寿,2284,-0.1,2,2,2,34.9,462,+12,
,"2019. 2.10",京都,2京6,1000万,1000万下,8,14,フィールドセンス,牡,5,福永祐一, 57 ,14,1,１, ,ダ1800,稍,,(栗),千田輝彦,1529,-0.2,2,2,2,36.9,544,-4,
,"2019. 2.10",京都,2京6,500万,500万下,8,14,セトノシャトル,牡,4,岩田康誠, 57 ,14,1,１, ,ダ1200,稍,,(栗),鈴木孝志,1125,-0.3,,5,4,36.2,516,-4,B
,"2019. 2.10",京都,2京6,新馬,新馬,7,14,メイショウハナグシ,牝,3,池添謙一, 54 ,16,5,１, 内,芝2000,良,,(栗),飯田祐史,2061,-0.2,4,4,2,35.3,470,,
,"2019. 2.10",京都,2京6,未勝利,未勝利,7,13,マルモネオフォース,牝,3,富田暁,52△,16,1,１, 内,芝1600,良,,(栗),木原一良,1359,-0.2,,8,7,36.4,488,0,
,"2019. 2.10",京都,2京6,ｵｰﾌﾟﾝ,障害・オープ,7,8,メイショウダッサイ,牡,6,森一馬, 60 ,11,1,１, ,ダ3170,良,,(栗),飯田祐史,3403,-0.3,3,6,6,13.9,520,+8,
,"2019. 2.10",京都,2京6,500万,500万下*,5,5,メスキータ,牡,3,松山弘平, 56 ,9,6,１, ,ダ1800,稍,,(栗),山内研二,1540,-0.2,8,8,7,37.4,516,+6,
,"2019. 2.10",京都,2京6,未勝利,未勝利,6,12,メイショウモルサ,牡,3,池添謙一, 56 ,16,1,１, ,ダ1200,稍,,(栗),飯田祐史,1131,-0.8,,1,1,37.4,484,+4,
,"2019. 2.10",京都,2京6,未勝利,未勝利,2,2,エナキョウ,牡,3,松若風馬, 56 ,10,4,１, ,ダ1800,稍,,(栗),吉田直弘,1555,-0.6,1,1,1,38.5,508,-4,
,"2019. 2. 9",京都,2京5,1000万,1000万下,6,11,エテルニテ,牝,4,浜中俊, 55 ,16,11,１, ,ダ1400,稍,,(栗),平田修,1242,-0.4,,2,2,35.8,492,-8,
,"2019. 2. 9",京都,2京5,OP(L),洛陽Ｓ(L),3,3,グァンチャーレ,牡,7,池添謙一, 57 ,12,1,１, 外,芝1600,良,,(栗),北出成人,1352,-0.1,,4,3,34.5,480,+2,
,"2019. 2. 9",京都,2京5,1000万,琵琶湖特1000,1,1,フォイヤーヴェルク,牡,6,和田竜二, 57 ,8,4,１, 外,芝2400,良,,(栗),池江泰寿,2282,-0.0,5,4,4,35.3,458,0,B
,"2019. 2. 9",京都,2京5,500万,こぶし賞500*,7,7,ロードグラディオ,牡,3,藤岡佑介, 56 ,8,5,１, 内,芝1600,良,,(栗),西浦勝一,1363,-0.0,,2,1,34.9,470,-8,
,"2019. 2. 9",京都,2京5,500万,500万下,1,1,タガノアンピール,牡,5,川須栄彦, 57 ,10,3,１, ,ダ1800,稍,,(栗),中尾秀正,1527,-0.0,1,1,1,39.1,550,-4,
,"2019. 2. 9",京都,2京5,500万,500万下,8,10,フラテッリ,牡,4,藤岡佑介, 55 ,10,5,１, ,ダ1900,稍,,(栗),池添学,1589,-1.4,1,1,1,37.9,546,-2,
,"2019. 2. 9",京都,2京5,新馬,新馬,3,6,ペガサス,牡,3,和田竜二, 56 ,16,9,１, ,ダ1400,稍,,(栗),大久保龍,1276,-0.1,,4,4,39.0,448,,
,"2019. 2. 9",京都,2京5,未勝利,未勝利,4,4,モズベッロ,牡,3,Ｍ．デム, 56 ,11,1,１, 外,芝1800,良,,(栗),森田直行,1493,-0.1,,1,2,35.8,484,0,
,"2019. 2. 9",京都,2京5,未勝利,障害未勝利,3,4,ホシルミエール,セ,6,白浜雄造, 60 ,14,3,１, ,ダ2910,良,,(栗),庄野靖志,3209,-0.1,2,1,1,13.8,484,0,
,"2019. 2. 9",京都,2京5,未勝利,未勝利,2,3,ロンリイマンサパタ,牡,3,川島信二, 56 ,16,5,１, ,ダ1400,稍,,(栗),川村禎彦,1271,-0.0,,1,1,39.2,516,-8,
,"2019. 2. 9",京都,2京5,未勝利,未勝利,1,1,ラデツキー,牡,3,小牧太, 56 ,8,1,１, ,ダ1800,稍,,(栗),寺島良,1540,-0.4,1,1,1,38.4,506,-4,B
,"2019. 2. 9",京都,2京5,未勝利,未勝利・牝,6,6,ヘイセイラスト,牝,3,藤岡佑介, 54 ,10,3,１, ,ダ1800,稍,,(栗),羽月友彦,1540,-0.4,1,1,1,37.2,516,+6,
,"2019. 2. 3",京都,2京4,1000万,1000万下,7,12,セパヌイール,牝,4,松山弘平, 55 ,15,10,１, ,ダ1200,稍,*,(栗),松元茂樹,1120,-0.1,,4,4,36.3,440,+10,
,"2019. 2. 3",京都,2京4,Ｇ３,きさらぎG3,4,4,ダノンチェイサー,牡,3,川田将雅, 56 ,8,3,１, 外,芝1800,良,,(栗),池江泰寿,1490,-0.3,,2,2,34.8,476,+2,
,"2019. 2. 3",京都,2京4,1600万,山城ＳＨ1600,5,10,クインズサリナ,牝,5,戸崎圭太, 52 ,16,7,１, 内,芝1200,良,,(栗),西村真幸,1092,-0.0,,6,5,34.5,462,+6,
,"2019. 2. 3",京都,2京4,1000万,稲荷特別1000,8,9,テリトーリアル,牡,5,岩田康誠, 57 ,10,3,１, 内,芝2000,良,,(栗),西浦勝一,2016,-0.1,1,1,1,35.8,480,+2,
,"2019. 2. 3",京都,2京4,500万,500万下,8,12,サザンブリーズ,牡,5,岩田康誠, 57 ,12,1,１, ,ダ1800,稍,,(栗),橋口慎介,1541,-0.1,5,6,6,37.8,522,+4,
,"2019. 2. 3",京都,2京4,500万,500万下,4,5,ナムラムート,牡,5,和田竜二, 57 ,14,3,１, ,ダ1200,稍,,(栗),森田直行,1121,-0.2,,1,1,36.7,506,+4,
,"2019. 2. 3",京都,2京4,新馬,新馬,7,14,アイラブテーラー,牝,3,岡田祥嗣, 54 ,16,10,１, 内,芝1600,良,,(栗),河内洋,1369,-0.1,,5,5,35.6,430,,
,"2019. 2. 3",京都,2京4,未勝利,未勝利・牝,7,9,ノーワン,牝,3,池添謙一, 54 ,12,4,１, 内,芝1600,良,,(栗),笹田和秀,1368,-0.2,,6,3,34.3,484,-2,
,"2019. 2. 3",京都,2京4,500万,500万下*,7,7,ブルベアイリーデ,牡,3,戸崎圭太, 56 ,9,4,１, ,ダ1400,稍,,(栗),杉山晴紀,1257,-0.4,,6,6,36.8,474,+6,
,"2019. 2. 3",京都,2京4,未勝利,未勝利,4,6,ハクユウフライヤー,牡,3,松山弘平, 56 ,15,6,１, ,ダ1400,稍,,(栗),村山明,1276,-0.0,,7,7,38.0,444,+10,B
,"2019. 2. 3",京都,2京4,未勝利,未勝利,2,2,ヤマニンスプレモ,牡,3,浜中俊, 56 ,11,4,１, ,ダ1800,稍,,(栗),奥村豊,1559,-0.5,3,4,4,38.6,474,0,
,"2019. 2. 3",京都,2京4,未勝利,未勝利・牝,3,4,メイショウラッシュ,牝,3,秋山真一, 54 ,14,4,１, ,ダ1800,稍,,(栗),石橋守,1564,-0.0,2,2,2,39.7,472,0,
,"2019. 2. 2",京都,2京3,1000万,1000万下,4,4,ミスズフリオーソ,牡,4,酒井学, 56 ,12,5,１, ,ダ1800,稍,,(栗),木原一良,1523,-0.1,1,1,1,37.6,492,+2,
,"2019. 2. 2",京都,2京3,ｵｰﾌﾟﾝ,アルデバ,2,3,アングライフェン,牡,7,Ｍ．デム, 56 ,15,1,１, ,ダ1900,稍,,(栗),安田隆行,1576,-0.1,9,9,5,36.8,496,0,
,"2019. 2. 2",京都,2京3,OP(L),エルフィ(L),1,1,アクアミラビリス,牝,3,Ｍ．デム, 54 ,10,1,１, 外,芝1600,良,,(栗),吉村圭司,1355,-0.2,,10,10,33.3,418,-6,
,"2019. 2. 2",京都,2京3,1000万,乙訓特別1000,8,10,イサチルホープ,牡,7,国分恭介, 57 ,10,5,１, 内,芝1200,良,,(栗),大根田裕,1095,-0.0,,5,5,34.0,490,+4,
,"2019. 2. 2",京都,2京3,500万,500万下,2,2,カムカム,牡,5,幸英明, 57 ,13,1,１, ,ダ1400,稍,,(栗),浜田多実,1260,-0.0,,11,10,36.3,474,-4,
,"2019. 2. 2",京都,2京3,500万,500万下・牝,1,1,ナムラキヌ,牝,4,川田将雅, 54 ,10,2,１, ,ダ1800,稍,,(栗),高橋義忠,1534,-0.5,4,4,4,37.9,482,+2,
,"2019. 2. 2",京都,2京3,未勝利,未勝利,4,4,パトリック,牡,3,浜中俊, 56 ,10,3,１, 内,芝2000,稍,,(栗),岡田稲男,2024,-0.0,8,6,8,35.0,468,+6,
,"2019. 2. 2",京都,2京3,未勝利,未勝利,3,3,カイザーミノル,牡,3,池添謙一, 56 ,11,4,１, 内,芝1600,稍,,(栗),北出成人,1361,-0.1,,3,4,35.6,448,-6,
,"2019. 2. 2",京都,2京3,新馬,新馬,1,1,ポディウム,牡,3,岡田祥嗣, 56 ,16,11,１, ,ダ1800,稍,,(栗),野中賢二,1563,-0.4,1,1,1,37.9,476,,
,"2019. 2. 2",京都,2京3,未勝利,未勝利・牝,8,15,ハニーウィル,牝,3,国分恭介, 54 ,16,3,１, ,ダ1400,稍,*,(栗),村山明,1278,-0.0,,3,3,39.3,446,-2,
,"2019. 2. 2",京都,2京3,未勝利,未勝利,1,1,プレイヤーズハイ,牡,3,松若風馬, 56 ,14,3,１, ,ダ1800,稍,,(栗),高橋亮,1539,-0.2,10,9,5,37.3,442,+6,
,"2019. 2. 2",京都,2京3,未勝利,未勝利,2,3,スナークスター,セ,3,鮫島克駿, 56 ,15,3,１, ,ダ1200,稍,,(栗),川村禎彦,1139,-0.2,,1,1,38.0,456,+2,
,"2019. 1.27",京都,2京2,1000万,1000万下,8,10,ヌーディーカラー,牡,4,福永祐一, 56 ,11,1,１, ,ダ1400,良,,(栗),宮本博,1253,-0.0,,2,3,36.4,470,0,
,"2019. 1.27",京都,2京2,Ｇ３,シルクロＨG3,1,2,ダノンスマッシュ,牡,4,北村友一,56.5,18,1,１, 内,芝1200,良,,(栗),安田隆行,1083,-0.2,,5,5,34.2,474,+4,
,"2019. 1.27",京都,2京2,1600万,飛鳥Ｓ1600,4,4,ボールライトニング,牡,6,松山弘平, 57 ,7,5,１, 外,芝1800,良,,(栗),宮本博,1480,-0.2,,6,6,34.3,532,+12,
,"2019. 1.27",京都,2京2,500万,若菜賞500*,7,9,エイティーンガール,牝,3,池添謙一, 54 ,11,1,１, 内,芝1200,良,,(栗),飯田祐史,1094,-0.3,,5,5,34.5,442,+4,
,"2019. 1.27",京都,2京2,500万,500万下,6,6,ヒストリーメイカー,牡,5,畑端省吾, 57 ,11,6,１, ,ダ1800,良,*,(栗),作田誠二,1541,-0.0,2,2,1,37.5,540,-12,
,"2019. 1.27",京都,2京2,500万,500万下,7,12,メイショウジーク,牡,5,川田将雅, 57 ,15,1,１, ,ダ1200,良,,(栗),中内田充,1125,-0.2,,3,2,36.5,490,+2,
,"2019. 1.27",京都,2京2,新馬,新馬,7,13,ユニコーンライオン,牡,3,Ｍ．デム, 56 ,16,1,１, 外,芝1800,良,,(栗),矢作芳人,1501,-0.1,,2,2,35.4,540,,
,"2019. 1.27",京都,2京2,未勝利,未勝利,6,6,ニューポート,牡,3,坂井瑠星,55☆,8,3,１, 外,芝2200,良,,(栗),石坂正,2155,-0.0,6,5,3,35.4,448,-2,
,"2019. 1.27",京都,2京2,500万,500万下*,7,7,キンゲン,牡,3,福永祐一, 56 ,8,1,１, ,ダ1800,良,,(栗),松田国英,1539,-0.0,5,5,4,37.9,500,+4,
,"2019. 1.27",京都,2京2,未勝利,未勝利,5,9,オウケンドーン,牡,3,北村友一, 56 ,15,2,１, ,ダ1400,良,,(栗),安田隆行,1269,-0.9,,1,2,38.1,482,+4,B
,"2019. 1.27",京都,2京2,未勝利,未勝利,6,6,ハイオソラール,牡,3,富田暁,54△,11,6,１, ,ダ1800,良,,(栗),木原一良,1557,-0.1,2,2,2,38.7,492,+8,
,"2019. 1.27",京都,2京2,未勝利,未勝利・牝,2,2,シルバークレイン,牝,3,水口優也, 54 ,13,2,１, ,ダ1200,良,,(栗),羽月友彦,1147,-0.0,,2,2,38.2,440,+4,
,"2019. 1.26",京都,2京1,1000万,1000万下,4,4,メイショウエイコウ,牡,5,池添謙一, 57 ,13,3,１, ,ダ1800,良,,(栗),荒川義之,1527,-0.0,9,6,5,37.8,452,-2,
,"2019. 1.26",京都,2京1,1600万,橿原Ｓ1600,8,16,ゼンノサーベイヤー,牡,6,藤岡佑介, 57 ,16,4,１, ,ダ1200,良,,(栗),中内田充,1117,-0.1,,4,2,36.5,522,+2,B
,"2019. 1.26",京都,2京1,1000万,木津川Ｈ1000,8,10,オメガラヴィサン,牡,4,武豊, 56 ,10,1,１, 外,芝1600,良,,(栗),安田翔伍,1355,-0.0,,6,4,34.3,490,+10,
,"2019. 1.26",京都,2京1,500万,梅花賞500*,4,4,サトノラディウス,牡,3,武豊, 56 ,5,1,１, 外,芝2400,良,,(美),国枝栄,2293,-0.0,2,3,4,36.3,494,0,
,"2019. 1.26",京都,2京1,ｵｰﾌﾟﾝ,牛若丸ジ,2,2,タマモプラネット,牡,9,小坂忠士, 61 ,8,1,１, ,ダ3170,良,,(栗),南井克巳,3326,-3.2,1,1,1,13.4,504,+16,
,"2019. 1.26",京都,2京1,500万,500万下,4,4,レッドガラン,牡,4,福永祐一, 56 ,9,1,１, 外,芝1800,良,,(栗),安田隆行,1481,-0.3,,7,7,34.3,510,-2,
,"2019. 1.26",京都,2京1,500万,500万下・牝,5,7,リヴァイバル,牝,6,藤岡佑介, 55 ,13,3,１, ,ダ1400,良,,(栗),岡田稲男,1257,-0.1,,2,2,38.1,506,+2,
,"2019. 1.26",京都,2京1,未勝利,未勝利,8,11,リャスナ,牝,3,川田将雅, 54 ,11,2,１, 外,芝1800,良,,(栗),高野友和,1501,-0.2,,6,5,34.3,436,,
,"2019. 1.26",京都,2京1,新馬,新馬,8,15,シュガーサンダー,牡,3,福永祐一, 56 ,16,1,１, ,ダ1200,良,,(栗),藤岡健一,1140,-0.1,,3,3,36.8,508,,
,"2019. 1.26",京都,2京1,未勝利,未勝利,5,5,キャリーオン,牡,3,高倉稜, 56 ,9,7,１, ,ダ1800,良,,(栗),河内洋,1551,-0.0,6,7,6,38.9,446,+2,
,"2019. 1.26",京都,2京1,未勝利,未勝利,4,4,テイエムストーン,牝,3,酒井学, 54 ,12,1,１, ,ダ1200,良,,(栗),飯田雄三,1149,-0.3,,1,1,38.7,468,+4,
,"2019. 1.26",京都,2京1,未勝利,未勝利・牝,4,4,メイショウアステカ,牝,3,武豊, 54 ,8,2,１, ,ダ1800,良,,(栗),武幸四郎,1563,-0.0,1,1,1,38.9,474,-4,
,"2019. 1.20",京都,1京7,1000万,1000万下,4,4,バーンフライ,牡,4,高倉稜, 56 ,13,4,１, ,ダ1400,稍,,(栗),矢作芳人,1249,-0.0,,5,5,35.6,500,+4,
,"2019. 1.20",京都,1京7,1600万,石清水Ｓ1600,3,4,タイムトリップ,牡,5,柴山雄一, 57 ,14,7,１, 外,芝1400,稍,,(美),菊川正達,1222,-0.0,,10,10,34.3,506,+6,
,"2019. 1.20",京都,1京7,1600万,舞鶴Ｓ1600,2,2,タイキフェルヴール,牡,4,池添謙一, 56 ,11,1,１, ,ダ1800,稍,,(栗),牧浦充徳,1524,-0.3,6,7,7,35.1,514,-2,
,"2019. 1.20",京都,1京7,1000万,睦月賞Ｈ1000,5,5,コスモピクシス,牝,6,坂井瑠星, 51 ,8,4,１, 外,芝2400,稍,,(美),中野栄治,2297,-0.2,7,6,6,35.9,422,+2,
,"2019. 1.20",京都,1京7,500万,500万下,6,10,ノーブルカリナン,牝,4,Ｍ．デム, 54 ,15,1,１, 外,芝1800,稍,,(栗),友道康夫,1490,-0.5,,6,4,36.6,456,+26,
,"2019. 1.20",京都,1京7,500万,500万下,4,7,スピンドクター,セ,4,国分恭介, 56 ,16,2,１, ,ダ1800,稍,,(栗),野中賢二,1542,-0.1,16,16,14,37.0,470,-2,
,"2019. 1.20",京都,1京7,新馬,新馬,3,6,アンドラステ,牝,3,中井裕二, 54 ,16,5,１, 内,芝1600,稍,,(栗),中内田充,1369,-0.7,,1,1,35.6,462,,
,"2019. 1.20",京都,1京7,未勝利,未勝利・牝,8,16,シトラスノート,牝,3,岩田康誠, 54 ,16,3,１, 内,芝1600,稍,,(栗),石坂正,1366,-0.5,,2,1,35.6,450,-6,
,"2019. 1.20",京都,1京7,500万,500万下・牝*,2,2,オーパキャマラード,牝,3,加藤祥太,53☆,9,5,１, ,ダ1400,稍,,(栗),本田優,1262,-0.0,,6,5,38.6,482,-6,
,"2019. 1.20",京都,1京7,未勝利,未勝利,5,10,タイガーアチーヴ,牡,3,松山弘平, 56 ,16,2,１, ,ダ1400,稍,,(栗),大橋勇樹,1266,-0.1,,2,2,38.0,452,+14,
,"2019. 1.20",京都,1京7,未勝利,未勝利,4,4,メイショウオオタカ,牡,3,酒井学, 56 ,13,5,１, ,ダ1800,稍,,(栗),藤沢則雄,1550,-0.2,7,7,5,38.9,468,0,
,"2019. 1.20",京都,1京7,未勝利,未勝利,4,7,アスカノダイチ,牡,3,岩田康誠, 56 ,16,2,１, ,ダ1200,良,*,(栗),川村禎彦,1139,-0.2,,2,2,37.9,502,+2,
,"2019. 1.19",京都,1京6,500万,500万下,1,2,モンテヴェルデ,牡,5,四位洋文, 57 ,16,4,１, 内,芝1200,良,,(栗),昆貢,1095,-0.0,,15,15,33.4,472,-2,B
,"2019. 1.19",京都,1京6,OP(L),すばるＳ(L),5,8,サクセスエナジー,牡,5,松山弘平, 56 ,15,2,１, ,ダ1400,良,,(栗),北出成人,1228,-0.6,,1,1,36.4,542,+1,
,"2019. 1.19",京都,1京6,OP(L),若駒Ｓ(L),7,7,ヴェロックス,牡,3,川田将雅, 56 ,8,2,１, 内,芝2000,良,,(栗),中内田充,2007,-0.3,4,3,2,34.2,490,+8,
,"2019. 1.19",京都,1京6,1000万,祇園特別1000,8,11,ダイアトニック,牡,4,北村友一, 56 ,11,1,１, 外,芝1400,良,,(栗),安田隆行,1215,-0.0,,5,4,34.1,482,+6,
,"2019. 1.19",京都,1京6,1000万,1000万下,5,5,リテラルフォース,牡,5,川田将雅, 57 ,9,2,１, ,ダ1800,良,,(栗),高柳大輔,1523,-0.2,5,3,2,36.5,516,-2,
,"2019. 1.19",京都,1京6,500万,500万下,2,4,メイショウギガース,牡,5,浜中俊, 57 ,16,5,１, ,ダ1400,良,,(栗),岡田稲男,1248,-0.5,,1,1,36.7,486,+10,
,"2019. 1.19",京都,1京6,未勝利,未勝利,2,3,オースミカテドラル,牡,3,福永祐一, 56 ,15,7,１, 内,芝1600,良,,(栗),高橋亮,1360,-0.0,,11,9,34.8,456,-14,
,"2019. 1.19",京都,1京6,未勝利,未勝利,6,11,マコトジュズマル,牡,3,川田将雅, 56 ,15,5,１, 内,芝2000,良,,(栗),鮫島一歩,2024,-0.1,3,3,3,35.9,480,-2,
,"2019. 1.19",京都,1京6,新馬,新馬・牝,3,5,ララケリア,牝,3,藤懸貴志, 54 ,16,8,１, ,ダ1400,良,,(栗),斉藤崇史,1278,-0.0,,1,1,37.8,410,,
,"2019. 1.19",京都,1京6,未勝利,未勝利・牝,4,4,キララアモーレ,牝,3,和田竜二, 54 ,11,5,１, ,ダ1400,良,,(栗),今野貞一,1262,-0.1,,2,2,38.1,468,-6,
,"2019. 1.19",京都,1京6,新馬,新馬,5,9,アヴァンセ,牡,3,福永祐一, 56 ,16,3,１, ,ダ1800,良,,(栗),吉村圭司,1559,-0.3,3,3,2,39.0,474,,
,"2019. 1.19",京都,1京6,未勝利,未勝利,1,1,スマートアルケミー,牡,3,武豊, 56 ,13,2,１, ,ダ1800,良,,(栗),笹田和秀,1568,-0.0,1,1,1,38.0,496,-14,
,"2019. 1.14",京都,1京5,1000万,1000万下,7,7,レノヴァール,牡,4,北村友一, 56 ,9,2,１, 内,芝2000,良,,(栗),高野友和,2015,-0.2,3,4,4,35.5,520,+10,
,"2019. 1.14",京都,1京5,OP(L),淀短距離(L),7,10,ナインテイルズ,牡,8,岩田康誠, 57 ,12,5,１, 内,芝1200,良,,(栗),中村均,1091,-0.0,,7,7,34.5,490,+14,
,"2019. 1.14",京都,1京5,OP(L),紅梅Ｓ(L),7,10,メイショウケイメイ,牝,3,古川吉洋, 54 ,12,5,１, 外,芝1400,良,,(栗),南井克巳,1228,-0.0,,5,5,35.2,416,+2,
,"2019. 1.14",京都,1京5,1600万,雅ＳＨ1600,3,3,モズアトラクション,牡,5,鮫島克駿,57.5,12,5,１, ,ダ1900,良,,(栗),松下武士,1593,-0.0,10,10,10,36.2,490,0,
,"2019. 1.14",京都,1京5,1000万,1000万下,2,3,フリーフリッカー,牡,5,北村友一, 57 ,16,2,１, ,ダ1800,良,,(栗),安田隆行,1524,-0.0,7,8,7,37.8,482,+10,
,"2019. 1.14",京都,1京5,500万,500万下,5,10,リュウシンベガス,牡,5,岩田康誠, 57 ,16,2,１, ,ダ1200,良,,(栗),橋口慎介,1125,-0.1,,15,13,35.8,498,-6,
,"2019. 1.14",京都,1京5,新馬,新馬,3,4,ゲバラ,牡,3,柴山雄一, 56 ,15,5,１, 内,芝1600,良,,(美),伊藤大士,1366,-0.2,,12,9,35.5,480,,
,"2019. 1.14",京都,1京5,未勝利,未勝利,6,11,ハーシェル,牡,3,北村友一, 56 ,15,3,１, 外,芝2200,良,,(栗),藤原英昭,2166,-0.0,12,7,8,36.7,458,0,B
,"2019. 1.14",京都,1京5,未勝利,障害未勝利,6,8,リリーシューター,牡,6,森一馬, 60 ,12,1,１, ,ダ2910,良,,(栗),平田修,3184,-0.2,1,2,2,13.6,512,+6,
,"2019. 1.14",京都,1京5,500万,500万下*,3,3,マスターフェンサー,牡,3,浜中俊, 56 ,10,1,１, ,ダ1800,良,,(栗),角田晃一,1534,-0.2,5,5,3,37.4,486,0,
,"2019. 1.14",京都,1京5,未勝利,未勝利・牝,5,10,ヒデノヴィーナス,牝,3,川須栄彦, 54 ,16,1,１, ,ダ1200,良,,(栗),梅田智之,1139,-0.2,,2,2,38.0,434,-4,
,"2019. 1.14",京都,1京5,未勝利,未勝利,5,9,タマモアポローン,牡,3,北村友一, 56 ,16,1,１, ,ダ1800,良,,(栗),五十嵐忠,1557,-0.7,15,11,9,38.2,494,-6,
,"2019. 1.13",京都,1京4,1000万,1000万下,3,6,ベルクリア,牝,6,福永祐一, 55 ,16,7,１, ,ダ1200,良,,(栗),吉田直弘,1118,-0.1,,9,9,36.3,464,+4,
,"2019. 1.13",京都,1京4,Ｇ２,日経新春ＨG2,1,2,グローリーヴェイズ,牡,4,Ｍ．デム, 55 ,16,1,１, 外,芝2400,良,,(美),尾関知人,2262,-0.1,9,10,6,36.8,454,+6,
,"2019. 1.13",京都,1京4,1600万,新春Ｓ1600,6,11,ヴェネト,牡,7,福永祐一, 57 ,16,11,１, 外,芝1600,良,,(栗),藤原英昭,1345,-0.1,,9,8,36.0,462,-6,
,"2019. 1.13",京都,1京4,1000万,五条坂特1000,7,13,ジョーダンキング,牡,6,岩田康誠, 57 ,15,1,１, ,ダ1900,良,,(栗),藤原英昭,1593,-0.0,11,8,2,38.0,504,+2,
,"2019. 1.13",京都,1京4,500万,500万下,5,10,シュバルツボンバー,牡,4,松田大作, 56 ,16,7,１, 外,芝1600,良,,(栗),須貝尚介,1351,-0.0,,11,13,35.4,532,+28,
,"2019. 1.13",京都,1京4,500万,500万下,3,6,アニエーゼ,牝,4,藤岡佑介, 54 ,16,12,１, ,ダ1800,良,,(栗),高橋康之,1530,-0.0,11,11,11,37.8,458,-2,
,"2019. 1.13",京都,1京4,新馬,新馬,2,3,サトノソロモン,牡,3,Ｍ．デム, 56 ,16,1,１, 内,芝2000,良,,(栗),池江泰寿,2044,-0.1,5,5,3,37.0,552,,
,"2019. 1.13",京都,1京4,未勝利,未勝利,1,1,アドマイヤレオ,牡,3,Ｍ．デム, 56 ,16,1,１, 内,芝1600,良,,(栗),須貝尚介,1355,-0.2,,3,3,36.5,480,-2,
,"2019. 1.13",京都,1京4,500万,500万下*,7,13,モンペルデュ,牝,3,川田将雅, 54 ,16,1,１, ,ダ1200,良,,(栗),松永幹夫,1125,-0.6,,1,1,37.2,464,-2,
,"2019. 1.13",京都,1京4,未勝利,未勝利,1,1,カルロスミノル,牡,3,和田竜二, 56 ,16,6,１, ,ダ1400,良,,(栗),北出成人,1264,-0.8,,11,10,37.8,482,+22,
,"2019. 1.13",京都,1京4,新馬,新馬・牝,3,6,パールデュー,牝,3,Ｍ．デム, 54 ,16,1,１, ,ダ1800,良,*,(美),黒岩陽一,1558,-0.3,1,2,2,38.1,488,,
,"2019. 1.13",京都,1京4,未勝利,未勝利,1,2,ヒミノブルー,牡,3,岩田康誠, 56 ,16,3,１, ,ダ1800,良,,(栗),寺島良,1549,-0.5,15,11,6,37.9,512,+6,
,"2019. 1.12",京都,1京3,1000万,1000万下,8,13,クライムメジャー,牡,5,松山弘平, 57 ,13,4,１, 外,芝1600,良,,(栗),池江泰寿,1351,-0.1,,1,1,35.2,540,+4,
,"2019. 1.12",京都,1京3,1600万,羅生門Ｓ1600,1,1,イシュトヴァーン,牡,4,浜中俊, 56 ,13,1,１, ,ダ1400,良,,(栗),石坂正,1238,-0.0,,3,2,36.5,506,-4,
,"2019. 1.12",京都,1京3,1000万,北大路特1000,1,1,シャンティローザ,牝,5,北村友一, 55 ,13,5,１, 外,芝1800,良,,(栗),松永幹夫,1480,-0.0,,5,6,35.2,486,+16,
,"2019. 1.12",京都,1京3,500万,白梅賞500*,2,2,エメラルファイト,牡,3,藤岡康太, 56 ,15,3,１, 内,芝1600,良,,(美),相沢郁,1354,-0.0,,8,7,35.3,448,0,
,"2019. 1.12",京都,1京3,500万,500万下,8,16,プラチナアッシュ,セ,4,古川吉洋, 56 ,16,13,１, 外,芝2200,良,,(栗),寺島良,2158,-0.2,1,1,1,36.9,482,0,
,"2019. 1.12",京都,1京3,500万,500万下・牝,1,1,タガノアニード,牝,5,西村淳也,52▲,16,8,１, ,ダ1400,良,,(栗),角田晃一,1250,-0.0,,10,9,37.1,484,+18,B
,"2019. 1.12",京都,1京3,500万,500万下,4,7,ハクサンペリー,牡,4,岩田康誠, 56 ,16,2,１, ,ダ1900,良,,(栗),寺島良,2018,-0.2,1,1,1,37.1,494,-2,
,"2019. 1.12",京都,1京3,未勝利,未勝利,7,14,アンクルテイオウ,牡,3,四位洋文, 56 ,16,1,１, 外,芝1800,良,,(栗),高橋亮,1504,-0.0,,7,7,35.8,480,0,
,"2019. 1.12",京都,1京3,新馬,新馬,3,5,ララクリュサオル,牡,3,和田竜二, 56 ,16,1,１, ,ダ1400,良,,(栗),今野貞一,1251,-2.1,,1,1,36.6,506,,
,"2019. 1.12",京都,1京3,未勝利,未勝利,8,15,メイショウヨソユキ,牝,3,加藤祥太,53☆,16,11,１, ,ダ1800,良,,(栗),庄野靖志,1556,-0.0,3,3,3,38.1,434,-4,
,"2019. 1.12",京都,1京3,未勝利,未勝利,3,5,タガノコルソ,牡,3,鮫島克駿, 56 ,16,6,１, ,ダ1200,良,,(栗),川村禎彦,1131,-0.3,,1,1,37.0,476,-8,
,"2019. 1.12",京都,1京3,未勝利,未勝利・牝,3,5,アッシェンプッテル,牝,3,城戸義政, 54 ,16,6,１, ,ダ1800,良,*,(栗),奥村豊,1565,-0.0,14,13,12,38.0,508,+6,
,"2019. 1. 6",京都,1京2,1000万,1000万下,7,13,メイショウラケーテ,牡,5,池添謙一, 57 ,16,4,１, ,ダ1400,良,,(栗),松永昌博,1243,-0.2,,1,1,36.8,460,-4,
,"2019. 1. 6",京都,1京2,Ｇ３,シンザンG3,2,2,ヴァルディゼール,牡,3,北村友一, 56 ,12,4,１, 外,芝1600,良,,(栗),渡辺薫彦,1357,-0.0,,7,7,35.3,444,0,
,"2019. 1. 6",京都,1京2,ｵｰﾌﾟﾝ,万葉ＳＨ,2,2,ヴォージュ,牡,6,和田竜二, 55 ,9,5,１, 外,芝3000,良,,(栗),西村真幸,3103,-0.0,1,1,1,35.1,522,+10,
,"2019. 1. 6",京都,1京2,1600万,寿Ｓ1600,2,2,ケイティクレバー,牡,4,秋山真一, 56 ,8,2,１, 内,芝2000,良,,(栗),杉山晴紀,2014,-0.1,1,1,1,36.2,456,+4,
,"2019. 1. 6",京都,1京2,500万,500万下,8,16,ハローマイディア,牡,6,松山弘平, 57 ,16,5,１, ,ダ1800,良,,(栗),平田修,1531,-0.1,4,4,3,37.8,478,+4,
,"2019. 1. 6",京都,1京2,1000万,1000万下,8,9,メールドグラース,牡,4,川田将雅, 56 ,9,1,１, 外,芝2200,良,,(栗),清水久詞,2176,-0.0,6,5,4,34.7,482,+10,B
,"2019. 1. 6",京都,1京2,500万,500万下,2,3,ヒロシゲゴールド,牡,4,松田大作, 56 ,16,4,１, ,ダ1200,良,,(栗),北出成人,1106,-0.9,,1,1,35.6,474,+2,B
,"2019. 1. 6",京都,1京2,未勝利,未勝利,7,13,メリーメーキング,牡,3,武豊, 56 ,16,4,１, 内,芝2000,良,,(栗),清水久詞,2029,-0.5,11,10,10,36.3,456,-2,
,"2019. 1. 6",京都,1京2,500万,500万下*,2,2,ゴールドラグーン,牡,3,武豊, 56 ,15,2,１, ,ダ1800,良,,(栗),斉藤崇史,1536,-0.1,1,1,1,38.5,508,+18,
,"2019. 1. 6",京都,1京2,新馬,新馬,7,9,サトノクライム,牡,3,古川吉洋, 56 ,12,1,１, ,ダ1800,良,,(栗),南井克巳,1552,-0.3,5,4,4,38.3,472,,
,"2019. 1. 6",京都,1京2,未勝利,未勝利,8,15,マゼ,牡,3,武豊, 56 ,16,1,１, ,ダ1200,良,,(栗),安田翔伍,1136,-0.3,,1,1,37.7,474,0,
,"2019. 1. 6",京都,1京2,未勝利,未勝利,4,6,モーニングサン,牡,3,武豊, 56 ,15,8,１, ,ダ1800,良,,(栗),橋口慎介,1553,-0.0,2,2,2,38.4,452,+4,
,"2019. 1. 5",京都,1京1,1000万,1000万下,1,2,エンゲルヘン,牝,5,川田将雅, 55 ,16,1,１, 内,芝1200,良,,(栗),五十嵐忠,1088,-0.6,,1,1,34.5,466,0,
,"2019. 1. 5",京都,1京1,Ｇ３,京都金杯ＨG3,6,12,パクスアメリカーナ,牡,4,川田将雅, 55 ,17,1,１, 外,芝1600,良,,(栗),中内田充,1349,-0.1,,6,5,34.8,470,+2,
,"2019. 1. 5",京都,1京1,1600万,門松Ｓ1600,7,9,ヤマニンアンプリメ,牝,5,岩田康誠, 55 ,12,1,１, ,ダ1200,良,,(栗),中村均,1112,-0.1,,7,7,35.6,496,0,
,"2019. 1. 5",京都,1京1,1000万,1000万下,6,12,レッドアトゥ,牝,5,岩田康誠, 55 ,16,1,１, ,ダ1800,良,,(栗),松田国英,1519,-0.3,13,10,2,37.6,458,-2,
,"2019. 1. 5",京都,1京1,500万,福寿草特500*,4,4,ロジャーバローズ,牡,3,松山弘平, 56 ,6,1,１, 内,芝2000,良,,(栗),中竹和也,2024,-0.3,2,2,2,35.6,500,+16,
,"2019. 1. 5",京都,1京1,500万,500万下,2,4,ナリタゴールド,セ,7,福永祐一, 57 ,16,6,１, 内,芝2000,良,,(栗),松永昌博,2020,-0.0,7,8,8,35.5,428,0,
,"2019. 1. 5",京都,1京1,500万,500万下・牝,2,4,レジェンディスト,牝,4,岩田康誠, 54 ,16,1,１, ,ダ1800,良,,(栗),庄野靖志,1536,-0.0,1,1,1,37.2,460,-4,
,"2019. 1. 5",京都,1京1,新馬,新馬,7,14,シュリ,牡,3,川田将雅, 56 ,16,1,１, 外,芝1800,良,,(栗),池江泰寿,1526,-0.1,,2,2,35.5,490,,
,"2019. 1. 5",京都,1京1,新馬,新馬,4,8,タイミングナウ,牡,3,北村友一, 56 ,16,1,１, ,ダ1200,良,,(栗),中竹和也,1122,-0.7,,1,1,36.2,472,,
,"2019. 1. 5",京都,1京1,未勝利,未勝利,2,4,シンゼンマックス,牡,3,秋山真一, 56 ,16,2,１, ,ダ1400,良,,(栗),飯田祐史,1256,-1.3,,2,1,38.0,480,-2,
,"2019. 1. 5",京都,1京1,未勝利,未勝利,1,1,アールジオール,牡,3,松山弘平, 56 ,16,1,１, ,ダ1800,良,*,(栗),中竹和也,1556,-0.5,1,1,1,37.7,518,+18,
,"2019. 1. 5",京都,1京1,未勝利,未勝利・牝,4,7,ウォータースペース,牝,3,北村友一, 54 ,16,4,１, ,ダ1800,良,,(栗),安田隆行,1547,-1.3,1,1,1,37.7,466,+2,
,2018.11.25,京都,5京8,Ｇ３,京阪杯G3,2,3,ダノンスマッシュ,牡,3,北村友一, 55 ,18,1,１, 内,芝1200,良,,(栗),安田隆行,1080,-0.3,,4,3,33.6,470,-2,
,2018.11.25,京都,5京8,ｵｰﾌﾟﾝ,オータム,5,10,コパノキッキング,セ,3,藤岡康太, 55 ,16,1,１, ,ダ1200,良,,(栗),村山明,1108,-0.0,,5,5,34.9,476,+2,
,2018.11.25,京都,5京8,1600万,渡月橋Ｓ1600,1,1,カイザーバル,牝,5,四位洋文, 55 ,14,2,１, 外,芝1400,良,,(栗),中竹和也,1210,-0.3,,7,7,33.3,490,0,
,2018.11.25,京都,5京8,500万,白菊賞500*,7,7,ラヴズオンリーユー,牝,2,岩田康誠, 54 ,9,1,１, 内,芝1600,良,,(栗),矢作芳人,1336,-0.3,,6,6,33.9,452,-14,
,2018.11.25,京都,5京8,1000万,1000万下,8,15,メイショウテムズ,牡,4,古川吉洋, 57 ,15,3,１, ,ダ1900,良,*,(栗),庄野靖志,1585,-0.2,6,6,3,37.4,498,+2,
,2018.11.25,京都,5京8,1000万,1000万下,7,14,ロードエース,牡,3,福永祐一, 56 ,16,2,１, ,ダ1200,良,,(栗),松下武士,1113,-0.1,,5,5,36.0,508,+14,
,2018.11.25,京都,5京8,500万,500万下,5,9,バニーテール,牝,4,藤岡佑介, 55 ,15,1,１, ,ダ1800,良,,(栗),中内田充,1528,-0.2,8,4,2,37.4,484,-2,
,2018.11.25,京都,5京8,新馬,新馬,6,12,ウーリリ,牡,2,福永祐一, 55 ,16,1,１, 外,芝1800,良,,(栗),友道康夫,1496,-0.0,,5,4,34.0,476,,
,2018.11.25,京都,5京8,ｵｰﾌﾟﾝ,障害・オープ,8,10,メイショウオトコギ,セ,9,北沢伸也, 60 ,11,6,１, ,ダ3170,良,*,(栗),飯田祐史,3343,-0.4,4,3,2,13.5,506,+6,
,2018.11.25,京都,5京8,未勝利,未勝利*,6,8,ヒルノダカール,牡,2,松田大作, 55 ,12,2,１, 内,芝2000,良,,(栗),北出成人,2017,-0.4,5,4,4,35.4,512,+6,
,2018.11.25,京都,5京8,未勝利,未勝利・牝*,7,15,テルモードーサ,牝,2,岩田康誠, 54 ,18,7,１, 内,芝1400,良,,(栗),高橋康之,1219,-0.1,,8,6,34.7,504,+8,
,2018.11.25,京都,5京8,未勝利,未勝利*,1,1,レサイヤ,牡,2,岩田康誠, 55 ,16,5,１, ,ダ1200,良,,(栗),今野貞一,1132,-0.5,,1,1,38.1,480,+4,
,2018.11.24,京都,5京7,1000万,1000万下,8,14,エントシャイデン,牡,3,福永祐一, 56 ,14,4,１, 外,芝1600,良,,(栗),矢作芳人,1335,-0.0,,9,9,33.3,472,+4,
,2018.11.24,京都,5京7,Ｇ３,京都２歳G3,1,1,クラージュゲリエ,牡,2,モレイラ, 55 ,9,1,１, 内,芝2000,良,,(栗),池江泰寿,2015,-0.1,7,7,5,33.8,476,+14,
,2018.11.24,京都,5京7,1600万,花園ＳＨ1600,5,10,エイコーン,牡,3,福永祐一, 54 ,16,2,１, ,ダ1900,良,,(栗),吉田直弘,1578,-0.2,9,10,10,36.4,462,-2,
,2018.11.24,京都,5京7,1000万,高雄特Ｈ1000,5,5,マイハートビート,牡,3,川田将雅, 54 ,9,4,１, 外,芝2400,良,,(栗),高橋義忠,2269,-0.4,3,4,3,34.2,462,+12,
,2018.11.24,京都,5京7,500万,500万下,8,17,エクレアスパークル,牡,4,川田将雅, 57 ,17,1,１, 外,芝1800,良,,(栗),中内田充,1462,-0.3,,1,1,37.2,470,+4,B
,2018.11.24,京都,5京7,500万,500万下,5,9,ベルエスメラルダ,牝,4,田中健, 55 ,16,6,１, ,ダ1400,良,*,(栗),村山明,1246,-0.4,,5,5,36.5,452,-2,B
,2018.11.24,京都,5京7,新馬,新馬,8,15,グランデルカク,牡,2,藤岡佑介, 55 ,16,3,１, ,ダ1800,良,,(栗),吉田直弘,1550,-0.0,3,2,1,38.2,508,,
,2018.11.24,京都,5京7,新馬,新馬,8,16,ラフェリシテ,牝,2,モレイラ, 54 ,16,3,１, 内,芝1400,良,,(栗),須貝尚介,1219,-0.3,,2,2,35.1,428,,
,2018.11.24,京都,5京7,未勝利,未勝利*,6,6,サトノルークス,牡,2,モレイラ, 55 ,8,1,１, 外,芝1800,良,,(栗),池江泰寿,1484,-0.6,,2,1,34.0,470,+10,
,2018.11.24,京都,5京7,未勝利,未勝利*,5,6,ロードグラディオ,牡,2,Ｍ．デム, 55 ,12,1,１, 内,芝1600,良,,(栗),西浦勝一,1353,-0.1,,2,2,34.7,478,-4,
,2018.11.24,京都,5京7,未勝利,未勝利*,7,14,コンカラー,牡,2,松山弘平, 55 ,16,7,１, ,ダ1800,良,,(栗),石坂正,1549,-0.5,3,6,4,37.6,472,-2,
,2018.11.24,京都,5京7,未勝利,未勝利*,4,7,キョウワドリヴン,牡,2,小牧太, 55 ,16,1,１, ,ダ1400,良,,(栗),笹田和秀,1257,-1.0,,1,1,38.2,492,+4,
,2018.11.18,京都,5京6,1600万,西陣Ｓ1600,4,6,タテヤマ,牡,4,松山弘平, 57 ,15,4,１, ,ダ1200,良,,(栗),渡辺薫彦,1111,-0.1,,4,4,35.6,466,-2,
,2018.11.18,京都,5京6,Ｇ１,マイルチG1,1,1,ステルヴィオ,牡,3,ビュイッ, 56 ,18,5,１, 外,芝1600,良,,(美),木村哲也,1333,-0.0,,4,5,34.1,478,+10,
,2018.11.18,京都,5京6,1000万,衣笠特別1000,1,1,テーオービクトリー,牝,4,ムーア, 55 ,7,2,１, 外,芝1800,良,,(栗),岡田稲男,1501,-0.0,,3,3,33.2,480,-6,
,2018.11.18,京都,5京6,500万,秋明菊賞500*,5,6,ローゼンクリーガー,牝,2,Ｃ．デム, 54 ,12,3,１, 外,芝1400,良,,(栗),高橋亮,1234,-0.0,,3,3,33.5,464,+10,
,2018.11.18,京都,5京6,1000万,1000万下,4,4,テイエムディラン,牡,3,四位洋文, 55 ,12,5,１, ,ダ1800,良,,(栗),木原一良,1519,-0.0,7,7,7,36.2,478,+8,
,2018.11.18,京都,5京6,500万,500万下,7,14,オメガラヴィサン,牡,3,ルメール, 56 ,18,2,１, 外,芝1600,良,,(栗),安田翔伍,1337,-0.0,,5,5,34.3,482,+12,
,2018.11.18,京都,5京6,新馬,新馬,1,1,シュガリートリーツ,牝,2,福永祐一, 54 ,9,2,１, 内,芝1200,良,,(栗),宮本博,1117,-0.0,,7,6,33.9,440,,
,2018.11.18,京都,5京6,新馬,新馬,1,1,カフジジュピター,牡,2,Ｍ．デム, 55 ,9,2,１, 内,芝2000,良,,(栗),矢作芳人,2013,-0.2,2,2,2,34.3,458,,
,2018.11.18,京都,5京6,未勝利,未勝利*,8,13,ブラックウォーリア,牡,2,Ｃ．デム, 55 ,13,1,１, ,ダ1800,良,,(栗),西村真幸,1536,-0.8,3,2,1,38.0,488,-4,
,2018.11.18,京都,5京6,未勝利,未勝利*,8,10,プランドラー,牡,2,ムーア, 55 ,10,1,１, 内,芝2000,良,,(栗),池江泰寿,2013,-0.1,3,2,2,35.6,470,+4,
,2018.11.18,京都,5京6,未勝利,未勝利*,4,8,カネコメアサヒ,牡,2,松田大作, 55 ,16,7,１, ,ダ1200,良,,(栗),中尾秀正,1126,-0.0,,1,1,37.2,438,+10,
,2018.11.18,京都,5京6,未勝利,未勝利・牝*,5,7,デンコウハピネス,牝,2,田中健, 54 ,14,3,１, ,ダ1400,良,,(栗),坂口正則,1268,-0.1,,3,3,38.4,434,+10,
,2018.11.17,京都,5京5,1000万,1000万下,6,10,ロッテンマイヤー,牝,5,川田将雅, 55 ,15,2,１, 外,芝1400,良,,(栗),池添学,1212,-0.2,,3,2,34.1,488,+2,
,2018.11.17,京都,5京5,ｵｰﾌﾟﾝ,アンドロＨ,5,8,ドレッドノータス,セ,5,岩田康誠, 55 ,15,2,１, 内,芝2000,良,,(栗),矢作芳人,2004,-0.3,3,4,4,34.2,460,+10,
,2018.11.17,京都,5京5,1600万,比叡ＳＨ1600,2,2,グローブシアター,牡,4,浜中俊, 56 ,8,1,１, 外,芝2200,良,,(栗),中竹和也,2147,-0.0,3,4,3,34.2,448,0,
,2018.11.17,京都,5京5,500万,もちの木500*,8,9,ノーヴァレンダ,牡,2,北村友一, 55 ,10,2,１, ,ダ1800,良,,(栗),斉藤崇史,1522,-0.7,2,2,2,37.2,534,+6,
,2018.11.17,京都,5京5,1000万,1000万下,7,9,モーヴサファイア,牝,4,川田将雅, 55 ,11,2,１, 内,芝2000,良,,(栗),池添学,2009,-0.2,4,3,2,34.4,526,+14,
,2018.11.17,京都,5京5,500万,500万下,1,1,オクラホマ,牡,4,北村友一, 57 ,16,6,１, ,ダ1900,良,,(栗),石坂正,1594,-0.6,4,3,2,38.4,508,-6,B
,2018.11.17,京都,5京5,新馬,新馬,2,4,モンペルデュ,牝,2,川田将雅, 54 ,16,2,１, ,ダ1200,良,,(栗),松永幹夫,1123,-0.8,,1,1,37.3,466,,
,2018.11.17,京都,5京5,新馬,新馬,2,2,ルプリュフォール,牡,2,浜中俊, 55 ,10,1,１, 内,芝1600,良,,(栗),松永幹夫,1367,-0.2,,7,5,34.8,494,,
,2018.11.17,京都,5京5,未勝利,未勝利*,8,18,ヒラソール,牡,2,岩田康誠, 55 ,18,7,１, 内,芝1200,良,,(栗),加用正,1099,-0.2,,11,8,34.0,458,-6,
,2018.11.17,京都,5京5,未勝利,未勝利*,8,12,ソルトイブキ,牡,2,四位洋文, 55 ,13,8,１, 内,芝1600,良,,(栗),木原一良,1363,-0.2,,9,6,34.4,474,-2,
,2018.11.17,京都,5京5,未勝利,未勝利*,4,4,アルームスクレト,牡,2,岩田康誠, 55 ,13,7,１, ,ダ1800,良,,(栗),高橋康之,1547,-0.0,2,2,1,38.9,450,-2,
,2018.11.17,京都,5京5,未勝利,未勝利*,2,4,レッドルゼル,牡,2,北村友一, 55 ,16,1,１, ,ダ1400,良,,(栗),安田隆行,1250,-1.9,,1,1,37.5,466,-2,
,2018.11.11,京都,5京4,1000万,ドンカＨ1000,3,5,サヴィ,牡,4,藤岡佑介, 56 ,16,3,１, ,ダ1400,稍,,(栗),中内田充,1235,-0.2,,3,3,35.6,466,-2,
,2018.11.11,京都,5京4,Ｇ１,エリザベG1,6,12,リスグラシュー,牝,4,モレイラ, 56 ,17,3,１, 外,芝2200,良,,(栗),矢作芳人,2131,-0.0,9,10,9,33.8,462,+2,
,2018.11.11,京都,5京4,1600万,修学院Ｓ1600,7,7,ランドネ,牝,3,Ｃ．デム, 53 ,8,2,１, 外,芝1800,良,,(栗),中竹和也,1480,-0.0,,1,1,34.1,506,0,
,2018.11.11,京都,5京4,500万,黄菊賞500*,4,4,コスモカレンドゥラ,牡,2,モレイラ, 55 ,7,3,１, 内,芝2000,良,,(美),田中博康,2026,-0.4,2,2,1,35.0,442,+6,
,2018.11.11,京都,5京4,1000万,1000万下,6,7,ディキディキ,牡,3,ルメール, 55 ,12,1,１, ,ダ1800,稍,,(栗),松田国英,1510,-0.4,2,2,2,37.3,528,+2,
,2018.11.11,京都,5京4,500万,500万下,5,5,シルヴァンシャー,牡,3,モレイラ, 55 ,10,4,１, 外,芝2400,良,*,(栗),池江泰寿,2281,-0.2,5,7,8,34.2,470,+8,
,2018.11.11,京都,5京4,500万,500万下,5,9,マイネルブロッケン,牡,4,ルメール, 57 ,16,2,１, ,ダ1800,稍,,(栗),五十嵐忠,1517,-0.2,9,8,6,37.6,434,-4,B
,2018.11.11,京都,5京4,新馬,新馬,4,4,ペルクナス,牡,2,モレイラ, 55 ,8,2,１, 外,芝1800,良,,(栗),池江泰寿,1498,-0.3,,5,7,34.5,522,,
,2018.11.11,京都,5京4,新馬,新馬・牝,8,16,フィブロライト,牝,2,ルメール, 54 ,18,3,１, 内,芝1400,良,,(栗),音無秀孝,1234,-0.3,,11,10,35.4,416,,
,2018.11.11,京都,5京4,未勝利,未勝利*,6,6,マイネルウィルトス,牡,2,Ｃ．デム, 55 ,11,5,１, 内,芝1600,良,,(栗),宮徹,1359,-0.1,,7,4,34.7,464,-2,
,2018.11.11,京都,5京4,未勝利,未勝利*,5,7,ストロングライン,牡,2,モレイラ, 55 ,13,1,１, ,ダ1800,稍,,(栗),西村真幸,1543,-0.6,2,3,3,36.8,490,0,
,2018.11.11,京都,5京4,未勝利,未勝利*,7,11,モズエロイコ,牡,2,Ｃ．デム, 55 ,14,3,１, ,ダ1200,稍,,(栗),矢作芳人,1131,-0.1,,8,7,36.6,464,0,
,2018.11.10,京都,5京3,500万,500万下,1,1,スペシャルホース,牡,4,Ｍ．デム, 57 ,15,2,１, ,ダ1200,稍,,(栗),西橋豊治,1116,-0.0,,15,15,34.8,522,0,
,2018.11.10,京都,5京3,Ｇ２,デイリーG2,3,3,アドマイヤマーズ,牡,2,Ｍ．デム, 55 ,9,1,１, 外,芝1600,良,,(栗),友道康夫,1354,-0.1,,1,2,33.9,472,+12,
,2018.11.10,京都,5京3,1600万,観月橋Ｓ1600,6,6,インティ,牡,4,武豊, 57 ,9,1,１, ,ダ1800,稍,,(栗),野中賢二,1494,-0.8,2,2,2,35.9,516,-4,
,2018.11.10,京都,5京3,1000万,宝ケ池特1000,2,2,メイショウオワラ,牝,4,武豊, 55 ,9,4,１, 外,芝1600,良,,(栗),岡田稲男,1350,-0.0,,3,3,34.2,468,+12,
,2018.11.10,京都,5京3,ＪＧ３,京都ジャJG3,3,3,タマモプラネット,牡,8,熊沢重文, 60 ,9,2,１, ,芝3170,良,,(栗),南井克巳,3335,-0.5,1,1,1,13.5,488,+10,
,2018.11.10,京都,5京3,1000万,1000万下,5,5,アイスバブル,牡,3,モレイラ, 55 ,8,2,１, 外,芝2200,良,,(栗),池江泰寿,2145,-0.1,5,6,6,35.0,448,0,
,2018.11.10,京都,5京3,新馬,新馬,4,6,カフジストーム,牡,2,高倉稜, 55 ,15,8,１, ,ダ1800,稍,,(栗),湯窪幸雄,1541,-0.0,1,1,1,36.9,478,,
,2018.11.10,京都,5京3,新馬,新馬,7,9,ヴァルディゼール,牡,2,北村友一, 55 ,11,1,１, 内,芝1600,稍,,(栗),渡辺薫彦,1364,-0.5,,3,3,34.8,444,,
,2018.11.10,京都,5京3,未勝利,未勝利*,1,1,ロードマイウェイ,牡,2,Ｃ．デム, 55 ,6,4,１, 外,芝1800,稍,,(栗),杉山晴紀,1485,-0.1,,6,6,35.0,472,0,
,2018.11.10,京都,5京3,未勝利,未勝利*,3,3,プライドランド,牡,2,モレイラ, 55 ,13,1,１, 内,芝1400,稍,,(栗),高野友和,1222,-0.0,,7,8,35.5,448,+2,
,2018.11.10,京都,5京3,未勝利,未勝利・牝*,8,9,ドゥエルメス,牝,2,岩田康誠, 54 ,9,1,１, ,ダ1800,稍,,(美),畠山吉宏,1540,-0.2,1,1,1,39.0,500,0,
,2018.11.10,京都,5京3,未勝利,未勝利*,6,11,ダイシンクローバー,牡,2,古川吉洋, 55 ,15,1,１, ,ダ1400,稍,,(栗),安田隆行,1258,-0.1,,4,2,37.6,460,+2,
,"2018.11. 4",京都,5京2,Ｇ１,JBCレデG1,8,16,アンジュデジール,牝,4,横山典弘, 55 ,16,6,１, ,ダ1800,良,,(栗),昆貢,1504,-0.0,5,4,2,37.3,480,+3,
,"2018.11. 4",京都,5京2,Ｇ１,JBCクラG1,4,8,ケイティブレイブ,牡,5,福永祐一, 57 ,16,3,１, ,ダ1900,良,,(栗),杉山晴紀,1567,-0.1,8,6,4,37.0,518,+10,
,"2018.11. 4",京都,5京2,Ｇ１,JBCスプG1,3,6,グレイスフルリープ,牡,8,ルメール, 57 ,16,4,１, ,ダ1200,良,,(栗),橋口慎介,1104,-0.0,,4,2,36.4,542,+6,
,"2018.11. 4",京都,5京2,1600万,清水Ｓ1600,2,2,フローレスマジック,牝,4,ルメール, 55 ,8,1,１, 外,芝1600,良,,(美),木村哲也,1349,-0.1,,7,8,33.4,470,+2,
,"2018.11. 4",京都,5京2,1000万,醍醐特別1000,7,14,イエローマリンバ,牝,3,幸英明, 54 ,18,7,１, 内,芝1200,良,,(栗),河内洋,1085,-0.0,,1,1,34.1,438,-2,
,"2018.11. 4",京都,5京2,1000万,1000万下・牝,7,8,タガノヴェローナ,牝,4,幸英明, 55 ,10,2,１, ,ダ1800,良,,(栗),中村均,1533,-0.0,2,2,2,36.7,480,+8,
,"2018.11. 4",京都,5京2,500万,500万下,7,11,ハイヒール,牝,3,Ｃ．デム, 53 ,14,5,１, 内,芝2000,良,,(栗),清水久詞,2012,-0.0,5,2,2,35.3,438,-4,
,"2018.11. 4",京都,5京2,新馬,新馬,7,7,アルクス,牡,2,ルメール, 55 ,8,1,１, 内,芝2000,良,,(栗),池江泰寿,2047,-0.3,6,6,6,34.1,484,,
,"2018.11. 4",京都,5京2,新馬,新馬・牝,7,15,サヴォワールエメ,牝,2,Ｍ．デム, 54 ,18,1,１, 内,芝1600,良,,(栗),友道康夫,1358,-0.0,,4,3,34.4,446,,
,"2018.11. 4",京都,5京2,未勝利,未勝利*,7,7,コパノマーティン,牡,2,戸崎圭太, 55 ,10,7,１, ,ダ1400,良,,(栗),村山明,1265,-0.2,,1,1,38.4,480,+12,
,"2018.11. 4",京都,5京2,未勝利,未勝利*,1,1,メイショウクライム,牡,2,藤岡佑介, 55 ,15,4,１, 外,芝1800,良,,(栗),高橋亮,1500,-0.1,,1,1,35.3,460,-2,
,"2018.11. 4",京都,5京2,未勝利,未勝利*,6,10,モノディアロゴス,牡,2,福永祐一, 55 ,14,3,１, 内,芝1200,良,*,(栗),松下武士,1100,-0.0,,4,5,34.5,440,+4,
,"2018.11. 3",京都,5京1,1000万,1000万下,3,6,アシャカダイキ,牝,4,ルメール, 55 ,16,1,１, ,ダ1200,良,,(美),鈴木伸尋,1113,-0.2,,7,5,35.9,482,-8,
,"2018.11. 3",京都,5京1,Ｇ３,ファンタG3,4,4,ダノンファンタジー,牝,2,川田将雅, 54 ,9,1,１, 外,芝1400,良,,(栗),中内田充,1218,-0.3,,6,6,33.8,460,0,
,"2018.11. 3",京都,5京1,1600万,貴船ＳＨ1600,5,10,ワンダーサジェス,牝,5,太宰啓介, 53 ,16,7,１, ,ダ1400,良,,(栗),石橋守,1235,-0.2,,8,6,35.8,490,+8,
,"2018.11. 3",京都,5京1,1000万,近江特Ｈ1000,3,4,ジークカイザー,牡,5,川田将雅, 56 ,15,3,１, 外,芝1800,良,,(栗),池江泰寿,1457,-0.0,,3,2,34.2,480,-2,
,"2018.11. 3",京都,5京1,500万,500万下,1,2,コンクエストシチー,セ,6,国分恭介, 57 ,16,6,１, ,ダ1400,良,*,(栗),村山明,1247,-0.1,,13,11,36.6,474,+2,
,"2018.11. 3",京都,5京1,新馬,新馬,1,1,ラヴズオンリーユー,牝,2,ルメール, 54 ,8,2,１, 外,芝1800,良,,(栗),矢作芳人,1509,-0.2,,4,4,33.9,466,,
,"2018.11. 3",京都,5京1,新馬,新馬,2,2,シンゼンブースター,牡,2,池添謙一, 55 ,14,2,１, ,ダ1400,良,,(栗),飯田祐史,1273,-0.1,,2,2,37.8,480,,
,"2018.11. 3",京都,5京1,新馬,新馬,5,5,トオヤリトセイト,牡,2,ルメール, 55 ,12,2,１, 内,芝1400,良,,(栗),松下武士,1248,-0.0,,4,5,34.2,478,,
,"2018.11. 3",京都,5京1,未勝利,未勝利*,5,5,カントル,牡,2,Ｃ．デム, 55 ,9,1,１, 内,芝2000,良,,(栗),藤原英昭,2019,-0.3,7,6,5,35.1,460,+4,
,"2018.11. 3",京都,5京1,未勝利,未勝利・牝*,5,9,シゲルピンクダイヤ,牝,2,和田竜二, 54 ,16,2,１, 内,芝1600,良,,(栗),渡辺薫彦,1347,-0.2,,7,8,34.5,462,+2,
,"2018.11. 3",京都,5京1,未勝利,未勝利*,6,7,ゴールドラグーン,牡,2,ルメール, 55 ,11,1,１, ,ダ1800,良,,(栗),斉藤崇史,1545,-0.4,2,2,1,38.4,490,-2,
,"2018.11. 3",京都,5京1,未勝利,未勝利*,6,8,ブルベアイリーデ,牡,2,松若風馬, 55 ,12,1,１, ,ダ1200,良,,(栗),杉山晴紀,1127,-0.2,,1,1,36.6,462,+2,
,2018.10.28,京都,4京9,1000万,1000万下,6,9,ボンセルヴィーソ,牡,4,松山弘平, 57 ,13,2,１, 外,芝1400,良,,(栗),池添学,1220,-0.6,,1,1,34.3,468,-2,
,2018.10.28,京都,4京9,ｵｰﾌﾟﾝ,カシオペ,7,10,エアウィンザー,牡,4,浜中俊, 56 ,12,1,１, 外,芝1800,良,,(栗),中竹和也,1475,-0.3,,8,8,33.6,508,+8,
,2018.10.28,京都,4京9,1600万,御陵ＳＨ1600,2,2,ロードアルペジオ,牡,5,幸英明, 55 ,10,5,１, ,ダ1800,良,,(栗),笹田和秀,1518,-0.0,7,7,7,36.1,500,+2,
,2018.10.28,京都,4京9,1000万,鳴滝特別1000,7,7,スティルウォーター,牝,5,四位洋文, 55 ,9,7,１, 外,芝2400,良,,(栗),寺島良,2302,-0.2,6,8,7,34.1,418,0,
,2018.10.28,京都,4京9,500万,500万下,8,16,バーニングペスカ,牡,3,藤岡佑介, 55 ,16,1,１, ,ダ1200,良,,(栗),松永昌博,1111,-1.2,,1,1,35.4,472,+8,
,2018.10.28,京都,4京9,500万,500万下,6,9,レッドアトゥ,牝,4,松山弘平, 55 ,13,2,１, ,ダ1800,良,,(栗),松田国英,1519,-1.0,8,4,3,37.0,462,+10,
,2018.10.28,京都,4京9,500万,500万下*,4,4,メイショウケイメイ,牝,2,古川吉洋, 54 ,8,3,１, 内,芝1200,良,,(栗),南井克巳,1106,-0.2,,2,2,34.5,420,-6,
,2018.10.28,京都,4京9,新馬,新馬,5,8,メトロポール,牝,2,浜中俊, 54 ,15,4,１, 内,芝1600,良,,(栗),吉村圭司,1359,-0.3,,9,6,34.9,478,,
,2018.10.28,京都,4京9,新馬,新馬,6,8,ダノンスプレンダー,牡,2,藤岡康太, 55 ,13,3,１, ,ダ1800,良,,(栗),安田隆行,1541,-0.2,3,3,2,37.3,508,,
,2018.10.28,京都,4京9,未勝利,未勝利*,8,9,ヤマカツシシマル,牡,2,幸英明, 55 ,9,7,１, 内,芝2000,良,,(栗),谷潔,2051,-0.2,1,1,1,35.4,484,-8,
,2018.10.28,京都,4京9,未勝利,未勝利*,7,12,ベストタッチダウン,牡,2,松山弘平, 55 ,14,5,１, 内,芝1600,良,,(栗),橋口慎介,1364,-0.2,,8,6,35.8,454,+20,
,2018.10.28,京都,4京9,未勝利,未勝利*,3,3,クリスタルオーブ,牝,2,国分恭介, 54 ,9,9,１, ,ダ1200,良,,(栗),牧田和弥,1136,-0.0,,9,9,36.5,456,0,
,2018.10.28,京都,4京9,未勝利,未勝利*,5,5,コウエイバンビーノ,牡,2,小牧太, 55 ,9,4,１, ,ダ1200,良,,(栗),山内研二,1136,-0.0,,1,1,37.9,482,+8,
,2018.10.27,京都,4京8,1000万,1000万下,6,9,エイコーン,牡,3,福永祐一, 55 ,14,1,１, ,ダ1800,良,,(栗),吉田直弘,1514,-0.2,9,3,4,36.9,464,+2,
,2018.10.27,京都,4京8,Ｇ２,スワンＳG2,7,8,ロードクエスト,牡,5,Ｍ．デム, 56 ,11,2,１, 外,芝1400,良,,(美),小島茂之,1215,-0.0,,10,10,34.2,458,-2,
,2018.10.27,京都,4京8,1600万,古都Ｓ1600,3,3,アドマイヤエイカン,牡,5,ルメール, 57 ,8,1,１, 外,芝2400,良,,(栗),須貝尚介,2290,-0.0,2,2,2,34.8,506,0,
,2018.10.27,京都,4京8,ｵｰﾌﾟﾝ,萩Ｓ,1,1,サートゥルナーリア,牡,2,Ｍ．デム, 55 ,8,1,１, 外,芝1800,良,*,(栗),中竹和也,1496,-0.3,,3,4,35.1,488,0,
,2018.10.27,京都,4京8,1000万,1000万下,3,6,ニホンピロタイド,牡,3,酒井学, 55 ,16,2,１, ,ダ1400,良,,(栗),大橋勇樹,1246,-0.3,,2,2,36.1,498,+6,
,2018.10.27,京都,4京8,500万,500万下,6,12,インスピレーション,牡,3,太宰啓介, 55 ,18,13,１, 外,芝1600,良,,(栗),昆貢,1348,-0.0,,13,14,34.5,480,+10,
,2018.10.27,京都,4京8,500万,500万下,8,11,メイショウテムズ,牡,4,幸英明, 57 ,12,2,１, ,ダ1900,稍,,(栗),庄野靖志,1586,-0.5,5,3,3,37.0,496,-4,
,2018.10.27,京都,4京8,新馬,新馬,2,2,アックアアルタ,牝,2,ルメール, 54 ,9,1,１, 内,芝2000,稍,,(栗),清水久詞,2051,-0.2,7,7,6,35.1,452,,
,2018.10.27,京都,4京8,新馬,新馬,7,14,ポンペイワーム,牡,2,ルメール, 55 ,16,1,１, ,ダ1200,稍,,(栗),石坂正,1138,-0.3,,1,1,36.4,490,,
,2018.10.27,京都,4京8,未勝利,未勝利*,7,13,コルデトゥリーニ,牝,2,Ｍ．デム, 54 ,15,1,１, 内,芝1400,稍,,(栗),岡田稲男,1230,-0.3,,4,5,35.2,436,-4,
,2018.10.27,京都,4京8,未勝利,未勝利*,8,15,クレッセントムーン,牡,2,Ｍ．デム, 55 ,15,1,１, ,ダ1800,稍,,(栗),高野友和,1547,-0.3,8,6,5,38.3,478,+14,
,2018.10.27,京都,4京8,未勝利,未勝利*,2,2,メイショウショウブ,牝,2,池添謙一, 54 ,14,2,１, ,ダ1400,稍,,(栗),池添兼雄,1252,-0.4,,1,1,36.8,478,-2,
,2018.10.21,京都,4京7,1000万,大山崎特1000,4,7,デンコウケンジャ,牡,3,藤岡佑介, 55 ,16,2,１, ,ダ1200,良,,(栗),高橋亮,1119,-0.3,,15,14,35.7,492,+2,
,2018.10.21,京都,4京7,Ｇ１,菊花賞G1,6,12,フィエールマン,牡,3,ルメール, 57 ,18,7,１, 外,芝3000,良,,(美),手塚貴久,3061,-0.0,7,5,6,33.9,480,+4,
,2018.10.21,京都,4京7,1600万,桂川Ｓ1600,5,8,エスティタート,牝,5,モレイラ, 55 ,14,3,１, 内,芝1200,良,,(栗),松永幹夫,1081,-0.2,,5,5,34.0,458,+12,
,2018.10.21,京都,4京7,1000万,北野特別1000,8,8,アシュリン,牝,3,Ｍ．デム, 53 ,9,1,１, 内,芝2000,良,,(栗),松永幹夫,2002,-0.2,4,3,3,34.2,464,+4,
,2018.10.21,京都,4京7,500万,なでしこ500*,8,9,オルトグラフ,牝,2,北村宏司, 54 ,9,4,１, ,ダ1400,良,,(美),池上昌和,1250,-0.7,,5,5,37.2,490,+10,
,2018.10.21,京都,4京7,500万,500万下・牝,8,9,スペクター,牝,4,武豊, 55 ,10,1,１, ,ダ1800,良,,(栗),笹田和秀,1530,-0.5,6,3,3,37.6,506,+12,
,2018.10.21,京都,4京7,500万,500万下,7,13,バレーロ,セ,4,モレイラ, 57 ,16,3,１, ,ダ1400,良,,(栗),高野友和,1252,-0.0,,3,4,37.3,488,-4,
,2018.10.21,京都,4京7,新馬,新馬,6,9,ワールドプレミア,牡,2,武豊, 55 ,13,1,１, 外,芝1800,良,,(栗),友道康夫,1480,-0.0,,8,7,34.9,472,,
,2018.10.21,京都,4京7,新馬,新馬,8,10,ワールドウォッチ,牡,2,モレイラ, 55 ,10,1,１, 内,芝1200,良,,(栗),藤岡健一,1100,-0.0,,2,2,34.7,492,,
,2018.10.21,京都,4京7,未勝利,未勝利*,6,6,リオンリオン,牡,2,福永祐一, 55 ,9,2,１, 外,芝1800,良,,(栗),松永幹夫,1480,-0.1,,7,7,35.7,484,0,
,2018.10.21,京都,4京7,未勝利,未勝利*,8,9,ダンサーバローズ,牡,2,ルメール, 55 ,9,1,１, ,ダ1800,良,,(栗),矢作芳人,1532,-0.6,1,1,1,38.4,532,+8,
,2018.10.21,京都,4京7,未勝利,未勝利・牝*,8,10,アーズローヴァー,牝,2,ルメール, 54 ,11,1,１, ,ダ1200,良,,(栗),松下武士,1138,-0.3,,2,2,37.4,444,-2,
,2018.10.20,京都,4京6,1000万,1000万下,4,5,エジステンツァ,牡,4,藤岡佑介, 57 ,13,5,１, ,ダ1800,良,,(美),田中博康,1525,-0.3,9,7,4,36.3,480,-4,B
,2018.10.20,京都,4京6,ｵｰﾌﾟﾝ,室町ＳＨ,5,10,オールドベイリー,牡,4,中井裕二, 54 ,16,2,１, ,ダ1200,良,,(栗),中内田充,1105,-0.2,,6,7,35.8,468,-8,
,2018.10.20,京都,4京6,1600万,トルマリ1600,6,6,ディメンシオン,牝,4,浜中俊, 55 ,9,1,１, 外,芝1800,良,*,(栗),藤原英昭,1464,-0.3,,5,5,35.1,458,+10,
,2018.10.20,京都,4京6,1000万,壬生特Ｈ1000,5,10,ニシノキントウン,牡,3,池添謙一, 53 ,18,9,１, 内,芝1200,良,*,(栗),北出成人,1093,-0.1,,14,15,34.3,454,+4,
,2018.10.20,京都,4京6,500万,500万下,6,6,プティットクルール,牝,4,田中健, 55 ,11,6,１, 外,芝2200,良,,(栗),宮徹,2148,-0.1,3,3,3,35.3,444,-2,
,2018.10.20,京都,4京6,500万,500万下,6,6,ワンダーウマス,牡,4,岩田康誠, 57 ,8,1,１, ,ダ1800,良,,(栗),高柳大輔,1527,-0.0,4,4,5,38.0,490,+2,
,2018.10.20,京都,4京6,新馬,新馬,6,6,グルーヴィット,牡,2,岩田康誠, 55 ,11,1,１, ,ダ1400,良,*,(栗),松永幹夫,1262,-0.9,,4,3,38.0,492,,
,2018.10.20,京都,4京6,新馬,新馬・牝,8,17,キセキノカガヤキ,牝,2,加藤祥太,53☆,18,15,１, 内,芝1400,良,,(栗),小崎憲,1227,-0.0,,8,8,35.1,428,,
,2018.10.20,京都,4京6,新馬,新馬,7,8,ゴルトマイスター,牡,2,三浦皇成, 55 ,11,1,１, ,ダ1800,良,,(美),手塚貴久,1540,-0.6,2,2,2,37.7,562,,
,2018.10.20,京都,4京6,未勝利,未勝利*,5,5,ブラヴァス,牡,2,岩田康誠, 55 ,8,1,１, 内,芝2000,良,,(栗),友道康夫,2023,-0.2,2,2,2,37.7,476,+12,
,2018.10.20,京都,4京6,未勝利,未勝利*,7,8,タマモメイトウ,牡,2,藤岡佑介, 55 ,10,2,１, 内,芝1200,良,,(栗),藤岡健一,1103,-0.0,,2,2,35.9,466,-2,
,2018.10.20,京都,4京6,未勝利,未勝利*,4,4,ニューモニュメント,牡,2,松山弘平, 55 ,11,6,１, ,ダ1400,良,,(栗),小崎憲,1260,-0.0,,8,6,37.5,480,+6,
,2018.10.14,京都,4京5,1600万,藤森Ｓ1600,7,12,コパノキッキング,セ,3,戸崎圭太, 55 ,15,1,１, ,ダ1200,良,,(栗),村山明,1114,-0.0,,13,13,34.5,474,+8,
,2018.10.14,京都,4京5,Ｇ１,秋華賞G1,6,11,アーモンドアイ,牝,3,ルメール, 55 ,18,1,１, 内,芝2000,良,,(美),国枝栄,1585,-0.2,11,11,12,33.6,480,+14,
,2018.10.14,京都,4京5,1000万,三年坂Ｈ1000,5,5,サンラモンバレー,牡,3,Ｍ．デム, 54 ,8,2,１, 外,芝1600,良,,(栗),池江泰寿,1358,-0.1,,2,2,33.5,478,-6,
,2018.10.14,京都,4京5,500万,紫菊賞500*,3,3,アドマイヤジャスタ,牡,2,ルメール, 55 ,7,1,１, 内,芝2000,良,,(栗),須貝尚介,2008,-0.2,5,3,3,35.6,500,-6,
,2018.10.14,京都,4京5,1000万,1000万下,4,4,インティ,牡,4,武豊, 57 ,13,1,１, ,ダ1800,良,,(栗),野中賢二,1501,-1.6,1,1,1,36.8,520,+4,
,2018.10.14,京都,4京5,1000万,1000万下,1,1,サラス,牝,3,松若風馬, 52 ,8,3,１, 外,芝2200,良,,(栗),西村真幸,2151,-0.0,4,4,5,33.9,522,+18,
,2018.10.14,京都,4京5,500万,500万下,8,14,ヌーディーカラー,牡,3,ルメール, 55 ,15,1,１, ,ダ1400,良,,(栗),宮本博,1243,-0.1,,10,7,36.3,460,+2,
,2018.10.14,京都,4京5,新馬,新馬,4,4,サトノウィザード,牡,2,ルメール, 55 ,8,2,１, 内,芝2000,良,,(栗),松田国英,2036,-0.2,6,7,4,33.3,482,,
,2018.10.14,京都,4京5,500万,500万下,6,6,ディキディキ,牡,3,ルメール, 55 ,8,1,１, ,ダ1800,良,,(栗),松田国英,1521,-0.6,2,2,1,37.0,526,+4,
,2018.10.14,京都,4京5,新馬,新馬,6,6,ヴァイトブリック,牡,2,藤岡佑介, 55 ,8,2,１, ,ダ1800,良,,(美),和田正一,1544,-1.8,7,4,4,38.3,486,,
,2018.10.14,京都,4京5,未勝利,未勝利*,6,7,ダノンシティ,牡,2,武豊, 55 ,11,5,１, 内,芝1600,良,,(栗),橋口慎介,1349,-0.3,,5,5,34.4,450,+6,
,2018.10.14,京都,4京5,未勝利,未勝利*,5,5,ハクサンウェーブ,牡,2,幸英明, 55 ,10,1,１, ,ダ1200,良,,(栗),飯田雄三,1139,-0.3,,1,1,37.4,454,-2,
,2018.10.13,京都,4京4,1000万,1000万下,2,3,セネッティ,牡,5,松山弘平, 57 ,16,7,１, ,ダ1400,良,,(栗),音無秀孝,1239,-0.2,,11,10,36.5,498,+2,
,2018.10.13,京都,4京4,1600万,大原ＳＨ1600,6,6,タニノフランケル,牡,3,武豊, 53 ,11,1,１, 内,芝2000,良,,(栗),中竹和也,2011,-0.0,2,2,2,34.7,518,+4,
,2018.10.13,京都,4京4,1000万,堀川特別1000,8,9,ヤマニンエルフィン,牝,7,松若風馬, 55 ,10,6,１, 外,芝1800,良,,(栗),松下武士,1464,-0.0,,4,4,34.5,510,+6,
,2018.10.13,京都,4京4,ｵｰﾌﾟﾝ,もみじＳ,2,2,ニホンピロヘンソン,牡,2,浜中俊, 55 ,7,2,１, 外,芝1400,良,,(栗),安達昭夫,1242,-0.3,,1,1,34.2,468,+2,
,2018.10.13,京都,4京4,500万,500万下,5,5,クリノピョートル,牡,4,藤岡康太, 57 ,12,5,１, ,ダ1800,良,,(栗),作田誠二,1525,-0.9,9,11,8,37.1,506,+6,
,2018.10.13,京都,4京4,500万,500万下,4,4,エアアルマス,牡,3,松山弘平, 55 ,13,1,１, 外,芝1600,良,,(栗),池添学,1347,-0.2,,9,8,33.8,480,0,
,2018.10.13,京都,4京4,500万,500万下,5,9,ジュエアトゥー,セ,4,三津谷隼,54▲,16,3,１, ,ダ1200,良,,(栗),山内研二,1120,-0.4,,3,2,36.4,508,+2,
,2018.10.13,京都,4京4,新馬,新馬,3,5,ウルクラフト,牝,2,松山弘平, 54 ,17,2,１, 内,芝1600,良,,(栗),吉村圭司,1343,-0.3,,6,3,35.6,412,,
,2018.10.13,京都,4京4,新馬,新馬,4,6,ザイツィンガー,牡,2,藤岡康太, 55 ,15,3,１, ,ダ1200,良,,(栗),牧田和弥,1140,-0.4,,6,4,36.9,428,,
,2018.10.13,京都,4京4,未勝利,未勝利*,7,7,オールイズウェル,牡,2,藤岡佑介, 55 ,8,1,１, 外,芝1800,良,,(栗),佐々木晶,1492,-0.3,,4,4,35.2,490,-2,
,2018.10.13,京都,4京4,未勝利,未勝利*,3,3,デターミネーション,牡,2,川田将雅, 55 ,11,1,１, ,ダ1400,良,,(栗),小崎憲,1253,-1.1,,1,1,37.8,468,+8,
,2018.10.13,京都,4京4,未勝利,未勝利*,8,10,トイガー,牡,2,藤岡佑介, 55 ,10,2,１, ,ダ1800,良,,(栗),村山明,1559,-0.4,4,6,2,39.6,530,+8,
,"2018.10. 8",京都,4京3,500万,500万下,5,6,ユメノトビラ,牝,4,モレイラ, 55 ,13,1,１, ,ダ1400,良,,(栗),橋口慎介,1243,-0.9,,2,2,36.4,478,+22,
,"2018.10. 8",京都,4京3,Ｇ２,京都大賞G2,2,2,サトノダイヤモンド,牡,5,川田将雅, 57 ,11,2,１, 外,芝2400,良,,(栗),池江泰寿,2254,-0.1,6,7,4,34.1,512,+4,
,"2018.10. 8",京都,4京3,1600万,長岡京Ｈ1600,4,4,ソーグリッタリング,牡,4,モレイラ, 56 ,8,1,１, 外,芝1600,良,,(栗),池江泰寿,1341,-0.2,,5,5,33.8,480,+10,
,"2018.10. 8",京都,4京3,1000万,円山特別1000,3,4,タテヤマ,牡,4,松山弘平, 57 ,15,2,１, ,ダ1200,良,,(栗),渡辺薫彦,1113,-0.1,,2,2,36.4,468,+6,
,"2018.10. 8",京都,4京3,500万,500万下・牝,4,6,ロイヤルクルーズ,牝,5,和田竜二, 55 ,14,12,１, ,ダ1800,良,,(栗),坂口正則,1532,-0.0,3,2,2,38.1,468,+2,
,"2018.10. 8",京都,4京3,500万,500万下,5,7,スマートアルタイル,牡,3,川田将雅, 55 ,14,2,１, ,ダ1200,良,,(栗),小崎憲,1124,-0.2,,6,4,36.1,464,0,
,"2018.10. 8",京都,4京3,500万,500万下,7,7,マグナレガーロ,牡,3,モレイラ, 55 ,10,1,１, ,ダ1900,良,,(栗),中竹和也,1581,-0.1,3,3,2,37.6,472,-4,
,"2018.10. 8",京都,4京3,新馬,新馬,1,1,クリノガウディー,牡,2,森裕太朗,53△,12,6,１, 外,芝1800,良,,(栗),藤沢則雄,1500,-0.2,,5,5,34.2,492,,
,"2018.10. 8",京都,4京3,未勝利,障害未勝利,2,2,メイショウヒカル,牡,4,森一馬, 60 ,11,3,１, ,ダ2910,良,,(栗),松永昌博,3164,-0.2,1,1,1,13.5,472,+4,
,"2018.10. 8",京都,4京3,新馬,新馬,6,12,レッドベレーザ,牝,2,福永祐一, 54 ,18,2,１, 内,芝1400,良,,(栗),石坂正,1226,-0.2,,7,5,34.5,422,,
,"2018.10. 8",京都,4京3,未勝利,未勝利*,6,6,ホッコーシェルビー,牡,2,幸英明, 55 ,11,7,１, 内,芝1200,良,,(栗),西浦勝一,1107,-0.1,,1,1,34.8,496,+8,
,"2018.10. 8",京都,4京3,未勝利,未勝利*,3,4,セロシア,牡,2,幸英明, 55 ,14,5,１, ,ダ1800,良,,(栗),渡辺薫彦,1548,-0.3,7,7,6,38.3,450,-2,
,"2018.10. 7",京都,4京2,1000万,1000万下,8,14,ビッグアイランド,牡,4,高倉稜, 57 ,14,1,１, ,ダ1900,良,,(栗),渡辺薫彦,1581,-0.5,2,3,3,37.7,516,-2,
,"2018.10. 7",京都,4京2,ｵｰﾌﾟﾝ,オパールＨ,5,9,アンヴァル,牝,3,酒井学, 50 ,18,8,１, 内,芝1200,良,,(栗),藤岡健一,1082,-0.3,,6,5,34.2,456,-2,
,"2018.10. 7",京都,4京2,1000万,清滝特別1000,8,8,アグネスフォルテ,牡,5,浜中俊, 57 ,8,4,１, 外,芝1800,良,,(栗),牧田和弥,1475,-0.2,,4,3,34.3,446,-2,
,"2018.10. 7",京都,4京2,500万,りんどう500*,3,3,プールヴィル,牝,2,浜中俊, 54 ,10,4,１, 外,芝1400,良,,(栗),庄野靖志,1227,-0.2,,4,3,34.8,416,-2,
,"2018.10. 7",京都,4京2,500万,500万下,6,6,スワーヴアラミス,牡,3,松田大作, 55 ,11,1,１, ,ダ1800,稍,,(栗),須貝尚介,1521,-0.3,2,2,1,37.4,464,-6,
,"2018.10. 7",京都,4京2,500万,500万下,1,1,クリノキング,セ,4,酒井学, 57 ,16,4,１, ,ダ1400,稍,,(栗),湯窪幸雄,1247,-0.0,,10,10,36.9,470,+6,B
,"2018.10. 7",京都,4京2,500万,500万下・牝,7,14,サンマルペンダント,牝,4,岡田祥嗣, 55 ,16,11,１, ,ダ1200,稍,,(栗),千田輝彦,1120,-0.2,,8,7,36.3,444,-2,
,"2018.10. 7",京都,4京2,新馬,新馬,3,3,エングレーバー,牡,2,浜中俊, 55 ,10,1,１, 内,芝2000,良,,(栗),中内田充,2057,-0.0,6,4,4,34.9,450,,
,"2018.10. 7",京都,4京2,ｵｰﾌﾟﾝ,障害・オープ,1,1,ミヤジタイガ,牡,8,小坂忠士, 62 ,7,4,１, ,ダ3170,良,,(栗),武幸四郎,3365,-0.8,1,1,1,13.7,508,+10,
,"2018.10. 7",京都,4京2,未勝利,未勝利*,4,4,フラル,牝,2,和田竜二, 54 ,8,2,１, 内,芝2000,良,,(栗),北出成人,2036,-0.7,2,3,3,35.3,456,-2,
,"2018.10. 7",京都,4京2,未勝利,未勝利・牝*,5,7,ノーブルスコア,牝,2,北村友一, 54 ,14,1,１, 内,芝1600,良,,(栗),藤原英昭,1356,-0.1,,5,5,35.4,424,-8,
,"2018.10. 7",京都,4京2,未勝利,未勝利*,7,7,ヨハン,牡,2,古川吉洋, 55 ,9,7,１, ,ダ1400,稍,,(栗),高橋康之,1256,-0.1,,3,3,38.2,418,+4,
,"2018.10. 6",京都,4京1,500万,500万下,3,5,デンコウケンジャ,牡,3,藤岡佑介, 55 ,15,4,１, ,ダ1200,稍,,(栗),高橋亮,1112,-0.3,,2,2,35.3,490,-2,
,"2018.10. 6",京都,4京1,1600万,平城京Ｓ1600,4,4,アイアンテーラー,牝,4,浜中俊, 55 ,13,4,１, ,ダ1800,稍,,(栗),飯田雄三,1504,-0.0,1,1,1,36.8,474,-4,
,"2018.10. 6",京都,4京1,1000万,久多特別1000,6,7,カイザーバル,牝,5,四位洋文, 55 ,11,5,１, 外,芝1400,稍,*,(栗),中竹和也,1216,-0.1,,8,7,33.5,490,0,
,"2018.10. 6",京都,4京1,1000万,北國新聞1000,6,8,テイエムジョウネツ,牝,6,古川吉洋, 55 ,13,9,１, ,ダ1800,稍,,(栗),木原一良,1525,-0.1,10,11,5,36.4,468,-2,
,"2018.10. 6",京都,4京1,500万,500万下,7,9,エーティーラッセン,牡,4,四位洋文, 57 ,12,4,１, 内,芝2000,稍,,(栗),木原一良,2015,-0.2,2,2,2,35.4,498,-2,
,"2018.10. 6",京都,4京1,500万,500万下・牝,3,3,メリッサーニ,牝,3,岩田康誠, 53 ,14,3,１, ,ダ1400,稍,,(栗),笹田和秀,1242,-0.1,,7,6,36.7,502,+8,
,"2018.10. 6",京都,4京1,500万,500万下,4,4,エイコーン,牡,3,浜中俊, 55 ,11,1,１, ,ダ1800,稍,,(栗),吉田直弘,1515,-0.8,7,1,1,37.2,462,+10,
,"2018.10. 6",京都,4京1,新馬,新馬・牝,5,6,ランブリングアレー,牝,2,浜中俊, 54 ,13,3,１, 内,芝1600,良,,(栗),友道康夫,1373,-0.0,,5,6,33.9,458,,
,"2018.10. 6",京都,4京1,新馬,新馬,1,2,スマートモリガン,牝,2,岩田康誠, 54 ,16,5,１, ,ダ1400,稍,,(栗),寺島良,1262,-0.0,,4,5,38.3,466,,
,"2018.10. 6",京都,4京1,未勝利,未勝利*,4,4,クオンタムシフト,牡,2,藤岡佑介, 55 ,8,3,１, 外,芝1800,良,,(栗),牧田和弥,1497,-0.2,,1,1,34.7,492,-2,
,"2018.10. 6",京都,4京1,未勝利,未勝利*,8,9,メイショウオニテ,牡,2,秋山真一, 55 ,10,4,１, 内,芝1400,良,,(栗),石橋守,1223,-0.1,,5,5,35.6,456,-4,
,"2018.10. 6",京都,4京1,未勝利,未勝利*,7,11,スマートセラヴィー,牡,2,岩田康誠, 55 ,13,1,１, ,ダ1200,良,,(栗),矢作芳人,1130,-1.2,,1,1,37.2,516,0,
,"2018. 5.27",京都,3京C,1000万,御池特Ｈ1000,3,6,ゲンキチハヤブサ,セ,6,和田竜二, 54 ,16,2,１, 内,芝1200,良,,(栗),川村禎彦,1082,-0.0,,4,3,33.8,474,+6,
,"2018. 5.27",京都,3京C,ｵｰﾌﾟﾝ,白百合Ｓ,6,6,メイショウテッコン,牡,3,松山弘平, 56 ,10,3,１, 外,芝1800,良,,(栗),高橋義忠,1459,-0.5,,1,1,34.6,488,-6,B
,"2018. 5.27",京都,3京C,ｵｰﾌﾟﾝ,安土城ＳＨ,1,2,ダイメイフジ,牡,4,酒井学, 55 ,17,3,１, 外,芝1400,良,,(栗),森田直行,1207,-0.0,,10,10,33.0,512,0,
,"2018. 5.27",京都,3京C,1600万,東大路Ｓ1600,7,13,フォンターナリーリ,牝,5,坂井瑠星, 55 ,16,1,１, ,ダ1800,良,,(栗),中内田充,1511,-0.2,6,3,1,37.6,492,+2,
,"2018. 5.27",京都,3京C,1000万,1000万下,8,8,サイモンラムセス,牡,8,小牧太, 57 ,8,7,１, 内,芝2000,良,,(栗),梅田智之,1587,-0.7,1,1,1,34.9,460,+6,B
,"2018. 5.27",京都,3京C,500万,500万下,4,8,タガノリアン,牝,4,鮫島良太, 55 ,16,6,１, ,ダ1400,良,,(栗),川村禎彦,1253,-0.1,,13,9,36.4,470,+8,
,"2018. 5.27",京都,3京C,500万,500万下,1,2,ジャストコーズ,セ,5,和田竜二, 57 ,16,5,１, ,ダ1800,良,*,(栗),岡田稲男,1527,-0.1,13,13,10,37.3,500,0,B
,"2018. 5.27",京都,3京C,500万,500万下*,8,15,ダイアトニック,牡,3,北村友一, 56 ,16,1,１, 外,芝1400,良,,(栗),安田隆行,1214,-0.5,,2,2,34.7,468,0,
,"2018. 5.27",京都,3京C,未勝利,障害未勝利,7,12,スズカグランデ,セ,7,白浜雄造, 60 ,14,1,１, ,ダ2910,良,,(栗),寺島良,3177,-0.2,3,2,3,13.6,444,+4,
,"2018. 5.27",京都,3京C,未勝利,未勝利,3,5,ニッポンテイオー,牡,3,和田竜二, 56 ,16,6,１, 外,芝2400,良,,(栗),大久保龍,2263,-0.2,8,6,6,35.5,458,0,
,"2018. 5.27",京都,3京C,未勝利,未勝利,6,12,メイショウカクウン,牡,3,幸英明, 56 ,16,5,１, ,ダ1800,良,*,(栗),石橋守,1553,-0.3,8,5,4,38.5,448,-2,
,"2018. 5.27",京都,3京C,未勝利,未勝利,8,15,スマートギャツビー,牡,3,和田竜二, 56 ,16,4,１, ,ダ1200,良,,(栗),寺島良,1139,-0.0,,5,4,37.7,480,+4,
,"2018. 5.26",京都,3京B,1000万,1000万下,7,13,ヒップホップスワン,牝,4,川又賢治,52▲,16,8,１, ,ダ1200,良,,(栗),石坂正,1118,-0.2,,3,3,36.4,502,+4,
,"2018. 5.26",京都,3京B,重賞,葵Ｓ･重,2,3,ゴールドクイーン,牝,3,古川吉洋, 54 ,16,9,１, 内,芝1200,良,*,(栗),坂口正則,1080,-0.2,,1,1,34.1,454,+4,
,"2018. 5.26",京都,3京B,1600万,朱雀Ｓ1600,3,3,オールポッシブル,牝,4,松山弘平, 55 ,14,6,１, 外,芝1400,良,,(栗),高橋亮,1215,-0.0,,1,1,34.0,490,-7,
,"2018. 5.26",京都,3京B,1000万,與杼特別1000,2,4,ダノンレーザー,牡,5,川田将雅, 57 ,16,1,１, ,ダ1800,良,,(栗),中内田充,1520,-0.1,1,1,1,36.1,518,-4,
,"2018. 5.26",京都,3京B,500万,500万下,5,7,シャドウブリランテ,牡,4,ルメール, 57 ,14,1,１, 外,芝2200,良,,(栗),藤岡健一,2132,-0.1,6,8,8,35.1,484,-6,
,"2018. 5.26",京都,3京B,500万,500万下*,6,8,キボウノダイチ,牡,3,川又賢治,53▲,12,7,１, 内,芝2000,良,,(栗),松元茂樹,2005,-0.2,1,1,1,34.4,500,+4,
,"2018. 5.26",京都,3京B,500万,500万下*,2,4,デルマカルヴァドス,牡,3,鮫島克駿, 56 ,16,7,１, ,ダ1800,良,,(美),和田正一,1536,-0.1,6,6,4,38.0,488,+8,
,"2018. 5.26",京都,3京B,未勝利,未勝利,4,8,キングフォルテ,牡,3,北村友一, 56 ,16,1,１, 内,芝2000,良,,(栗),加用正,2008,-0.2,3,3,2,35.3,512,-6,
,"2018. 5.26",京都,3京B,未勝利,未勝利,3,5,メイショウタオヤカ,牝,3,蛯名正義, 54 ,18,1,１, 内,芝1600,良,,(栗),荒川義之,1350,-0.0,,1,1,36.4,488,-4,
,"2018. 5.26",京都,3京B,未勝利,未勝利,4,7,ミトノブラック,牡,3,松山弘平, 56 ,16,1,１, ,ダ1900,良,,(栗),崎山博樹,2009,-0.8,1,1,1,38.0,458,-2,
,"2018. 5.26",京都,3京B,未勝利,未勝利,7,14,キンショーヘニー,牡,3,Ｍ．デム, 56 ,16,1,１, ,ダ1400,良,*,(栗),中村均,1255,-0.1,,5,5,37.0,492,+6,
,"2018. 5.26",京都,3京B,未勝利,未勝利・牝,2,3,シャンテューズ,牝,3,小崎綾也,53☆,16,2,１, ,ダ1800,良,,(栗),梅田智之,1565,-0.0,10,10,11,38.3,444,+6,
,"2018. 5.20",京都,3京A,1000万,1000万下,6,11,ヘヴントゥナイト,牡,4,浜中俊, 57 ,15,1,１, ,ダ1800,良,,(栗),杉山晴紀,1510,-0.9,8,7,6,37.2,478,0,
,"2018. 5.20",京都,3京A,1600万,下鴨ＳＨ1600,1,1,マウントゴールド,牡,5,浜中俊, 56 ,16,2,１, 内,芝2000,良,,(栗),池江泰寿,1588,-0.0,5,4,3,34.9,442,0,
,"2018. 5.20",京都,3京A,ｵｰﾌﾟﾝ,鳳雛Ｓ,3,3,ハーベストムーン,牡,3,鮫島克駿, 56 ,9,3,１, ,ダ1800,良,,(栗),浅見秀一,1534,-0.0,1,1,1,36.2,510,-2,
,"2018. 5.20",京都,3京A,1000万,御室特別1000,5,5,アルメリアブルーム,牝,4,浜中俊, 55 ,8,2,１, 内,芝2000,良,,(栗),高橋康之,2003,-0.4,4,4,3,35.3,422,-2,
,"2018. 5.20",京都,3京A,500万,500万下,7,13,スペシャルホース,牡,4,幸英明, 57 ,16,3,１, ,ダ1200,良,,(栗),西橋豊治,1116,-0.3,,14,11,35.7,516,0,B
,"2018. 5.20",京都,3京A,500万,500万下,6,7,ウインシャトレーヌ,牝,4,池添謙一, 55 ,11,1,１, 外,芝1800,良,,(栗),大久保龍,1474,-0.0,,3,3,34.8,494,0,
,"2018. 5.20",京都,3京A,500万,500万下*,1,1,ラセット,牡,3,藤岡佑介, 56 ,12,1,１, 内,芝1600,良,,(栗),庄野靖志,1338,-0.1,,5,4,35.5,474,0,
,"2018. 5.20",京都,3京A,500万,500万下*,5,9,オノリス,牡,3,幸英明, 56 ,16,2,１, ,ダ1800,良,,(栗),吉田直弘,1528,-0.1,12,9,7,38.1,490,-2,
,"2018. 5.20",京都,3京A,未勝利,未勝利,6,11,ラルムドランジュ,牝,3,藤岡佑介, 54 ,18,1,１, 内,芝1400,良,,(栗),高野友和,1219,-0.0,,1,1,35.7,410,0,
,"2018. 5.20",京都,3京A,未勝利,未勝利,8,18,サトノガーネット,牝,3,坂井瑠星,53☆,18,2,１, 外,芝1800,良,,(栗),矢作芳人,1493,-0.1,,10,12,35.0,424,-4,
,"2018. 5.20",京都,3京A,未勝利,未勝利・牝,5,7,ボードウォーク,牝,3,坂井瑠星,53☆,14,2,１, ,ダ1800,良,,(栗),矢作芳人,1540,-0.3,2,2,1,38.7,456,+12,B
,"2018. 5.20",京都,3京A,未勝利,未勝利,7,14,キタサンデイジー,牝,3,西村淳也,51▲,16,6,１, ,ダ1400,良,,(栗),梅田智之,1252,-0.1,,1,1,37.6,462,+14,
,"2018. 5.19",京都,3京9,1000万,オースト1000,8,12,バティスティーニ,牡,5,ルメール, 57 ,13,2,１, 外,芝1800,良,,(栗),池添学,1474,-0.1,,5,5,35.3,494,-2,
,"2018. 5.19",京都,3京9,Ｇ３,平安ＳG3,5,9,サンライズソア,牡,4,Ｍ．デム, 57 ,16,7,１, ,ダ1900,稍,,(栗),河内洋,1573,-0.2,1,1,1,37.0,506,+4,
,"2018. 5.19",京都,3京9,1600万,シドニー1600,4,7,メイショウワダイコ,牡,6,池添謙一, 57 ,15,7,１, ,ダ1200,稍,,(栗),池添兼雄,1109,-0.0,,3,2,36.3,540,0,
,"2018. 5.19",京都,3京9,500万,メルボル500*,3,3,ドレーク,牡,3,藤岡康太, 56 ,10,2,１, 外,芝2200,良,,(栗),藤岡健一,2147,-0.2,5,4,3,36.3,472,+8,
,"2018. 5.19",京都,3京9,500万,500万下,3,5,キラーコンテンツ,牡,4,川田将雅, 57 ,18,2,１, 外,芝1400,良,,(栗),藤原英昭,1226,-0.0,,4,4,35.1,486,-6,
,"2018. 5.19",京都,3京9,500万,500万下・牝,5,5,ザクイーン,牝,4,川田将雅, 55 ,10,2,１, ,ダ1800,稍,,(栗),角居勝彦,1531,-0.0,2,2,2,38.1,484,-2,
,"2018. 5.19",京都,3京9,500万,500万下*,2,3,ソウルセイバー,牡,3,大野拓弥, 56 ,16,12,１, ,ダ1400,稍,,(栗),中竹和也,1251,-0.0,,9,7,37.3,528,+2,
,"2018. 5.19",京都,3京9,未勝利,未勝利,7,13,ウインルチル,牝,3,ルメール, 54 ,16,2,１, 内,芝2000,稍,,(栗),奥村豊,2028,-0.2,13,11,11,35.6,432,-2,
,"2018. 5.19",京都,3京9,未勝利,未勝利,3,5,ブルベアトリュフ,牡,3,福永祐一, 56 ,18,2,１, 内,芝1600,稍,,(栗),千田輝彦,1360,-0.3,,4,3,35.2,454,0,
,"2018. 5.19",京都,3京9,未勝利,未勝利・牝,2,3,アイネバーフェイル,牝,3,藤岡佑介, 54 ,18,4,１, 外,芝1800,稍,,(栗),中内田充,1488,-0.2,,1,1,36.2,450,+6,
,"2018. 5.19",京都,3京9,未勝利,未勝利,6,12,クロンヌデトワール,牝,3,坂井瑠星,53☆,16,2,１, ,ダ1200,稍,*,(栗),今野貞一,1129,-0.4,,1,1,36.9,446,+2,
,"2018. 5.19",京都,3京9,未勝利,未勝利,2,4,ヨキニハカラエ,牡,3,Ｍ．デム, 56 ,16,1,１, ,ダ1800,稍,,(栗),森田直行,1536,-0.0,2,2,2,39.4,500,-2,
,"2018. 5.13",京都,3京8,1000万,1000万下,2,2,クラウンルシフェル,牡,7,酒井学, 57 ,14,9,１, 内,芝1200,不,,(美),天間昭一,1122,-0.3,,1,1,36.8,486,+4,B
,"2018. 5.13",京都,3京8,ｵｰﾌﾟﾝ,栗東ＳＨ,3,6,ウインムート,牡,5,松山弘平, 56 ,16,3,１, ,ダ1400,不,,(栗),加用正,1227,-0.0,,2,2,35.8,504,-2,
,"2018. 5.13",京都,3京8,1600万,錦ＳＨ1600,7,8,ワンダープチュック,牡,4,和田翼, 54 ,10,5,１, 外,芝1600,不,,(栗),河内洋,1383,-0.0,,5,5,37.3,502,+4,
,"2018. 5.13",京都,3京8,1000万,白川特別1000,7,8,グローブシアター,牡,4,浜中俊, 57 ,10,3,１, 外,芝2400,不,,(栗),角居勝彦,2369,-0.5,1,1,1,37.0,444,+8,
,"2018. 5.13",京都,3京8,500万,500万下,7,11,マイネルブロッケン,牡,4,国分恭介, 57 ,14,1,１, ,ダ1800,不,,(栗),五十嵐忠,1514,-0.8,5,3,2,37.0,432,+2,B
,"2018. 5.13",京都,3京8,500万,500万下,4,8,メイショウヴォルガ,牡,4,加藤祥太,56☆,16,4,１, ,ダ1400,不,,(栗),本田優,1242,-0.3,,1,1,36.9,498,+18,
,"2018. 5.13",京都,3京8,500万,500万下・牝*,7,7,サウンドキアラ,牝,3,松山弘平, 54 ,9,2,１, 内,芝1600,重,,(栗),安達昭夫,1372,-0.4,,5,5,35.1,440,+8,
,"2018. 5.13",京都,3京8,500万,500万下*,1,1,ベストマイウェイ,牡,3,荻野極,55☆,10,7,１, ,ダ1800,重,,(栗),石坂正,1513,-0.2,8,9,5,36.4,526,-6,B
,"2018. 5.13",京都,3京8,未勝利,未勝利,2,4,ブルービューティ,牝,3,荻野琢真, 54 ,18,5,１, 外,芝1800,稍,,(栗),寺島良,1507,-0.4,,1,1,36.6,466,+14,
,"2018. 5.13",京都,3京8,未勝利,未勝利・牝,8,17,メジェールスー,牝,3,岡田祥嗣, 54 ,18,2,１, 内,芝1400,稍,,(栗),藤原英昭,1233,-0.1,,2,2,34.9,456,+6,
,"2018. 5.13",京都,3京8,未勝利,未勝利,5,9,ショウナンマリブ,牡,3,酒井学, 56 ,15,5,１, ,ダ1800,良,*,(栗),松下武士,1546,-0.1,3,3,2,38.8,472,+8,
,"2018. 5.13",京都,3京8,未勝利,未勝利,3,4,メイショウバルコラ,牡,3,古川吉洋, 56 ,15,3,１, ,ダ1200,良,,(栗),藤沢則雄,1136,-0.2,,10,7,37.3,502,0,
,"2018. 5.12",京都,3京7,1000万,1000万下,4,7,エメラルエナジー,牡,6,藤岡康太, 57 ,15,10,１, ,ダ1400,良,,(美),相沢郁,1247,-0.0,,6,4,37.3,498,-4,B
,"2018. 5.12",京都,3京7,ｵｰﾌﾟﾝ,都大路Ｓ,2,2,サンマルティン,セ,6,池添謙一, 57 ,14,5,１, 外,芝1800,良,,(美),国枝栄,1446,-0.3,,13,12,33.3,502,+4,
,"2018. 5.12",京都,3京7,1000万,蹴上特別1000,4,4,タマモアタック,牡,6,藤岡佑介, 57 ,11,6,１, ,ダ1900,良,,(栗),武英智,1590,-0.1,2,2,2,37.4,488,+6,
,"2018. 5.12",京都,3京7,500万,あやめ賞500*,7,8,ニシノキントウン,牡,3,幸英明, 56 ,10,2,１, 内,芝1200,良,,(栗),北出成人,1087,-0.0,,4,3,33.6,450,-2,
,"2018. 5.12",京都,3京7,ＪＧ２,京都ハイJG2,3,3,アスターサムソン,セ,5,林満明, 60 ,8,2,１, ,芝3930,良,*,(栗),中竹和也,4338,-0.9,1,1,1,13.9,492,-2,
,"2018. 5.12",京都,3京7,500万,500万下,2,2,ルタンデュボヌール,牡,4,藤岡康太, 57 ,13,3,１, 外,芝1600,良,,(栗),友道康夫,1350,-0.5,,1,1,33.6,482,-2,B
,"2018. 5.12",京都,3京7,500万,500万下*,4,8,ヤマニンレジスタ,牡,3,藤懸貴志, 56 ,16,7,１, ,ダ1200,良,,(栗),奥村豊,1114,-0.8,,1,1,36.0,482,-12,
,"2018. 5.12",京都,3京7,未勝利,未勝利,2,2,メイケイゴールド,牡,3,古川吉洋, 56 ,13,1,１, 外,芝2200,良,,(栗),木原一良,2147,-0.0,3,3,3,34.0,480,-2,
,"2018. 5.12",京都,3京7,未勝利,未勝利,8,16,シーサイドロマンス,牝,3,高倉稜, 54 ,16,4,１, 内,芝1200,良,,(栗),宮本博,1094,-0.0,,2,2,34.8,464,+2,
,"2018. 5.12",京都,3京7,未勝利,未勝利・牝,7,9,ミッドサマーコモン,牝,3,福永祐一, 54 ,12,1,１, 内,芝2000,良,,(栗),野中賢二,2020,-0.0,9,9,9,34.0,436,+2,
,"2018. 5.12",京都,3京7,未勝利,未勝利,6,11,エイシンネメシス,牝,3,岩田康誠, 54 ,15,1,１, ,ダ1400,良,,(栗),奥村豊,1262,-0.2,,8,7,37.8,478,+2,
,"2018. 5.12",京都,3京7,未勝利,未勝利・牝,3,3,カンパニュラ,牝,3,岩田康誠, 54 ,12,1,１, ,ダ1800,良,,(栗),羽月友彦,1552,-0.8,1,1,1,37.5,470,+4,
,"2018. 5. 6",京都,3京6,1000万,1000万下,8,11,エメラルスター,牡,4,松若風馬, 57 ,11,1,１, 外,芝1600,良,,(美),相沢郁,1351,-0.3,,4,3,33.6,454,0,
,"2018. 5. 6",京都,3京6,ｵｰﾌﾟﾝ,鞍馬Ｓ,6,11,ティーハーフ,牡,8,国分優作, 58 ,15,12,１, 内,芝1200,良,,(栗),西浦勝一,1080,-0.0,,13,11,32.7,464,+6,
,"2018. 5. 6",京都,3京6,1600万,上賀茂Ｈ1600,4,8,アンデスクイーン,牝,4,松若風馬, 52 ,16,5,１, ,ダ1800,良,,(栗),西園正都,1518,-0.1,3,5,4,36.5,484,0,
,"2018. 5. 6",京都,3京6,ｵｰﾌﾟﾝ,橘Ｓ,2,2,マドモアゼル,牝,3,酒井学, 54 ,8,3,１, 外,芝1400,良,,(美),斎藤誠,1229,-0.0,,1,1,34.0,446,+12,
,"2018. 5. 6",京都,3京6,500万,500万下・牝,6,11,シアワセデス,牝,5,富田暁,53△,16,2,１, ,ダ1400,良,,(栗),浜田多実,1252,-0.6,,5,5,36.3,490,-4,
,"2018. 5. 6",京都,3京6,500万,500万下,3,3,プリンスオブペスカ,牡,4,幸英明, 57 ,8,1,１, 外,芝2400,良,,(栗),松永昌博,2242,-0.4,7,7,6,35.2,472,+2,
,"2018. 5. 6",京都,3京6,500万,500万下*,2,2,マイネルカイノン,牡,3,国分優作, 56 ,13,6,１, ,ダ1800,良,,(栗),宮徹,1529,-0.1,6,5,5,37.4,494,+4,
,"2018. 5. 6",京都,3京6,500万,500万下・牝*,7,12,タマモカトレア,牝,3,富田暁,52△,14,1,１, ,ダ1400,良,,(栗),木原一良,1253,-0.7,,3,4,36.7,466,-6,
,"2018. 5. 6",京都,3京6,未勝利,未勝利,7,7,ダノンパーフェクト,牡,3,小崎綾也,55☆,10,7,１, 内,芝2000,良,,(栗),矢作芳人,2005,-0.4,5,5,2,34.0,488,-2,
,"2018. 5. 6",京都,3京6,未勝利,未勝利,7,12,プルンクザール,牡,3,松若風馬, 56 ,14,1,１, 外,芝1800,良,,(栗),石坂正,1476,-0.2,,10,5,35.2,454,-4,
,"2018. 5. 6",京都,3京6,未勝利,未勝利,6,12,ファントムメナス,牡,3,鮫島克駿, 56 ,16,3,１, ,ダ1200,良,,(栗),安田隆行,1138,-0.0,,2,2,37.8,502,-6,
,"2018. 5. 6",京都,3京6,未勝利,未勝利,8,11,アメイジングセンス,牡,3,鮫島克駿, 56 ,12,2,１, ,ダ1900,良,,(栗),角田晃一,2010,-0.2,4,4,4,38.5,494,0,B
,"2018. 5. 5",京都,3京5,1000万,1000万下,8,16,レッドウィズダム,牡,5,ボウマン, 57 ,16,3,１, ,ダ1800,良,,(栗),角居勝彦,1530,-0.0,11,11,7,36.2,500,+8,
,"2018. 5. 5",京都,3京5,Ｇ２,京都新聞G2,7,13,ステイフーリッシュ,牡,3,藤岡佑介, 56 ,17,7,１, 外,芝2200,良,,(栗),矢作芳人,2110,-0.3,2,2,2,34.6,454,+16,
,"2018. 5. 5",京都,3京5,1600万,パールＳ1600,3,3,サンティール,牝,4,福永祐一, 55 ,9,2,１, 外,芝1800,良,,(美),鹿戸雄一,1466,-0.1,,7,7,33.7,472,-4,
,"2018. 5. 5",京都,3京5,1000万,鴨川特Ｈ1000,3,3,ハギノアレス,牡,4,Ｍ．デム, 55 ,10,1,１, 内,芝2000,良,,(栗),鮫島一歩,2000,-0.4,8,7,7,33.8,514,-2,
,"2018. 5. 5",京都,3京5,500万,500万下,5,10,タテヤマ,牡,4,松山弘平, 57 ,16,1,１, ,ダ1200,良,,(栗),渡辺薫彦,1126,-0.0,,5,5,36.2,462,+2,
,"2018. 5. 5",京都,3京5,500万,500万下,6,11,ウォーターレスター,牡,5,Ｍ．デム, 57 ,15,4,１, ,ダ1900,良,,(栗),庄野靖志,1593,-0.1,14,10,8,37.8,532,0,
,"2018. 5. 5",京都,3京5,500万,500万下*,8,8,ジュンドリーム,牝,3,松若風馬, 54 ,8,4,１, 外,芝1400,良,,(栗),西村真幸,1225,-0.2,,3,3,33.9,476,+6,
,"2018. 5. 5",京都,3京5,未勝利,未勝利・牝,7,13,ジューンスクスク,牝,3,和田竜二, 54 ,18,6,１, 内,芝1600,良,,(栗),今野貞一,1354,-0.0,,4,4,35.2,398,-10,
,"2018. 5. 5",京都,3京5,未勝利,未勝利,3,5,ナンゴクアイネット,牝,3,Ｍ．デム, 54 ,18,1,１, 内,芝1400,良,,(栗),鮫島一歩,1218,-0.1,,5,3,34.8,454,+2,
,"2018. 5. 5",京都,3京5,未勝利,未勝利,5,10,イシュトヴァーン,牡,3,松山弘平, 56 ,16,3,１, ,ダ1400,良,,(栗),石坂正,1261,-0.9,,1,1,36.2,526,+22,
,"2018. 5. 5",京都,3京5,未勝利,未勝利,7,14,サトノグリッター,牡,3,岩田康誠, 56 ,16,3,１, ,ダ1800,良,,(栗),吉村圭司,1546,-0.1,3,2,1,38.3,490,+2,
,"2018. 5. 5",京都,3京5,未勝利,未勝利・牝,4,7,ミスティック,牝,3,国分優作, 54 ,16,1,１, ,ダ1400,良,,(栗),渡辺薫彦,1273,-0.5,,2,2,37.0,452,+2,
,"2018. 4.29",京都,3京4,1600万,高瀬川Ｓ1600,2,4,アードラー,牡,4,松若風馬, 57 ,16,8,１, ,ダ1400,良,,(栗),音無秀孝,1243,-0.3,,14,13,36.2,476,-6,
,"2018. 4.29",京都,3京4,Ｇ１,天皇賞春G1,6,12,レインボーライン,牡,5,岩田康誠, 58 ,17,2,１, 外,芝3200,良,,(栗),浅見秀一,3162,-0.0,10,11,11,35.2,452,-2,
,"2018. 4.29",京都,3京4,ｵｰﾌﾟﾝ,端午Ｓ,8,11,バイラ,牡,3,和田竜二, 56 ,12,6,１, ,ダ1400,良,,(栗),川村禎彦,1251,-0.2,,10,11,37.4,492,0,
,"2018. 4.29",京都,3京4,1000万,糺の森特1000,6,6,エマノン,牝,5,松山弘平, 55 ,10,5,１, 外,芝1800,良,,(栗),平田修,1466,-0.0,,4,2,34.7,490,-2,
,"2018. 4.29",京都,3京4,1000万,鷹ケ峰特1000,4,5,ドルチャーリオ,牡,5,池添謙一, 57 ,13,2,１, 外,芝1400,良,,(栗),池添兼雄,1208,-0.1,,5,4,34.0,450,+2,
,"2018. 4.29",京都,3京4,500万,500万下,6,8,カレンカカ,牡,4,川田将雅, 57 ,12,2,１, ,ダ1800,良,,(栗),安田隆行,1532,-0.1,2,2,2,37.3,502,+2,
,"2018. 4.29",京都,3京4,500万,500万下*,6,11,ホウショウナウ,牡,3,松山弘平, 56 ,16,6,１, ,ダ1400,良,,(栗),河内洋,1255,-0.0,,4,4,37.9,492,+2,
,"2018. 4.29",京都,3京4,500万,500万下*,8,11,フォックスクリーク,牡,3,川田将雅, 56 ,11,3,１, 外,芝1800,良,,(栗),中内田充,1468,-0.1,,2,2,35.0,478,-4,
,"2018. 4.29",京都,3京4,未勝利,未勝利,4,4,アフリカンゴールド,牡,3,松若風馬, 56 ,11,5,１, 外,芝2400,良,*,(栗),西園正都,2271,-0.0,8,9,8,33.9,460,-6,
,"2018. 4.29",京都,3京4,未勝利,未勝利,6,10,フェスタマドンナ,牝,3,川田将雅, 54 ,14,4,１, 内,芝1600,良,,(栗),千田輝彦,1341,-0.3,,2,2,34.4,494,-2,
,"2018. 4.29",京都,3京4,未勝利,未勝利,8,16,パワーアッシュ,牡,3,酒井学, 56 ,16,9,１, ,ダ1200,良,,(栗),大橋勇樹,1137,-0.3,,9,10,37.2,462,0,
,"2018. 4.29",京都,3京4,未勝利,未勝利・牝,8,12,ナムラキヌ,牝,3,川田将雅, 54 ,12,2,１, ,ダ1800,良,,(栗),高橋義忠,1556,-0.3,2,2,2,37.8,452,-6,
,"2018. 4.28",京都,3京3,1000万,1000万下,8,15,スズカコーズライン,牡,4,酒井学, 57 ,16,3,１, ,ダ1400,良,,(栗),木原一良,1244,-0.2,,2,2,36.8,490,-4,
,"2018. 4.28",京都,3京3,ｵｰﾌﾟﾝ,天王山Ｓ,3,3,テーオーヘリオス,牡,6,浜中俊, 56 ,10,5,１, ,ダ1200,良,*,(栗),梅田智之,1108,-0.1,,3,2,34.9,516,+6,
,"2018. 4.28",京都,3京3,1600万,烏丸ＳＨ1600,6,8,ポポカテペトル,牡,4,川田将雅, 57 ,12,1,１, 外,芝2400,良,,(栗),友道康夫,2256,-0.2,7,1,2,34.6,484,+6,
,"2018. 4.28",京都,3京3,500万,矢車賞500*,4,4,トーホウアルテミス,牝,3,松若風馬, 54 ,12,8,１, 外,芝2200,良,,(栗),谷潔,2150,-0.2,2,2,2,34.4,466,-8,
,"2018. 4.28",京都,3京3,500万,500万下,7,13,メイショウヤクシマ,牡,5,秋山真一, 57 ,16,8,１, ,ダ1400,良,,(栗),笹田和秀,1250,-0.1,,13,14,36.2,468,0,
,"2018. 4.28",京都,3京3,500万,500万下,1,1,エクレアスパークル,牡,4,川田将雅, 57 ,12,1,１, 内,芝2000,良,,(栗),中内田充,2004,-0.0,4,1,1,37.7,466,+8,
,"2018. 4.28",京都,3京3,500万,500万下*,5,6,イエローマリンバ,牝,3,幸英明, 54 ,12,2,１, 内,芝1200,良,,(栗),河内洋,1086,-0.0,,1,1,34.2,434,+4,
,"2018. 4.28",京都,3京3,未勝利,未勝利,5,9,サンレイポケット,牡,3,幸英明, 56 ,15,7,１, 内,芝2000,良,*,(栗),高橋義忠,2020,-0.3,14,14,10,34.7,482,-2,
,"2018. 4.28",京都,3京3,未勝利,未勝利,6,12,テイエムヨハネス,牡,3,酒井学, 56 ,16,1,１, ,ダ1400,良,,(栗),飯田雄三,1256,-0.6,,7,6,37.5,502,+2,
,"2018. 4.28",京都,3京3,未勝利,未勝利・牝,6,10,ルナステラ,牝,3,川田将雅, 54 ,14,1,１, 外,芝1800,良,,(栗),石坂正,1487,-0.3,,2,1,35.5,420,-6,
,"2018. 4.28",京都,3京3,未勝利,未勝利,3,6,アリュールベルン,牡,3,秋山真一, 56 ,16,7,１, ,ダ1800,良,,(栗),鮫島一歩,1555,-0.4,1,1,1,39.3,484,+2,
,"2018. 4.28",京都,3京3,未勝利,未勝利・牝,2,4,エイカイマドンナ,牝,3,松若風馬, 54 ,16,2,１, ,ダ1400,良,,(栗),藤原英昭,1256,-0.0,,1,1,37.7,436,+6,
,"2018. 4.22",京都,3京2,1000万,1000万下,8,16,ユアマイラブ,牡,5,荻野極,56☆,16,5,１, ,ダ1200,良,,(栗),安田隆行,1126,-0.0,,4,4,36.4,448,-4,
,"2018. 4.22",京都,3京2,Ｇ２,マイラーG2,4,5,サングレーザー,牡,4,福永祐一, 57 ,14,4,１, 外,芝1600,良,,(栗),浅見秀一,1313,-0.2,,9,9,33.2,482,0,
,"2018. 4.22",京都,3京2,1600万,桃山Ｓ1600,7,12,ジュンヴァルカン,牡,5,岩田康誠, 57 ,15,7,１, ,ダ1900,良,,(栗),友道康夫,1580,-0.2,14,15,14,36.9,526,+2,
,"2018. 4.22",京都,3京2,1000万,比良山Ｈ1000,7,7,ベイビーステップ,牡,4,岩田康誠, 54 ,9,6,１, 外,芝2200,良,,(美),菊川正達,2138,-0.0,4,5,5,34.1,488,0,
,"2018. 4.22",京都,3京2,500万,500万下,7,13,トウカイレーヌ,牝,4,古川吉洋, 55 ,16,6,１, 内,芝1200,良,,(栗),安田隆行,1084,-0.0,,4,2,33.8,424,-4,
,"2018. 4.22",京都,3京2,500万,500万下,6,8,ワンダーウマス,牡,4,岩田康誠, 57 ,13,7,１, ,ダ1800,良,,(栗),高柳大輔,1522,-0.3,1,1,1,39.0,484,-2,B
,"2018. 4.22",京都,3京2,500万,500万下*,2,2,アルジャーノン,牡,3,川島信二, 56 ,11,6,１, 内,芝1600,良,,(栗),荒川義之,1338,-0.2,,2,2,35.4,434,0,
,"2018. 4.22",京都,3京2,500万,500万下*,1,2,サクラアリュール,牡,3,松山弘平, 56 ,16,4,１, ,ダ1800,良,*,(栗),村山明,1527,-0.2,9,10,9,37.9,464,0,
,"2018. 4.22",京都,3京2,未勝利,未勝利,8,16,アイスストーム,牡,3,和田竜二, 56 ,18,1,１, 内,芝2000,良,,(栗),吉村圭司,2014,-0.2,1,1,1,34.5,524,0,
,"2018. 4.22",京都,3京2,未勝利,未勝利,3,6,クインズチャパラ,牝,3,松若風馬, 54 ,18,5,１, 内,芝1200,良,,(栗),野中賢二,1091,-0.2,,14,13,33.4,448,,
,"2018. 4.22",京都,3京2,未勝利,未勝利,6,11,ヴィジャランス,牡,3,加藤祥太,55☆,16,3,１, ,ダ1800,良,*,(栗),中竹和也,1557,-0.0,1,1,1,38.7,536,-4,B
,"2018. 4.22",京都,3京2,未勝利,未勝利・牝,5,9,ファステンバーグ,牝,3,岩田康誠, 54 ,15,3,１, ,ダ1200,良,,(栗),西浦勝一,1131,-0.6,,6,5,36.9,438,+12,
,"2018. 4.21",京都,3京1,1000万,1000万下,1,1,ゼンノワスレガタミ,牡,4,藤岡佑介, 57 ,16,4,１, ,ダ1800,良,,(栗),中内田充,1528,-0.2,3,3,2,38.6,468,+2,B
,"2018. 4.21",京都,3京1,1600万,彦根Ｓ1600,5,10,ナガラフラワー,牝,6,藤岡佑介, 55 ,18,5,１, 内,芝1200,良,*,(栗),高橋亮,1079,-0.0,,9,8,32.9,470,+4,
,"2018. 4.21",京都,3京1,1000万,六波羅特1000,8,10,ワンダープチュック,牡,4,幸英明, 57 ,11,3,１, 外,芝1600,良,*,(栗),河内洋,1344,-0.3,,5,4,34.2,498,-4,
,"2018. 4.21",京都,3京1,500万,500万下・牝,5,9,キョウワエステル,牝,5,竹之下智, 55 ,16,4,１, ,ダ1200,良,*,(栗),千田輝彦,1131,-0.0,,7,4,36.8,480,+16,
,"2018. 4.21",京都,3京1,500万,あずさ賞500*,4,4,アルムフォルツァ,牡,3,浜中俊, 56 ,6,2,１, 外,芝2400,良,,(栗),五十嵐忠,2249,-0.2,6,6,2,34.9,450,+2,
,"2018. 4.21",京都,3京1,500万,500万下,5,9,ダノンディーヴァ,牝,4,岩田康誠, 55 ,17,3,１, 外,芝1600,良,,(栗),大久保龍,1338,-0.2,,8,8,34.3,458,-2,
,"2018. 4.21",京都,3京1,500万,500万下*,8,15,メイショウミライ,牡,3,富田暁,53▲,16,1,１, ,ダ1200,良,,(栗),南井克巳,1121,-0.1,,9,5,35.7,478,-8,
,"2018. 4.21",京都,3京1,未勝利,未勝利,7,15,インターセクション,牡,3,松山弘平, 56 ,18,4,１, 外,芝1800,良,,(栗),大久保龍,1480,-0.3,,10,10,34.9,480,-2,
,"2018. 4.21",京都,3京1,未勝利,未勝利,1,2,アンリミット,牝,3,ルメール, 54 ,18,2,１, 内,芝1400,良,,(栗),清水久詞,1212,-0.3,,4,4,34.4,466,-8,
,"2018. 4.21",京都,3京1,未勝利,未勝利,2,4,トワイライトタイム,牡,3,浜中俊, 56 ,16,7,１, ,ダ1900,良,,(栗),五十嵐忠,1598,-1.0,1,1,1,38.6,462,0,
,"2018. 4.21",京都,3京1,未勝利,未勝利,7,13,ブライトエンパイア,牡,3,松山弘平, 56 ,16,2,１, ,ダ1400,良,,(栗),浅見秀一,1265,-0.0,,4,3,38.1,438,-2,
,"2018. 4.21",京都,3京1,未勝利,未勝利・牝,7,14,クリノアスコット,牝,3,藤岡佑介, 54 ,16,2,１, ,ダ1800,良,,(栗),渡辺薫彦,1551,-1.2,1,1,1,39.3,422,+8,
,"2018. 2.18",京都,2京8,1000万,1000万下・牝,1,1,ワンダーピルエット,牝,5,小崎綾也,54☆,16,3,１, ,ダ1800,良,,(栗),小崎憲,1538,-0.4,3,3,3,36.9,492,+2,
,"2018. 2.18",京都,2京8,ｵｰﾌﾟﾝ,大和ＳＨ,5,8,ナンチンノン,牡,7,国分恭介, 56 ,15,9,１, ,ダ1200,良,,(栗),中竹和也,1108,-0.3,,1,1,36.2,540,+2,
,"2018. 2.18",京都,2京8,1600万,斑鳩Ｓ1600,7,7,ダイメイフジ,牡,4,松山弘平, 57 ,8,3,１, 外,芝1400,良,,(栗),森田直行,1220,-0.5,,2,1,34.4,518,+4,
,"2018. 2.18",京都,2京8,1000万,春日特別1000,5,6,ストンライティング,牡,5,松山弘平, 57 ,12,4,１, 外,芝1800,良,,(栗),川村禎彦,1485,-0.1,,11,11,35.3,446,+6,
,"2018. 2.18",京都,2京8,500万,500万下,5,10,ヒップホップスワン,牝,4,富田暁,52▲,16,9,１, ,ダ1400,良,,(栗),石坂正,1254,-0.2,,4,3,38.3,500,+2,
,"2018. 2.18",京都,2京8,500万,500万下,5,7,エイシンスレイマン,牡,4,松山弘平, 57 ,14,2,１, 外,芝1600,良,,(栗),西園正都,1349,-0.3,,9,7,35.1,478,+4,
,"2018. 2.18",京都,2京8,500万,500万下*,4,8,バイラ,牡,3,松山弘平, 56 ,16,3,１, ,ダ1400,良,,(栗),川村禎彦,1252,-0.0,,2,2,37.0,492,0,
,"2018. 2.18",京都,2京8,未勝利,未勝利,8,12,ネプチュナイト,牡,3,Ｍ．デム, 56 ,13,2,１, 内,芝2000,良,,(栗),友道康夫,2015,-0.5,13,13,4,35.6,478,+4,
,"2018. 2.18",京都,2京8,ｵｰﾌﾟﾝ,障害・オープ,7,11,ヨカグラ,セ,5,林満明, 60 ,13,5,１, ,ダ3170,良,,(栗),中竹和也,3375,-0.1,9,7,5,13.7,490,0,
,"2018. 2.18",京都,2京8,未勝利,未勝利,8,15,トーセンブレイヴ,牡,3,藤岡康太, 56 ,15,3,１, ,ダ1800,稍,,(栗),池江泰寿,1548,-1.1,1,1,1,38.8,502,0,
,"2018. 2.18",京都,2京8,未勝利,未勝利,3,5,スマートアルタイル,牡,3,Ｍ．デム, 56 ,16,2,１, ,ダ1200,稍,,(栗),小崎憲,1133,-0.7,,8,7,36.5,450,0,
,"2018. 2.18",京都,2京8,未勝利,未勝利・牝,5,10,コカボムクイーン,牝,3,加藤祥太,53☆,16,1,１, ,ダ1800,稍,,(栗),庄野靖志,1552,-0.7,1,1,1,38.8,448,+2,
,"2018. 2.17",京都,2京7,1000万,1000万下,2,4,アードラー,牡,4,浜中俊, 57 ,16,2,１, ,ダ1200,稍,,(栗),音無秀孝,1126,-0.0,,11,11,36.2,480,+6,
,"2018. 2.17",京都,2京7,Ｇ３,京都牝馬G3,6,8,ミスパンテール,牝,4,横山典弘, 55 ,12,1,１, 外,芝1400,良,,(栗),昆貢,1230,-0.1,,6,6,34.1,506,+6,
,"2018. 2.17",京都,2京7,1600万,橿原ＳＨ1600,5,8,マテラスカイ,牡,4,武豊, 54 ,15,2,１, ,ダ1200,稍,,(栗),森秀行,1110,-0.8,,1,1,36.2,518,+2,
,"2018. 2.17",京都,2京7,500万,つばき賞500*,5,6,ユーキャンスマイル,牡,3,武豊, 56 ,12,3,１, 外,芝1800,良,,(栗),友道康夫,1490,-0.0,,7,6,36.2,486,+10,
,"2018. 2.17",京都,2京7,1000万,1000万下,5,5,ビッグアイランド,牡,4,高倉稜, 56 ,9,1,１, ,ダ1900,稍,,(栗),渡辺薫彦,1599,-0.0,3,5,5,37.6,518,+4,
,"2018. 2.17",京都,2京7,500万,500万下,8,10,ナムラヘラクレス,牡,4,田中健, 56 ,11,4,１, ,ダ1800,稍,*,(栗),福島信晴,1529,-0.0,4,3,2,37.8,492,+2,
,"2018. 2.17",京都,2京7,500万,500万下・牝*,5,7,デルニエオール,牝,3,池添謙一, 54 ,13,5,１, 外,芝1400,良,,(栗),池江泰寿,1245,-0.1,,6,6,34.7,412,+2,
,"2018. 2.17",京都,2京7,未勝利,未勝利,8,16,ロクセラーナ,牝,3,Ｍ．デム, 54 ,16,2,１, 内,芝1600,良,,(栗),角居勝彦,1350,-0.4,,3,3,36.2,472,0,
,"2018. 2.17",京都,2京7,新馬,新馬,4,7,チュウワウィザード,牡,3,岩田康誠, 56 ,16,1,１, ,ダ1800,稍,,(栗),大久保龍,1551,-0.5,9,6,5,37.3,480,,
,"2018. 2.17",京都,2京7,未勝利,未勝利,2,4,アカツキジョー,牡,3,浜中俊, 56 ,16,1,１, ,ダ1400,稍,,(栗),岡田稲男,1250,-0.6,,1,1,37.3,494,-6,
,"2018. 2.17",京都,2京7,未勝利,未勝利,2,2,タマモシンプロン,牡,3,古川吉洋, 56 ,15,7,１, ,ダ1800,稍,,(栗),南井克巳,1549,-0.1,1,1,1,39.4,524,-6,
,"2018. 2.17",京都,2京7,未勝利,未勝利・牝,7,13,タッチアコード,牝,3,川田将雅, 54 ,16,1,１, ,ダ1200,稍,,(栗),大久保龍,1138,-0.1,,3,2,37.0,450,-2,
,"2018. 2.11",京都,2京6,1000万,1000万下,8,15,テイエムグッドマン,牡,4,古川吉洋, 57 ,15,5,１, ,ダ1400,不,,(栗),福島信晴,1244,-0.0,,10,8,36.0,498,-4,
,"2018. 2.11",京都,2京6,Ｇ２,京都記念G2,4,4,クリンチャー,牡,4,藤岡佑介, 55 ,10,4,１, 外,芝2200,重,,(栗),宮本博,2163,-0.2,3,2,4,36.1,486,+4,
,"2018. 2.11",京都,2京6,1600万,松籟ＳＨ1600,5,5,ガンコ,牡,5,藤岡佑介, 56 ,9,2,１, 外,芝2400,重,,(栗),松元茂樹,2282,-0.6,3,3,2,35.9,504,+8,
,"2018. 2.11",京都,2京6,1000万,宇治川Ｈ1000,2,4,キアロスクーロ,セ,5,Ｍ．デム, 55 ,16,2,１, 外,芝1400,重,,(栗),安達昭夫,1238,-0.1,,5,5,35.8,496,+2,
,"2018. 2.11",京都,2京6,500万,500万下,6,11,スズカガルチ,牡,4,菱田裕二, 56 ,15,12,１, ,ダ1900,不,,(栗),湯窪幸雄,1575,-0.0,10,3,2,37.3,514,-2,B
,"2018. 2.11",京都,2京6,500万,500万下,5,7,ローゼンタール,牝,5,Ｍ．デム, 55 ,14,4,１, ,ダ1200,不,,(栗),森田直行,1110,-0.3,,2,1,36.2,532,+4,
,"2018. 2.11",京都,2京6,新馬,新馬,3,5,ビービーデフィ,牡,3,藤岡佑介, 56 ,16,6,１, 外,芝1800,重,,(栗),角居勝彦,1530,-0.2,,5,2,36.1,500,,
,"2018. 2.11",京都,2京6,未勝利,未勝利,5,10,クリノフラッシュ,牝,3,福永祐一, 54 ,16,2,１, 内,芝1600,重,,(栗),橋田満,1384,-0.2,,4,4,38.3,422,0,
,"2018. 2.11",京都,2京6,500万,500万下*,3,5,グレートタイム,牡,3,Ｍ．デム, 56 ,16,1,１, ,ダ1800,不,,(栗),藤原英昭,1516,-0.2,6,2,2,37.4,470,-2,
,"2018. 2.11",京都,2京6,未勝利,未勝利・牝,5,10,プリヴェット,牝,3,藤岡佑介, 54 ,16,4,１, ,ダ1400,不,,(栗),今野貞一,1257,-0.1,,2,1,38.3,466,+2,
,"2018. 2.11",京都,2京6,未勝利,未勝利,7,11,トモノコテツ,牡,3,国分恭介, 56 ,14,4,１, ,ダ1800,不,,(栗),浜田多実,1547,-0.4,2,2,2,37.8,468,+4,
,"2018. 2.11",京都,2京6,未勝利,未勝利,5,10,エイスノート,牝,3,川田将雅, 54 ,16,2,１, ,ダ1200,不,,(栗),高橋義忠,1120,-0.4,,2,2,36.2,462,-2,
,"2018. 2.10",京都,2京5,1000万,1000万下,4,4,ロードアルペジオ,牡,5,ムーア, 57 ,10,1,１, ,ダ1800,稍,,(栗),笹田和秀,1524,-0.8,3,3,3,37.2,504,-4,
,"2018. 2.10",京都,2京5,ｵｰﾌﾟﾝ,洛陽Ｓ,3,3,サトノアーサー,牡,4,ムーア, 56 ,12,1,１, 外,芝1600,稍,,(栗),池江泰寿,1362,-0.0,,7,7,36.6,490,+4,
,"2018. 2.10",京都,2京5,1000万,琵琶湖特1000,6,7,ムーヴザワールド,牡,4,福永祐一, 56 ,12,1,１, 外,芝2400,稍,,(栗),石坂正,2301,-0.3,11,10,9,36.3,524,+2,
,"2018. 2.10",京都,2京5,500万,こぶし賞500*,8,14,パクスアメリカーナ,牡,3,川田将雅, 56 ,14,2,１, 内,芝1600,稍,,(栗),中内田充,1357,-0.2,,14,6,36.2,470,0,
,"2018. 2.10",京都,2京5,500万,500万下,3,4,アテンフェスタ,牡,5,荻野極,56☆,15,3,１, ,ダ1400,稍,,(栗),寺島良,1257,-0.3,,1,1,38.5,508,+6,B
,"2018. 2.10",京都,2京5,500万,500万下・牝,2,2,ワタシノロザリオ,牝,4,福永祐一, 54 ,13,2,１, ,ダ1800,稍,,(栗),湯窪幸雄,1536,-0.3,6,5,3,37.7,446,+2,
,"2018. 2.10",京都,2京5,新馬,新馬,3,6,ロンリーハート,牝,3,蛯名正義, 54 ,16,6,１, ,ダ1400,稍,,(栗),牧田和弥,1279,-0.1,,1,1,38.4,462,,
,"2018. 2.10",京都,2京5,未勝利,未勝利,8,13,パンコミード,牡,3,浜中俊, 56 ,14,1,１, 外,芝1800,良,,(栗),角居勝彦,1490,-0.2,,1,1,34.7,520,0,
,"2018. 2.10",京都,2京5,未勝利,障害未勝利,7,12,ヨカグラ,セ,5,林満明, 60 ,14,2,１, ,ダ2910,良,,(栗),中竹和也,3185,-0.4,3,2,2,13.6,490,+2,
,"2018. 2.10",京都,2京5,未勝利,未勝利,1,1,グランロックハート,牡,3,池添謙一, 56 ,16,7,１, ,ダ1400,良,,(栗),浜田多実,1262,-0.3,,1,1,39.0,508,0,
,"2018. 2.10",京都,2京5,未勝利,未勝利,6,11,ストーミーバローズ,牡,3,Ｍ．デム, 56 ,15,1,１, ,ダ1800,良,,(栗),石坂正,1545,-0.4,8,4,4,38.4,464,+2,
,"2018. 2.10",京都,2京5,未勝利,未勝利・牝,6,12,エテルニテ,牝,3,福永祐一, 54 ,16,2,１, ,ダ1800,良,,(栗),平田修,1551,-0.4,2,2,2,38.4,494,-6,
,"2018. 2. 4",京都,2京4,1000万,1000万下,7,10,コロラトゥーレ,牝,4,岩田康誠, 55 ,12,2,１, 内,芝1200,良,,(栗),梅田智之,1105,-0.1,,2,2,34.1,460,0,
,"2018. 2. 4",京都,2京4,Ｇ３,きさらぎG3,3,3,サトノフェイバー,牡,3,古川吉洋, 56 ,10,4,１, 外,芝1800,良,,(栗),南井克巳,1488,-0.0,,1,1,35.4,524,-2,
,"2018. 2. 4",京都,2京4,1600万,河原町Ｓ1600,6,6,エポック,牡,5,岩田康誠, 57 ,10,2,１, ,ダ1400,良,,(栗),角田晃一,1255,-0.0,,5,5,36.5,516,+4,
,"2018. 2. 4",京都,2京4,1600万,山城ＳＨ1600,6,7,ウインソワレ,牝,6,菱田裕二, 53 ,11,4,１, 内,芝1200,良,,(栗),宮本博,1094,-0.1,,1,1,34.3,482,0,
,"2018. 2. 4",京都,2京4,1000万,1000万下,5,9,ディープオーパス,牡,5,松若風馬, 57 ,15,4,１, ,ダ1800,良,,(栗),藤岡健一,1526,-0.2,1,1,1,37.6,498,-2,B
,"2018. 2. 4",京都,2京4,500万,500万下,1,1,テーオーフォルテ,牡,4,藤岡佑介, 56 ,10,1,１, 外,芝2400,良,,(栗),藤岡健一,2291,-0.5,4,4,4,35.2,516,+6,
,"2018. 2. 4",京都,2京4,500万,500万下,8,12,ロマンチスト,牡,5,菱田裕二, 57 ,12,6,１, ,ダ1200,良,,(栗),浜田多実,1126,-0.4,,1,1,35.9,534,-10,
,"2018. 2. 4",京都,2京4,未勝利,未勝利,6,7,ウスベニノキミ,牝,3,Ｍ．デム, 54 ,12,2,１, 内,芝2000,良,,(栗),鈴木孝志,2032,-0.1,6,5,3,35.1,440,+2,
,"2018. 2. 4",京都,2京4,未勝利,障害未勝利,5,7,タガノアーバニティ,牡,5,林満明, 60 ,13,1,１, ,ダ2910,良,,(栗),宮徹,3205,-0.2,3,3,3,13.8,512,+6,
,"2018. 2. 4",京都,2京4,新馬,新馬,6,10,カリブメーカー,牝,3,荻野極,53☆,14,9,１, ,ダ1800,稍,,(栗),河内洋,1559,-0.7,2,2,2,38.8,494,,
,"2018. 2. 4",京都,2京4,未勝利,未勝利,1,2,コパノキッキング,セ,3,川須栄彦, 56 ,16,10,１, ,ダ1200,稍,,(栗),村山明,1129,-1.4,,1,1,36.5,462,,
,"2018. 2. 4",京都,2京4,未勝利,未勝利,6,8,サンライズセナ,牡,3,松若風馬, 56 ,12,1,１, ,ダ1800,稍,,(栗),平田修,1568,-0.3,10,2,2,37.9,490,0,
,"2018. 2. 3",京都,2京3,1000万,1000万下,3,4,シンゼンスタチュー,セ,5,太宰啓介, 57 ,14,1,１, ,ダ1200,稍,,(栗),飯田祐史,1129,-0.0,,11,10,35.9,502,-2,
,"2018. 2. 3",京都,2京3,ｵｰﾌﾟﾝ,アルデバ,1,1,ナムラアラシ,牡,5,福永祐一, 56 ,16,5,１, ,ダ1900,稍,,(栗),目野哲也,1579,-0.3,11,10,10,36.4,530,+9,
,"2018. 2. 3",京都,2京3,ｵｰﾌﾟﾝ,エルフィ,7,10,レッドサクヤ,牝,3,福永祐一, 54 ,12,2,１, 外,芝1600,良,,(栗),藤原英昭,1356,-0.1,,8,6,35.4,462,-4,
,"2018. 2. 3",京都,2京3,1000万,稲荷特別1000,4,4,ダノンディスタンス,牡,4,藤岡佑介, 56 ,10,4,１, 内,芝2000,良,,(栗),佐々木晶,2014,-0.3,1,1,1,35.8,526,+4,
,"2018. 2. 3",京都,2京3,500万,500万下,4,6,タイユール,牡,6,Ｍ．デム, 57 ,15,1,１, ,ダ1800,稍,,(栗),安田隆行,1534,-0.0,10,9,9,37.7,506,-2,B
,"2018. 2. 3",京都,2京3,500万,500万下,8,12,メイショウギガース,牡,4,岩田康誠, 57 ,12,3,１, ,ダ1400,稍,,(栗),岡田稲男,1250,-0.0,,3,3,37.1,474,+4,
,"2018. 2. 3",京都,2京3,新馬,新馬,6,11,スズカテイオー,牡,3,福永祐一, 56 ,16,6,１, 内,芝2000,良,*,(栗),橋田満,2054,-0.1,2,2,2,35.0,508,,
,"2018. 2. 3",京都,2京3,未勝利,未勝利,6,11,ナリタハーデス,牡,3,松山弘平, 56 ,15,5,１, 内,芝1600,良,,(栗),中尾秀正,1369,-0.6,,1,1,35.0,446,0,
,"2018. 2. 3",京都,2京3,500万,500万下*,6,10,メープル,牝,3,小崎綾也,53☆,15,2,１, ,ダ1200,稍,,(栗),小崎憲,1131,-0.0,,1,1,38.3,500,-4,
,"2018. 2. 3",京都,2京3,未勝利,未勝利,8,14,モンサンフィエール,牡,3,北村友一, 56 ,15,1,１, ,ダ1400,稍,,(栗),飯田祐史,1261,-0.9,,4,4,38.1,452,0,
,"2018. 2. 3",京都,2京3,未勝利,未勝利,1,1,キタサンタイドー,牡,3,荻野極,55☆,9,1,１, ,ダ1800,稍,,(栗),清水久詞,1550,-0.1,1,1,1,38.5,510,+2,
,"2018. 2. 3",京都,2京3,未勝利,未勝利・牝,2,2,アンフィニスター,牝,3,国分恭介, 54 ,10,6,１, ,ダ1800,稍,,(栗),服部利之,1565,-0.1,6,7,4,38.3,524,-6,
,"2018. 1.28",京都,2京2,1000万,1000万下,2,2,ベストセラーアスク,牝,7,荻野琢真, 55 ,13,5,１, ,ダ1800,稍,,(栗),梅田智之,1541,-0.2,12,13,12,38.5,442,0,
,"2018. 1.28",京都,2京2,Ｇ３,シルクロＨG3,1,1,ファインニードル,牡,5,川田将雅, 57 ,18,4,１, 内,芝1200,良,,(栗),高橋義忠,1083,-0.3,,3,2,33.9,488,+18,
,"2018. 1.28",京都,2京2,1600万,飛鳥Ｓ1600,6,7,トリコロールブルー,牡,4,武豊, 56 ,11,1,１, 外,芝1800,良,,(栗),友道康夫,1482,-0.0,,8,7,34.2,500,+6,
,"2018. 1.28",京都,2京2,500万,若菜賞500*,3,3,オジョーノキセキ,牝,3,松山弘平, 54 ,12,5,１, 内,芝1200,良,,(美),伊藤大士,1104,-0.0,,3,3,34.7,502,-4,
,"2018. 1.28",京都,2京2,500万,500万下・牝,8,15,ヴィルデローゼ,牝,4,武豊, 54 ,15,1,１, ,ダ1400,稍,,(栗),石坂正,1264,-0.2,,1,1,38.4,476,+20,
,"2018. 1.28",京都,2京2,500万,500万下,8,13,イサチルホープ,牡,6,中谷雄太, 57 ,14,1,１, ,ダ1200,稍,,(栗),大根田裕,1133,-0.2,,4,3,36.6,480,+10,
,"2018. 1.28",京都,2京2,新馬,新馬,3,6,アシュリン,牝,3,中谷雄太, 54 ,16,3,１, 内,芝1600,良,,(栗),松永幹夫,1367,-0.0,,4,4,35.0,440,,
,"2018. 1.28",京都,2京2,未勝利,未勝利,7,14,ノストラダムス,牡,3,和田竜二, 56 ,16,2,１, 外,芝2200,良,,(栗),鈴木孝志,2162,-0.2,15,2,2,36.3,500,+2,
,"2018. 1.28",京都,2京2,500万,500万下,5,5,メガフレア,牡,4,松山弘平, 56 ,9,4,１, ,ダ1900,稍,,(栗),加用正,2012,-0.0,4,2,2,39.9,488,-4,
,"2018. 1.28",京都,2京2,未勝利,未勝利,7,13,ノーウェイ,牡,3,古川吉洋, 56 ,15,2,１, ,ダ1400,稍,,(栗),高橋義忠,1262,-0.2,,3,2,37.9,470,-4,
,"2018. 1.28",京都,2京2,未勝利,未勝利,6,9,ハーベストムーン,牡,3,武豊, 56 ,13,1,１, ,ダ1800,稍,,(栗),浅見秀一,1562,-0.3,7,3,2,39.3,520,+2,
,"2018. 1.28",京都,2京2,未勝利,未勝利・牝,4,7,ペプチドプラム,牝,3,四位洋文, 54 ,16,4,１, ,ダ1200,稍,,(栗),木原一良,1144,-0.0,,4,4,37.6,432,0,
,"2018. 1.27",京都,2京1,1000万,1000万下,8,15,トウケイワラウカド,牡,5,四位洋文, 57 ,16,6,１, ,ダ1400,稍,,(栗),飯田祐史,1251,-0.0,,8,7,36.5,498,-2,
,"2018. 1.27",京都,2京1,1600万,北山Ｓ1600,8,10,ロイヤルパンプ,牡,6,川田将雅, 57 ,10,4,１, ,ダ1800,稍,*,(栗),友道康夫,1521,-0.2,2,2,2,37.3,524,+4,
,"2018. 1.27",京都,2京1,1000万,木津川特1000,1,1,ドゥーカ,牡,5,藤岡佑介, 57 ,11,3,１, 外,芝1600,良,,(栗),野中賢二,1349,-0.0,,3,3,35.3,502,-4,
,"2018. 1.27",京都,2京1,500万,梅花賞500*,4,4,メイショウテッコン,牡,3,武豊, 56 ,9,4,１, 外,芝2400,良,,(栗),高橋義忠,2289,-0.0,1,1,1,35.0,500,+4,B
,"2018. 1.27",京都,2京1,ｵｰﾌﾟﾝ,牛若丸ジ,4,4,タマモプラネット,牡,8,小坂忠士, 60 ,10,1,１, ,ダ3170,良,*,(栗),南井克巳,3325,-1.3,1,1,1,13.4,496,+8,
,"2018. 1.27",京都,2京1,500万,500万下,8,13,アンナペレンナ,牝,5,Ｍ．デム, 55 ,13,2,１, ,ダ1800,稍,,(栗),西園正都,1541,-0.0,4,4,3,39.2,516,-4,
,"2018. 1.27",京都,2京1,未勝利,未勝利,3,5,レインボーナンバー,牡,3,鮫島克駿, 56 ,16,4,１, 内,芝1600,良,,(栗),浅見秀一,1365,-0.0,,5,3,36.2,468,+4,
,"2018. 1.27",京都,2京1,未勝利,未勝利・牝,4,4,カンタービレ,牝,3,Ｍ．デム, 54 ,13,1,１, 外,芝1800,良,,(栗),角居勝彦,1501,-0.5,,2,3,35.0,434,+2,
,"2018. 1.27",京都,2京1,500万,500万下*,1,1,アスクハードスパン,牡,3,川田将雅, 56 ,9,3,１, ,ダ1800,稍,,(栗),河内洋,1550,-0.3,6,6,4,38.2,516,-6,
,"2018. 1.27",京都,2京1,新馬,新馬,8,16,シヴァージ,牡,3,川田将雅, 56 ,16,1,１, ,ダ1200,稍,,(栗),野中賢二,1147,-0.5,,3,2,37.9,496,,
,"2018. 1.27",京都,2京1,未勝利,未勝利,3,3,ダイシンカローリ,牡,3,岩田康誠, 56 ,11,6,１, ,ダ1800,稍,,(栗),庄野靖志,1548,-0.4,8,6,1,37.8,506,-6,
,"2018. 1.27",京都,2京1,未勝利,未勝利,8,14,メイショウカギロイ,牡,3,武豊, 56 ,15,1,１, ,ダ1200,稍,,(栗),中村均,1139,-0.1,,2,1,38.0,490,+2,
,"2018. 1.21",京都,1京7,1000万,1000万下,7,13,メイショウアリソン,牡,4,荻野極,55☆,16,1,１, ,ダ1200,稍,,(栗),池添兼雄,1120,-0.5,,5,5,36.2,490,0,
,"2018. 1.21",京都,1京7,1600万,石清水Ｈ1600,2,2,ニシノラッシュ,牡,6,幸英明, 56 ,11,4,１, 外,芝1400,良,,(栗),宮本博,1230,-0.2,,1,1,34.6,502,+6,
,"2018. 1.21",京都,1京7,1600万,山科Ｓ1600,2,2,ヤマニンアンプリメ,牝,4,鮫島良太, 54 ,14,3,１, ,ダ1200,稍,,(栗),中村均,1123,-0.1,,10,7,35.4,480,+8,
,"2018. 1.21",京都,1京7,1000万,睦月賞Ｈ1000,4,4,マイネルレオーネ,牡,6,川田将雅, 55 ,13,7,１, 外,芝2400,良,,(栗),清水久詞,2278,-0.3,6,3,2,35.4,398,0,
,"2018. 1.21",京都,1京7,500万,500万下,6,8,ホットファイヤー,牡,5,福永祐一, 57 ,13,2,１, 内,芝2000,良,,(栗),松元茂樹,2023,-0.0,13,6,3,36.3,478,0,
,"2018. 1.21",京都,1京7,500万,500万下,6,9,ビッグアイランド,牡,4,高倉稜, 56 ,14,2,１, ,ダ1800,稍,,(栗),渡辺薫彦,1534,-0.5,3,2,2,38.1,514,0,
,"2018. 1.21",京都,1京7,新馬,新馬,7,14,オールフォーラヴ,牝,3,川田将雅, 54 ,16,2,１, 外,芝1800,良,,(栗),中内田充,1495,-0.0,,2,2,35.4,458,,
,"2018. 1.21",京都,1京7,未勝利,未勝利,4,8,エポカドーロ,牡,3,福永祐一, 56 ,16,4,１, 内,芝1600,良,,(栗),藤原英昭,1361,-0.4,,1,1,35.8,498,+14,
,"2018. 1.21",京都,1京7,500万,500万下・牝*,6,6,プロミストリープ,牝,3,浜中俊, 54 ,11,1,１, ,ダ1400,稍,,(美),和田正一,1265,-0.1,,5,4,36.6,468,-10,
,"2018. 1.21",京都,1京7,未勝利,未勝利,6,12,メイショウタイシ,牡,3,福永祐一, 56 ,16,2,１, ,ダ1400,稍,,(栗),安田隆行,1274,-0.4,,1,1,38.3,492,+16,
,"2018. 1.21",京都,1京7,未勝利,未勝利,5,5,ベストマイウェイ,牡,3,浜中俊, 56 ,10,1,１, ,ダ1800,稍,,(栗),石坂正,1558,-0.0,1,2,2,38.4,528,-4,B
,"2018. 1.21",京都,1京7,未勝利,未勝利・牝,1,1,クードロア,牝,3,幸英明, 54 ,10,1,１, ,ダ1800,稍,,(栗),斉藤崇史,1577,-0.1,6,5,5,39.1,432,-2,
,"2018. 1.20",京都,1京6,500万,500万下,1,1,グランドロワ,牡,4,松山弘平, 56 ,14,6,１, 外,芝1600,稍,,(栗),鈴木孝志,1358,-0.0,,1,1,36.6,484,0,B
,"2018. 1.20",京都,1京6,ｵｰﾌﾟﾝ,すばるＳ,5,9,ドライヴナイト,牡,5,藤岡佑介, 56 ,16,4,１, ,ダ1400,重,,(栗),奥村豊,1238,-0.3,,1,1,36.7,534,0,
,"2018. 1.20",京都,1京6,ｵｰﾌﾟﾝ,若駒Ｓ,4,4,ケイティクレバー,牡,3,小林徹弥, 56 ,9,3,１, 内,芝2000,稍,,(栗),目野哲也,2027,-0.5,1,1,1,34.8,444,0,
,"2018. 1.20",京都,1京6,1000万,祇園特別1000,1,1,ロライマ,セ,5,Ｍ．デム, 57 ,12,2,１, 外,芝1400,稍,,(栗),松田国英,1223,-0.0,,3,3,35.0,452,0,
,"2018. 1.20",京都,1京6,1000万,1000万下,4,4,タイセイパルサー,牡,5,幸英明, 57 ,10,4,１, ,ダ1800,重,,(栗),大橋勇樹,1535,-0.0,2,2,2,38.7,498,-4,
,"2018. 1.20",京都,1京6,500万,500万下,5,10,アストロノーティカ,牡,4,四位洋文, 56 ,16,6,１, ,ダ1200,重,,(栗),角田晃一,1126,-0.1,,14,14,36.0,498,+8,
,"2018. 1.20",京都,1京6,未勝利,未勝利,3,4,ジャックローズ,牡,3,岩田康誠, 56 ,15,4,１, 内,芝2000,稍,*,(栗),斉藤崇史,2037,-0.1,8,7,8,35.2,498,+2,
,"2018. 1.20",京都,1京6,未勝利,未勝利・牝,7,13,ミアグア,牝,3,幸英明, 54 ,16,3,１, 内,芝1600,稍,,(栗),石橋守,1369,-0.2,,3,3,36.0,436,-4,
,"2018. 1.20",京都,1京6,新馬,新馬,7,12,エイカイキング,牡,3,ルメール, 56 ,15,2,１, ,ダ1800,重,,(栗),藤原英昭,1564,-0.1,9,2,2,39.2,472,,
,"2018. 1.20",京都,1京6,新馬,新馬・牝,6,11,エイシンデルフィー,牝,3,岩田康誠, 54 ,16,8,１, ,ダ1400,重,,(栗),今野貞一,1277,-0.4,,11,5,38.3,456,,
,"2018. 1.20",京都,1京6,未勝利,未勝利,7,10,ロイヤルパールス,牡,3,高倉稜, 56 ,13,4,１, ,ダ1800,重,,(栗),湯窪幸雄,1557,-0.7,1,1,1,39.6,502,+6,B
,"2018. 1.20",京都,1京6,未勝利,未勝利,7,13,エナジーピエトラ,牝,3,幸英明, 54 ,16,1,１, ,ダ1200,重,,(栗),松下武士,1126,-1.0,,3,2,36.7,438,-2,
,"2018. 1.14",京都,1京5,1000万,1000万下,1,1,アドマイヤエイカン,牡,5,岩田康誠, 57 ,13,7,１, 内,芝2000,良,,(栗),須貝尚介,2010,-0.2,7,9,8,34.7,518,+20,
,"2018. 1.14",京都,1京5,Ｇ２,日経新春ＨG2,6,7,パフォーマプロミス,牡,6,Ｍ．デム, 54 ,12,1,１, 外,芝2400,良,,(栗),藤原英昭,2263,-0.0,3,4,3,34.4,452,0,
,"2018. 1.14",京都,1京5,ｵｰﾌﾟﾝ,紅梅Ｓ,8,8,モルトアレグロ,牝,3,Ｍ．デム, 54 ,9,2,１, 外,芝1400,良,,(美),武井亮,1227,-0.2,,3,3,34.7,476,+4,
,"2018. 1.14",京都,1京5,1600万,雅ＳＨ1600,1,1,カフェリュウジン,牡,8,Ｍ．デム, 53 ,11,4,１, ,ダ1800,稍,,(美),和田雄二,1529,-0.3,11,10,6,36.9,540,+6,
,"2018. 1.14",京都,1京5,1000万,1000万下,4,4,ミキノトランペット,牡,4,Ｍ．デム, 56 ,10,2,１, ,ダ1800,稍,,(栗),大橋勇樹,1535,-0.1,2,2,2,36.3,528,0,
,"2018. 1.14",京都,1京5,500万,500万下,1,2,ミスディレクション,セ,4,太宰啓介, 56 ,16,10,１, 外,芝1800,良,,(栗),加藤敬二,1478,-0.4,,1,1,35.0,494,+4,
,"2018. 1.14",京都,1京5,500万,500万下*,1,1,スマハマ,牡,3,藤岡佑介, 56 ,7,2,１, ,ダ1800,稍,,(栗),高橋亮,1527,-0.3,1,1,1,37.1,524,-12,
,"2018. 1.14",京都,1京5,新馬,新馬,7,13,ニホンピロタイド,牡,3,幸英明, 56 ,16,4,１, 内,芝1600,良,,(栗),大橋勇樹,1375,-0.1,,3,3,35.0,484,,
,"2018. 1.14",京都,1京5,新馬,新馬,7,13,オメガパフューム,牡,3,Ｍ．デム, 56 ,15,3,１, ,ダ1800,稍,,(栗),安田隆行,1543,-0.3,5,4,4,35.8,462,,
,"2018. 1.14",京都,1京5,未勝利,未勝利・牝,6,12,ジョーカナチャン,牝,3,池添謙一, 54 ,16,4,１, ,ダ1400,稍,,(栗),松下武士,1271,-0.2,,2,1,38.5,442,-6,
,"2018. 1.14",京都,1京5,未勝利,未勝利,5,7,ラクロアクリスエス,牡,3,岩田康誠, 56 ,13,2,１, ,ダ1800,稍,,(栗),庄野靖志,1565,-0.3,2,3,2,38.2,496,+10,
,"2018. 1.14",京都,1京5,未勝利,未勝利,3,5,シャテーヌ,牝,3,Ｍ．デム, 54 ,16,2,１, ,ダ1200,稍,,(栗),宮本博,1134,-0.0,,1,1,37.4,494,+6,
,"2018. 1.13",京都,1京4,1000万,1000万下,8,16,スマートダンディー,牡,4,武豊, 56 ,16,1,１, ,ダ1400,稍,,(栗),石橋守,1246,-0.1,,8,7,36.0,492,+2,
,"2018. 1.13",京都,1京4,ｵｰﾌﾟﾝ,淀短距離,8,10,ラインスピリット,牡,7,森一馬, 58 ,11,5,１, 内,芝1200,良,,(栗),松永昌博,1088,-0.0,,2,2,33.9,444,-2,
,"2018. 1.13",京都,1京4,1600万,新春Ｓ1600,7,7,エンジェルフェイス,牝,5,岡田祥嗣, 55 ,9,9,１, 外,芝1600,良,,(栗),藤原英昭,1364,-0.0,,1,1,34.4,512,+12,
,"2018. 1.13",京都,1京4,1000万,北大路特1000,5,5,ブルークランズ,牝,4,福永祐一, 54 ,10,1,１, 外,芝1800,良,,(栗),今野貞一,1486,-0.4,,8,8,34.2,484,+8,
,"2018. 1.13",京都,1京4,500万,500万下,4,8,スズカフリオーソ,牡,4,加藤祥太,55☆,16,1,１, ,ダ1800,稍,,(栗),藤沢則雄,1534,-0.1,1,1,1,37.1,486,0,B
,"2018. 1.13",京都,1京4,500万,500万下・牝,5,10,モンロー,牝,4,太宰啓介, 54 ,16,6,１, ,ダ1400,稍,,(栗),飯田祐史,1268,-0.1,,2,2,38.0,448,0,B
,"2018. 1.13",京都,1京4,500万,500万下*,2,2,インディチャンプ,牡,3,岩田康誠, 56 ,10,2,１, 内,芝1600,良,*,(栗),音無秀孝,1372,-0.2,,10,10,33.8,464,+2,
,"2018. 1.13",京都,1京4,未勝利,未勝利,3,6,アメリカンワールド,牡,3,浜中俊, 56 ,16,3,１, 外,芝1800,良,,(栗),藤岡健一,1508,-0.4,,4,5,34.3,478,+4,
,"2018. 1.13",京都,1京4,新馬,新馬,6,11,アポロテネシー,牡,3,武豊, 56 ,16,1,１, ,ダ1400,稍,,(栗),山内研二,1276,-0.9,,5,3,37.3,496,,
,"2018. 1.13",京都,1京4,未勝利,未勝利,1,2,ニシノトランザム,牡,3,武豊, 56 ,16,3,１, ,ダ1400,稍,,(栗),森秀行,1278,-0.2,,5,5,38.5,480,0,
,"2018. 1.13",京都,1京4,未勝利,未勝利,7,9,ルリジオン,牡,3,浜中俊, 56 ,12,2,１, ,ダ1800,稍,,(栗),石坂正,1571,-0.5,3,2,1,38.5,472,-14,
,"2018. 1.13",京都,1京4,未勝利,未勝利,3,3,アスクハードスパン,牡,3,浜中俊, 56 ,10,3,１, ,ダ1800,稍,,(栗),河内洋,1561,-0.8,9,2,2,38.1,522,+8,
,"2018. 1. 8",京都,1京3,1000万,1000万下,7,13,ハニージェイド,牝,4,Ｍ．デム, 54 ,16,1,１, ,ダ1200,稍,,(栗),鮫島一歩,1115,-0.3,,15,15,35.6,452,-8,
,"2018. 1. 8",京都,1京3,Ｇ３,シンザンG3,3,3,アーモンドアイ,牝,3,戸崎圭太, 54 ,11,1,１, 外,芝1600,稍,,(美),国枝栄,1371,-0.3,,9,9,34.4,464,-2,
,"2018. 1. 8",京都,1京3,1600万,羅生門Ｓ1600,6,12,ルグランフリソン,牡,5,戸崎圭太, 57 ,16,5,１, ,ダ1400,稍,,(栗),中竹和也,1240,-0.2,,8,7,36.4,492,+12,
,"2018. 1. 8",京都,1京3,1000万,許波多特1000,7,8,チェスナットコート,牡,4,戸崎圭太, 56 ,11,3,１, 外,芝2200,稍,,(栗),矢作芳人,2158,-0.4,6,6,7,36.6,458,+4,
,"2018. 1. 8",京都,1京3,500万,500万下,1,2,デザートストーム,牡,4,藤岡康太, 56 ,16,1,１, 内,芝1200,稍,,(栗),西浦勝一,1104,-0.2,,5,5,35.2,440,+2,
,"2018. 1. 8",京都,1京3,500万,500万下,3,5,ワンダープラヤアン,牡,4,松山弘平, 56 ,16,13,１, ,ダ1400,稍,*,(栗),森田直行,1253,-0.0,,11,13,36.8,486,+6,
,"2018. 1. 8",京都,1京3,新馬,新馬,5,10,レッドレオン,牡,3,Ｍ．デム, 56 ,16,1,１, 内,芝1600,稍,,(栗),角居勝彦,1387,-0.0,,3,3,36.6,442,,
,"2018. 1. 8",京都,1京3,未勝利,未勝利,8,16,ジェシー,牡,3,川田将雅, 56 ,16,2,１, 内,芝2000,稍,,(栗),中内田充,2023,-0.6,1,1,1,37.2,474,+6,
,"2018. 1. 8",京都,1京3,500万,500万下,4,8,フォースライン,牡,4,北村友一, 56 ,16,2,１, ,ダ1900,稍,,(栗),吉田直弘,1597,-0.4,14,13,8,37.2,512,+2,
,"2018. 1. 8",京都,1京3,500万,500万下*,4,8,メイショウイサナ,牡,3,武豊, 56 ,16,2,１, ,ダ1400,稍,,(栗),南井克巳,1256,-0.6,,2,2,38.2,512,+4,
,"2018. 1. 8",京都,1京3,新馬,新馬・牝,7,10,レジェンディスト,牝,3,加藤祥太,53☆,12,4,１, ,ダ1800,稍,,(栗),庄野靖志,1565,-1.8,1,1,1,37.7,450,,
,"2018. 1. 8",京都,1京3,未勝利,未勝利,4,7,マイネルカイノン,牡,3,戸崎圭太, 56 ,16,1,１, ,ダ1800,稍,,(栗),宮徹,1549,-0.1,10,8,6,39.6,496,+4,
,"2018. 1. 7",京都,1京2,1000万,1000万下,3,3,ブランドベルグ,セ,6,藤岡佑介, 57 ,10,5,１, 外,芝1600,良,,(栗),牧田和弥,1341,-0.1,,1,1,36.6,476,-4,
,"2018. 1. 7",京都,1京2,ｵｰﾌﾟﾝ,万葉ＳＨ,6,6,トミケンスラーヴァ,牡,8,秋山真一, 52 ,9,7,１, 外,芝3000,良,,(美),竹内正洋,3070,-0.1,2,1,2,35.8,506,+2,
,"2018. 1. 7",京都,1京2,1600万,寿Ｓ1600,7,7,トリオンフ,セ,4,川田将雅, 56 ,9,3,１, 内,芝2000,良,,(栗),須貝尚介,1591,-0.6,2,2,2,34.8,540,+6,
,"2018. 1. 7",京都,1京2,1000万,舞鶴特別1000,3,3,アスターゴールド,牡,4,田中健, 56 ,14,2,１, ,ダ1800,良,,(栗),南井克巳,1530,-0.0,1,1,1,37.2,496,-2,
,"2018. 1. 7",京都,1京2,500万,500万下,1,1,アインザッツ,牡,5,中谷雄太, 57 ,16,9,１, 外,芝2200,良,*,(栗),大久保龍,2139,-0.0,4,4,4,35.2,474,+8,B
,"2018. 1. 7",京都,1京2,500万,500万下,4,8,スズカブルグ,牡,4,森裕太朗,54△,16,2,１, ,ダ1800,良,,(栗),藤沢則雄,1542,-0.2,9,10,10,36.2,508,+6,
,"2018. 1. 7",京都,1京2,500万,500万下*,1,1,テイエムディラン,牡,3,田中健, 56 ,10,8,１, ,ダ1800,良,,(栗),木原一良,1539,-0.1,6,5,5,38.6,468,+2,
,"2018. 1. 7",京都,1京2,未勝利,未勝利,3,6,ラセット,牡,3,藤岡佑介, 56 ,16,2,１, 内,芝1600,良,,(栗),庄野靖志,1345,-0.0,,5,5,35.3,474,+4,
,"2018. 1. 7",京都,1京2,未勝利,障害未勝利,5,6,ディライトフル,セ,7,白浜雄造, 60 ,13,1,１, ,ダ2910,良,,(栗),大久保龍,3199,-0.4,3,1,1,13.7,488,+2,
,"2018. 1. 7",京都,1京2,新馬,新馬,4,8,マルモマリア,牝,3,富田暁,51▲,16,2,１, ,ダ1200,良,,(栗),木原一良,1141,-0.2,,1,1,37.8,472,,
,"2018. 1. 7",京都,1京2,未勝利,未勝利・牝,3,3,シンコーメグチャン,牝,3,国分優作, 54 ,14,4,１, ,ダ1800,良,,(栗),湯窪幸雄,1564,-0.2,4,4,4,37.3,470,+2,
,"2018. 1. 7",京都,1京2,未勝利,未勝利,8,16,スリーヘリオス,牡,3,国分恭介, 56 ,16,4,１, ,ダ1200,良,,(栗),村山明,1131,-0.9,,4,3,37.1,480,+2,
,"2018. 1. 6",京都,1京1,1000万,1000万下,5,10,ウインソワレ,牝,6,菱田裕二, 55 ,16,9,１, 内,芝1200,良,*,(栗),宮本博,1090,-0.3,,1,1,35.1,482,+6,
,"2018. 1. 6",京都,1京1,Ｇ３,京都金杯ＨG3,6,9,ブラックムーン,牡,6,武豊, 57 ,13,4,１, 外,芝1600,良,,(栗),西浦勝一,1343,-0.1,,12,9,33.9,500,-6,
,"2018. 1. 6",京都,1京1,1600万,初夢Ｓ1600,8,9,マイネルオフィール,牡,6,丹内祐次, 57 ,10,2,１, ,ダ1900,良,*,(栗),飯田雄三,1598,-0.2,2,2,2,36.8,498,+2,B
,"2018. 1. 6",京都,1京1,500万,福寿草特500*,8,8,アイトーン,牡,3,国分恭介, 56 ,8,7,１, 内,芝2000,良,,(栗),五十嵐忠,2023,-0.1,1,1,1,35.1,476,-2,
,"2018. 1. 6",京都,1京1,1000万,1000万下,4,7,モズアトラクション,牡,4,鮫島克駿, 56 ,15,1,１, ,ダ1900,良,,(栗),松下武士,1594,-0.5,8,7,4,37.1,486,0,
,"2018. 1. 6",京都,1京1,500万,500万下,2,4,アグネスエーデル,牡,6,小崎綾也,56☆,16,2,１, ,ダ1200,良,,(栗),小崎憲,1125,-0.0,,14,14,35.8,520,+12,
,"2018. 1. 6",京都,1京1,新馬,新馬,8,14,サトノフェイバー,牡,3,古川吉洋, 56 ,15,2,１, 内,芝2000,良,,(栗),南井克巳,2048,-0.5,1,1,1,34.9,526,,
,"2018. 1. 6",京都,1京1,未勝利,未勝利,4,5,ユーキャンスマイル,牡,3,武豊, 56 ,13,1,１, 外,芝2200,良,,(栗),友道康夫,2156,-0.3,3,4,3,34.7,476,-2,
,"2018. 1. 6",京都,1京1,500万,500万下・牝,3,6,アイアンテーラー,牝,4,松山弘平, 54 ,16,1,１, ,ダ1800,良,,(栗),飯田雄三,1536,-0.5,1,1,1,38.8,478,0,
,"2018. 1. 6",京都,1京1,未勝利,未勝利,5,9,グリム,牡,3,幸英明, 56 ,16,3,１, ,ダ1400,良,,(栗),野中賢二,1260,-0.3,,2,2,38.2,490,0,
,"2018. 1. 6",京都,1京1,未勝利,未勝利,7,13,テイエムギフテッド,牡,3,川又賢治,53▲,16,6,１, ,ダ1800,良,*,(栗),五十嵐忠,1559,-0.1,11,8,6,38.3,460,-2,
,"2018. 1. 6",京都,1京1,未勝利,未勝利・牝,5,10,メープル,牝,3,小崎綾也,53☆,16,2,１, ,ダ1200,良,,(栗),小崎憲,1126,-0.8,,1,1,37.0,504,0,
,2017.11.26,京都,5京8,Ｇ３,京阪杯G3,2,4,ネロ,牡,6,吉原寛人, 58 ,16,9,１, 内,芝1200,良,,(栗),森秀行,1088,-0.0,,1,1,34.5,478,+11,
,2017.11.26,京都,5京8,ｵｰﾌﾟﾝ,オータム,7,10,ニットウスバル,牡,5,川田将雅, 56 ,13,2,１, ,ダ1200,良,,(美),高橋文雅,1112,-0.2,,9,10,35.3,526,+2,
,2017.11.26,京都,5京8,1600万,渡月橋Ｈ1600,8,15,モズアスコット,牡,3,吉原寛人, 55 ,15,1,１, 外,芝1400,良,,(栗),矢作芳人,1215,-0.3,,7,8,34.2,488,0,
,2017.11.26,京都,5京8,500万,白菊賞500*,4,4,リリーノーブル,牝,2,川田将雅, 54 ,12,1,１, 内,芝1600,良,,(栗),藤岡健一,1363,-0.2,,3,4,34.9,498,-4,
,2017.11.26,京都,5京8,1000万,1000万下,8,14,サンライズウィズ,牡,4,荻野極,56☆,15,6,１, ,ダ1900,良,,(栗),河内洋,1595,-0.1,1,1,1,38.0,494,+4,
,2017.11.26,京都,5京8,1000万,1000万下,8,15,ヤサシサ,牝,3,浜中俊, 54 ,16,3,１, ,ダ1200,良,,(栗),奥村豊,1120,-0.0,,3,3,37.2,496,+8,
,2017.11.26,京都,5京8,500万,500万下,1,1,オクラホマ,牡,3,浜中俊, 55 ,16,2,１, ,ダ1800,良,,(栗),石坂正,1531,-0.2,7,9,7,37.6,506,+2,
,2017.11.26,京都,5京8,新馬,新馬,4,7,トライン,牡,2,北村友一, 55 ,15,1,１, 外,芝1800,良,,(栗),浜田多実,1501,-0.5,,1,1,34.7,464,,
,2017.11.26,京都,5京8,ｵｰﾌﾟﾝ,障害・オープ,6,6,ダンツキャンサー,牝,6,植野貴也, 58 ,10,1,１, ,ダ3170,良,,(栗),谷潔,3370,-0.8,3,3,2,13.7,494,+6,
,2017.11.26,京都,5京8,未勝利,未勝利*,5,10,ドミナートゥス,牡,2,荻野極,54☆,18,1,１, 内,芝2000,良,,(栗),宮本博,2030,-0.1,4,5,5,35.1,476,-2,
,2017.11.26,京都,5京8,未勝利,未勝利*,5,9,スターリーステージ,牝,2,川田将雅, 54 ,18,1,１, 内,芝1600,良,,(栗),音無秀孝,1361,-0.1,,3,2,36.0,450,0,
,2017.11.26,京都,5京8,未勝利,未勝利*,6,11,カミノコ,牡,2,吉原寛人, 55 ,16,1,１, ,ダ1200,稍,,(栗),森秀行,1132,-0.1,,6,6,36.8,458,+8,
,2017.11.25,京都,5京7,1000万,1000万下,3,3,オブリゲーション,牡,4,シュタル, 57 ,12,8,１, 外,芝1600,良,,(栗),奥村豊,1347,-0.0,,7,6,34.0,472,+14,
,2017.11.25,京都,5京7,Ｇ３,京都２歳G3,6,6,グレイル,牡,2,武豊, 55 ,9,2,１, 内,芝2000,良,,(栗),野中賢二,2016,-0.0,4,4,4,34.0,492,-2,
,2017.11.25,京都,5京7,1600万,花園Ｓ1600,1,1,ヒロブレイブ,牡,4,四位洋文, 57 ,10,3,１, ,ダ1900,稍,,(栗),川村禎彦,1589,-0.0,10,10,10,35.8,480,+2,
,2017.11.25,京都,5京7,1000万,高雄特Ｈ1000,8,13,メイケイレジェンド,牡,4,富田暁, 54 ,14,3,１, 外,芝2400,良,,(栗),木原一良,2264,-0.0,12,12,8,35.1,488,+4,
,2017.11.25,京都,5京7,500万,500万下,5,9,インヘリットデール,牝,3,Ｃ．デム, 53 ,18,1,１, 外,芝1800,良,,(栗),高野友和,1484,-0.1,,2,1,34.9,462,+6,
,2017.11.25,京都,5京7,500万,500万下,1,2,メイショウサチシオ,牝,3,浜中俊, 54 ,16,1,１, ,ダ1400,稍,,(栗),石橋守,1248,-0.4,,1,1,37.2,494,+2,
,2017.11.25,京都,5京7,新馬,新馬,8,15,サトノプライド,牡,2,古川吉洋, 55 ,16,1,１, ,ダ1800,稍,,(栗),南井克巳,1554,-0.0,2,2,2,38.6,530,,
,2017.11.25,京都,5京7,新馬,新馬,7,15,サンラモンバレー,牡,2,Ｃ．デム, 55 ,18,1,１, 内,芝1600,良,,(栗),池江泰寿,1378,-0.2,,3,3,34.6,468,,
,2017.11.25,京都,5京7,未勝利,未勝利*,8,14,ドラセナ,牡,2,Ｃ．デム, 55 ,15,3,１, 外,芝1800,良,,(栗),角居勝彦,1502,-0.0,,8,7,34.8,464,-2,
,2017.11.25,京都,5京7,未勝利,未勝利・牝*,5,10,マリアバローズ,牝,2,Ｃ．デム, 54 ,18,9,１, 内,芝1400,良,,(栗),石坂正,1228,-0.0,,12,11,34.7,428,0,
,2017.11.25,京都,5京7,未勝利,未勝利*,2,3,エルティグレ,牡,2,松田大作, 55 ,16,1,１, ,ダ1800,稍,,(栗),大久保龍,1567,-0.0,5,4,3,40.1,476,+6,
,2017.11.25,京都,5京7,未勝利,未勝利*,2,4,タガノタイト,牡,2,浜中俊, 55 ,16,3,１, ,ダ1400,稍,,(栗),川村禎彦,1258,-0.3,,2,2,38.1,466,-16,
,2017.11.19,京都,5京6,1600万,西陣Ｓ1600,5,10,ディオスコリダー,牡,3,ムーア, 56 ,16,3,１, ,ダ1200,重,,(栗),高橋義忠,1105,-0.4,,8,7,34.8,502,0,
,2017.11.19,京都,5京6,Ｇ１,マイルチG1,8,18,ペルシアンナイト,牡,3,Ｍ．デム, 56 ,18,4,１, 外,芝1600,稍,*,(栗),池江泰寿,1338,-0.0,,15,13,33.9,488,+12,
,2017.11.19,京都,5京6,1000万,衣笠特別1000,1,1,アンドリエッテ,牝,5,田辺裕信, 55 ,14,6,１, 外,芝1800,稍,,(栗),牧田和弥,1475,-0.1,,14,13,34.6,468,+2,
,2017.11.19,京都,5京6,500万,秋明菊賞500*,7,7,シグナライズ,牝,2,ルメール, 54 ,10,1,１, 外,芝1400,稍,,(栗),藤原英昭,1236,-0.4,,7,6,34.3,488,+4,
,2017.11.19,京都,5京6,1000万,1000万下,8,16,シロニイ,牡,3,川田将雅, 55 ,16,2,１, ,ダ1800,重,,(栗),池江泰寿,1514,-0.0,9,9,8,36.3,510,0,
,2017.11.19,京都,5京6,500万,500万下,2,3,ムーヴザワールド,牡,3,ルメール, 55 ,15,1,１, 外,芝2400,稍,,(栗),石坂正,2265,-0.4,13,12,5,35.9,522,-4,
,2017.11.19,京都,5京6,新馬,新馬,6,11,ヌーディーカラー,牡,2,ルメール, 55 ,16,1,１, ,ダ1200,重,,(栗),宮本博,1126,-0.0,,2,1,35.8,470,,
,2017.11.19,京都,5京6,新馬,新馬,1,1,フランツ,牡,2,ルメール, 55 ,8,1,１, 内,芝2000,稍,,(栗),音無秀孝,2078,-0.2,5,7,7,34.5,448,,
,2017.11.19,京都,5京6,未勝利,未勝利*,3,5,ヤマニンルネッタ,牝,2,岡田祥嗣, 54 ,17,4,１, 内,芝1200,重,,(栗),浅見秀一,1108,-0.0,,2,2,35.3,426,-2,
,2017.11.19,京都,5京6,未勝利,未勝利*,3,3,ゴールドフラッグ,牡,2,Ｍ．デム, 55 ,11,2,１, 内,芝2000,重,,(栗),須貝尚介,2045,-0.1,11,1,1,36.1,498,+8,B
,2017.11.19,京都,5京6,未勝利,未勝利*,2,4,トキノオー,牡,2,小坂忠士, 55 ,16,7,１, ,ダ1800,重,,(栗),奥村豊,1539,-0.3,2,2,1,38.5,506,+6,
,2017.11.19,京都,5京6,未勝利,未勝利*,8,14,スカイルーク,牡,2,Ｍ．デム, 55 ,14,1,１, ,ダ1400,重,,(栗),羽月友彦,1264,-0.4,,1,1,37.3,466,+6,
,2017.11.18,京都,5京5,1000万,1000万下,5,5,ベルカプリ,牝,3,荻野極,53☆,11,5,１, 外,芝1400,重,,(栗),西浦勝一,1233,-0.0,,1,1,34.6,462,+2,
,2017.11.18,京都,5京5,ｵｰﾌﾟﾝ,アンドロＨ,5,8,ブラックバゴ,牡,5,池添謙一, 54 ,15,6,１, 内,芝2000,重,,(美),斎藤誠,2014,-0.2,13,11,7,35.0,516,-4,
,2017.11.18,京都,5京5,1600万,修学院Ｈ1600,2,2,ストレンジクォーク,牡,5,浜中俊, 56 ,11,7,１, 内,芝2000,重,,(美),小島太,2020,-0.0,3,4,4,34.7,500,+6,
,2017.11.18,京都,5京5,500万,もちの木500*,3,4,ビッグスモーキー,牡,2,浜中俊, 55 ,14,3,１, ,ダ1800,重,,(栗),清水久詞,1510,-0.1,4,4,4,36.3,534,+2,
,2017.11.18,京都,5京5,1000万,1000万下,4,4,トリオンフ,セ,3,Ｃ．デム, 55 ,10,2,１, 内,芝2000,重,,(栗),須貝尚介,2028,-0.6,3,3,1,34.2,534,0,
,2017.11.18,京都,5京5,500万,500万下,5,10,ドライバーズハイ,牡,4,Ｍ．デム, 57 ,16,2,１, ,ダ1800,重,,(栗),高橋亮,1498,-0.1,15,15,12,35.8,454,+6,
,2017.11.18,京都,5京5,新馬,新馬,4,6,グロリアフライト,牝,2,国分恭介, 54 ,14,3,１, 内,芝1200,重,,(栗),五十嵐忠,1115,-0.0,,1,1,35.1,424,,
,2017.11.18,京都,5京5,新馬,新馬,6,8,サトノワルキューレ,牝,2,Ｍ．デム, 54 ,13,1,１, 外,芝1800,重,,(栗),角居勝彦,1521,-0.0,,2,2,35.3,462,,
,2017.11.18,京都,5京5,未勝利,未勝利*,2,3,ライトオンキュー,牡,2,四位洋文, 55 ,15,2,１, 内,芝1600,重,,(栗),昆貢,1367,-0.0,,11,10,35.4,498,0,
,2017.11.18,京都,5京5,未勝利,未勝利*,3,6,テイエムディラン,牡,2,田中健, 55 ,16,10,１, ,ダ1800,重,,(栗),木原一良,1527,-0.2,6,7,5,37.5,462,+8,
,2017.11.18,京都,5京5,未勝利,未勝利*,5,6,タガノプレトリア,牡,2,藤岡康太, 55 ,13,1,１, ,ダ1200,重,,(栗),宮徹,1118,-0.2,,4,4,36.0,442,+2,
,2017.11.18,京都,5京5,未勝利,未勝利・牝*,7,13,ベルアーシュ,牝,2,Ｃ．デム, 54 ,15,3,１, ,ダ1400,重,,(栗),杉山晴紀,1258,-0.1,,2,2,37.0,462,-4,
,2017.11.12,京都,5京4,500万,500万下,8,18,アドマイヤリアル,牡,4,池添謙一, 57 ,18,6,１, 外,芝1600,良,,(栗),梅田智之,1353,-0.1,,1,1,34.8,492,0,
,2017.11.12,京都,5京4,Ｇ１,エリザベG1,3,5,モズカッチャン,牝,3,Ｍ．デム, 54 ,18,5,１, 外,芝2200,良,,(栗),鮫島一歩,2143,-0.0,5,4,4,34.1,476,-2,
,2017.11.12,京都,5京4,1600万,観月橋Ｓ1600,3,3,ラインルーフ,牡,5,森一馬, 57 ,12,12,１, ,ダ1800,良,,(栗),松永昌博,1507,-0.2,3,3,2,37.7,518,+2,
,2017.11.12,京都,5京4,500万,黄菊賞500*,7,11,ジュンヴァルロ,牡,2,ムーア, 55 ,13,4,１, 内,芝2000,良,,(栗),友道康夫,2018,-0.1,1,1,1,35.3,482,0,
,2017.11.12,京都,5京4,1000万,ドンカＨ1000,8,8,グレイスミノル,牝,5,和田竜二, 54 ,8,5,１, 外,芝1600,良,,(栗),本田優,1346,-0.0,,2,2,35.0,498,+2,
,2017.11.12,京都,5京4,1000万,1000万下,1,2,ザイディックメア,牡,5,和田竜二, 57 ,16,4,１, ,ダ1800,良,,(栗),村山明,1522,-0.0,3,4,4,36.9,468,0,
,2017.11.12,京都,5京4,500万,500万下・牝,1,1,トゥールエッフェル,牝,4,松山弘平, 55 ,13,10,１, ,ダ1800,良,,(栗),加用正,1531,-0.0,1,1,1,37.5,522,+4,
,2017.11.12,京都,5京4,新馬,新馬,2,2,ダノンフォーチュン,牡,2,浜中俊, 55 ,11,1,１, 外,芝1800,良,,(栗),大久保龍,1507,-0.6,,7,6,34.9,506,,
,2017.11.12,京都,5京4,新馬,新馬・牝,4,6,フィニフティ,牝,2,福永祐一, 54 ,14,1,１, 内,芝1600,良,,(栗),藤原英昭,1367,-0.3,,3,3,35.1,428,,
,2017.11.12,京都,5京4,未勝利,未勝利*,4,6,グリエルマ,牝,2,川田将雅, 54 ,15,2,１, 内,芝1400,良,,(栗),矢作芳人,1231,-0.2,,4,4,34.7,462,+2,
,2017.11.12,京都,5京4,未勝利,未勝利*,3,3,バイラ,牡,2,和田竜二, 55 ,14,1,１, ,ダ1200,良,,(栗),川村禎彦,1128,-0.4,,6,4,36.7,496,+10,
,2017.11.12,京都,5京4,未勝利,未勝利*,8,9,ストリ,牡,2,松山弘平, 55 ,10,5,１, ,ダ1400,良,,(栗),松下武士,1258,-0.6,,2,2,38.0,476,-4,
,2017.11.11,京都,5京3,500万,500万下,2,4,パンサーバローズ,牡,3,川田将雅, 56 ,16,2,１, ,ダ1200,良,,(栗),角居勝彦,1120,-0.1,,1,1,36.8,494,+6,
,2017.11.11,京都,5京3,Ｇ２,デイリーG2,3,3,ジャンダルム,牡,2,アッゼニ, 55 ,9,5,１, 外,芝1600,良,,(栗),池江泰寿,1363,-0.2,,5,5,34.4,484,+4,
,2017.11.11,京都,5京3,1600万,比叡Ｓ1600,7,7,クィーンチャーム,牝,5,シュタル, 55 ,9,8,１, 外,芝2200,良,*,(栗),池江泰寿,2139,-0.0,3,4,5,35.0,448,-6,
,2017.11.11,京都,5京3,1000万,花背特別1000,3,5,インフェルノ,セ,5,池添謙一, 57 ,16,1,１, ,ダ1400,稍,,(栗),池添兼雄,1239,-0.1,,2,2,37.5,498,0,
,2017.11.11,京都,5京3,ＪＧ３,京都ジャJG3,7,8,マイネルフィエスタ,牡,7,植野貴也, 60 ,11,4,１, ,芝3170,稍,,(栗),中村均,3341,-0.0,3,2,2,13.5,516,+8,
,2017.11.11,京都,5京3,1000万,1000万下,5,5,アドマイヤロブソン,牡,3,川田将雅, 55 ,8,1,１, 外,芝2200,稍,,(栗),友道康夫,2166,-0.2,2,2,2,34.2,510,-2,
,2017.11.11,京都,5京3,新馬,新馬,5,7,テーオーエナジー,牡,2,藤岡康太, 55 ,13,2,１, ,ダ1800,稍,,(栗),宮徹,1548,-0.4,3,2,2,37.3,500,,
,2017.11.11,京都,5京3,新馬,新馬,7,10,エールショー,牡,2,和田竜二, 55 ,12,3,１, 内,芝1400,稍,,(栗),鈴木孝志,1248,-0.0,,2,2,35.3,460,,
,2017.11.11,京都,5京3,未勝利,未勝利*,5,6,アイトーン,牡,2,国分恭介, 55 ,12,5,１, 外,芝1800,稍,,(栗),五十嵐忠,1499,-0.2,,1,1,35.1,480,-2,
,2017.11.11,京都,5京3,未勝利,未勝利*,8,12,パクスアメリカーナ,牡,2,川田将雅, 55 ,12,2,１, 内,芝1600,稍,,(栗),中内田充,1345,-0.2,,2,2,35.8,470,-12,
,2017.11.11,京都,5京3,未勝利,未勝利*,8,11,ペプチドシャプネス,牡,2,四位洋文, 55 ,12,2,１, ,ダ1800,稍,,(栗),木原一良,1543,-0.1,4,2,2,38.5,498,+4,
,2017.11.11,京都,5京3,未勝利,未勝利・牝*,3,3,メイショウラビエ,牝,2,池添謙一, 54 ,14,7,１, ,ダ1400,稍,*,(栗),池添兼雄,1260,-0.3,,4,4,37.3,470,-4,
,"2017.11. 5",京都,5京2,1000万,1000万下,3,6,グラッブユアコート,牝,5,ルメール, 55 ,16,2,１, ,ダ1200,良,,(栗),千田輝彦,1120,-0.0,,6,6,37.0,466,-12,
,"2017.11. 5",京都,5京2,Ｇ３,みやこＳG3,8,16,テイエムジンソク,牡,5,古川吉洋, 56 ,16,2,１, ,ダ1800,良,,(栗),木原一良,1501,-0.4,4,3,1,37.2,492,-4,
,"2017.11. 5",京都,5京2,1600万,長岡京Ｓ1600,6,6,ムーンクエイク,セ,4,ルメール, 57 ,8,1,１, 外,芝1600,良,,(美),藤沢和雄,1342,-0.1,,4,4,34.0,486,-8,
,"2017.11. 5",京都,5京2,1000万,醍醐特別1000,8,18,ベルディーヴァ,牝,5,中谷雄太, 55 ,18,5,１, 内,芝1200,良,,(栗),斉藤崇史,1087,-0.2,,6,6,34.2,476,+10,
,"2017.11. 5",京都,5京2,500万,500万下,4,6,メイケイレジェンド,牡,4,富田暁,54▲,14,3,１, 内,芝2000,良,,(栗),木原一良,1596,-0.1,11,10,4,35.1,484,+6,
,"2017.11. 5",京都,5京2,500万,500万下,4,7,ラボーナ,牡,3,ルメール, 55 ,15,2,１, ,ダ1900,良,,(美),藤沢和雄,1595,-0.2,11,10,2,37.1,530,0,
,"2017.11. 5",京都,5京2,新馬,新馬,5,7,サウンドキアラ,牝,2,武豊, 54 ,14,3,１, 内,芝1400,良,,(栗),安達昭夫,1222,-0.3,,5,5,34.4,438,,
,"2017.11. 5",京都,5京2,新馬,新馬,8,12,スラッシュメタル,牡,2,岩田康誠, 55 ,13,6,１, 内,芝2000,良,,(栗),西村真幸,2039,-0.3,5,4,4,34.2,440,,
,"2017.11. 5",京都,5京2,未勝利,未勝利*,5,5,ウォルビスベイ,牡,2,武豊, 55 ,11,1,１, 外,芝1800,良,,(栗),松永幹夫,1488,-0.0,,3,2,36.1,446,-4,
,"2017.11. 5",京都,5京2,未勝利,未勝利*,5,5,グレートタイム,牡,2,ルメール, 55 ,9,1,１, ,ダ1800,良,,(栗),藤原英昭,1548,-0.8,5,4,2,36.4,470,0,
,"2017.11. 5",京都,5京2,未勝利,未勝利・牝*,6,10,シグナライズ,牝,2,ルメール, 54 ,15,1,１, 内,芝1600,良,,(栗),藤原英昭,1351,-0.3,,2,2,34.9,484,0,
,"2017.11. 5",京都,5京2,未勝利,未勝利*,7,10,ティカル,牡,2,富田暁,52▲,13,3,１, ,ダ1400,良,,(栗),池添学,1265,-1.0,,1,1,38.3,498,0,
,"2017.11. 3",京都,5京1,500万,500万下,8,16,ハーツジュニア,牡,5,太宰啓介, 57 ,16,3,１, ,ダ1400,良,,(栗),岩元市三,1249,-0.2,,1,2,37.2,502,-2,
,"2017.11. 3",京都,5京1,Ｇ３,ファンタG3,6,9,ベルーガ,牝,2,Ｃ．デム, 54 ,13,5,１, 外,芝1400,良,,(栗),中内田充,1229,-0.1,,10,10,33.9,476,-6,
,"2017.11. 3",京都,5京1,1600万,貴船ＳＨ1600,6,12,ドライヴナイト,牡,4,Ｃ．デム, 55 ,16,3,１, ,ダ1400,良,,(栗),奥村豊,1238,-0.2,,2,2,35.9,526,+2,
,"2017.11. 3",京都,5京1,1000万,近江特Ｈ1000,4,5,ナリタエイト,牡,4,Ｍ．デム, 54 ,13,2,１, 外,芝1800,良,,(栗),松永昌博,1475,-0.2,,8,9,35.0,462,-4,
,"2017.11. 3",京都,5京1,1000万,1000万下・牝,1,1,アンデスクイーン,牝,3,Ｍ．デム, 53 ,14,2,１, ,ダ1800,良,,(栗),西園正都,1510,-0.2,10,7,5,36.4,482,+4,
,"2017.11. 3",京都,5京1,新馬,新馬,4,4,トゥラヴェスーラ,牡,2,川田将雅, 55 ,12,3,１, 内,芝1600,良,,(栗),高橋康之,1354,-0.5,,1,1,35.1,476,,
,"2017.11. 3",京都,5京1,新馬,新馬,4,5,タマモカトレア,牝,2,富田暁,51▲,13,1,１, ,ダ1400,良,,(栗),木原一良,1268,-0.0,,6,3,37.4,474,,
,"2017.11. 3",京都,5京1,新馬,新馬・牝,7,11,カーティバル,牝,2,和田竜二, 54 ,14,4,１, 内,芝1400,良,,(栗),高橋義忠,1234,-0.1,,2,2,35.0,414,,
,"2017.11. 3",京都,5京1,未勝利,未勝利*,1,1,ガールズバンド,牝,2,Ｍ．デム, 54 ,6,1,１, 内,芝2000,良,,(栗),須貝尚介,2028,-0.0,1,1,1,35.2,456,+4,
,"2017.11. 3",京都,5京1,未勝利,未勝利*,8,12,ミトノレインボー,牝,2,酒井学, 54 ,12,6,１, 内,芝1200,良,,(栗),大橋勇樹,1095,-0.3,,2,2,35.3,468,+6,
,"2017.11. 3",京都,5京1,未勝利,未勝利*,6,6,ワイルドシング,牡,2,国分恭介, 55 ,8,1,１, ,ダ1800,良,,(栗),飯田祐史,1553,-0.1,5,4,3,38.9,454,+6,
,"2017.11. 3",京都,5京1,未勝利,未勝利*,6,10,ブルベアルッコラ,牡,2,太宰啓介, 55 ,14,10,１, ,ダ1200,良,,(栗),渡辺薫彦,1135,-0.0,,13,12,36.3,466,-4,
,2017.10.29,京都,4京9,1000万,1000万下,7,11,マイネルパラディ,牡,3,柴田大知, 55 ,13,4,１, 外,芝1400,不,*,(栗),田所秀孝,1270,-0.0,,1,2,37.0,474,+10,
,2017.10.29,京都,4京9,ｵｰﾌﾟﾝ,カシオペ,8,13,アメリカズカップ,牡,3,松山弘平, 55 ,13,5,１, 外,芝1800,不,*,(栗),音無秀孝,1534,-0.6,,2,3,38.6,452,+4,
,2017.10.29,京都,4京9,1600万,御陵ＳＨ1600,4,7,マイネルバサラ,牡,4,柴田大知, 57 ,16,7,１, ,ダ1800,不,,(美),松山将樹,1501,-0.4,7,6,5,38.2,474,-2,
,2017.10.29,京都,4京9,1000万,鳴滝特別1000,3,3,エリモジパング,牡,7,松田大作, 57 ,9,7,１, 外,芝2200,不,,(美),中野栄治,2227,-0.3,2,2,1,38.3,468,0,
,2017.10.29,京都,4京9,500万,500万下,2,4,レッドリボン,牝,3,四位洋文, 53 ,16,5,１, ,ダ1400,不,,(栗),野中賢二,1244,-0.3,,10,6,36.5,450,-6,
,2017.10.29,京都,4京9,500万,500万下,6,7,クリノライメイ,牡,3,藤岡康太, 55 ,11,2,１, ,ダ1800,不,,(栗),荒川義之,1517,-0.2,2,2,2,38.1,518,+2,
,2017.10.29,京都,4京9,500万,500万下*,7,7,アンヴァル,牝,2,藤岡康太, 54 ,8,1,１, 内,芝1200,不,,(栗),藤岡健一,1121,-0.5,,4,4,36.5,452,-6,
,2017.10.29,京都,4京9,新馬,新馬,6,11,レッドサクヤ,牝,2,浜中俊, 54 ,16,1,１, 内,芝1600,不,,(栗),藤原英昭,1397,-0.4,,4,3,36.7,462,,
,2017.10.29,京都,4京9,新馬,新馬,8,13,マリオ,牡,2,古川吉洋, 55 ,14,8,１, ,ダ1800,不,,(栗),安達昭夫,1539,-0.2,11,10,9,38.0,486,,
,2017.10.29,京都,4京9,未勝利,未勝利*,3,3,バトルガラクシア,牝,2,荻野極,53☆,12,3,１, 外,芝1800,重,,(栗),本田優,1526,-0.0,,3,3,37.4,476,-4,
,2017.10.29,京都,4京9,未勝利,未勝利*,7,9,タガノヒバナ,牡,2,幸英明, 55 ,12,1,１, ,ダ1200,重,,(栗),鈴木孝志,1125,-0.3,,2,2,37.0,476,+2,
,2017.10.29,京都,4京9,未勝利,未勝利*,4,4,メイショウオーパス,牡,2,幸英明, 55 ,11,1,１, ,ダ1400,重,,(栗),飯田祐史,1260,-0.4,,6,5,38.1,496,+4,
,2017.10.28,京都,4京8,1000万,1000万下,6,12,ブライトンロック,牡,3,松田大作, 55 ,16,7,１, ,ダ1800,重,,(美),田中清隆,1518,-0.3,12,12,8,37.0,450,+2,
,2017.10.28,京都,4京8,Ｇ２,スワンＳG2,2,3,サングレーザー,牡,3,Ｃ．デム, 54 ,18,2,１, 外,芝1400,重,,(栗),浅見秀一,1224,-0.0,,12,9,34.8,476,+2,
,2017.10.28,京都,4京8,1600万,八坂Ｓ1600,2,2,エテルナミノル,牝,4,和田竜二, 55 ,8,3,１, 外,芝1800,重,,(栗),本田優,1498,-0.8,,2,2,34.4,456,+8,
,2017.10.28,京都,4京8,ｵｰﾌﾟﾝ,萩Ｓ,6,6,タイムフライヤー,牡,2,Ｃ．デム, 55 ,7,1,１, 外,芝1800,重,,(栗),松田国英,1497,-0.7,,6,6,36.1,458,0,
,2017.10.28,京都,4京8,1000万,1000万下,7,13,オールポッシブル,牝,3,Ｃ．デム, 53 ,16,4,１, ,ダ1400,重,,(栗),高橋亮,1241,-0.4,,2,2,37.0,494,+4,
,2017.10.28,京都,4京8,500万,500万下,3,6,ロライマ,セ,4,Ｍ．デム, 57 ,17,1,１, 外,芝1600,稍,,(栗),松田国英,1355,-0.2,,9,10,35.3,444,+10,
,2017.10.28,京都,4京8,500万,500万下,3,4,スズカコーズライン,牡,3,酒井学, 55 ,14,4,１, ,ダ1200,重,,(栗),木原一良,1115,-0.0,,1,1,37.3,480,+8,
,2017.10.28,京都,4京8,新馬,新馬,6,11,スーパーフェザー,牡,2,Ｍ．デム, 55 ,16,1,１, 外,芝1800,稍,,(栗),友道康夫,1506,-0.0,,9,9,36.2,478,,
,2017.10.28,京都,4京8,新馬,新馬,6,11,ロードエース,牡,2,池添謙一, 55 ,16,4,１, ,ダ1200,重,*,(栗),松下武士,1130,-0.2,,2,2,37.3,490,,
,2017.10.28,京都,4京8,未勝利,未勝利*,2,2,ケイティクレバー,牡,2,小林徹弥, 55 ,9,5,１, 内,芝2000,稍,,(栗),目野哲也,2056,-0.7,1,1,1,35.8,442,0,
,2017.10.28,京都,4京8,未勝利,未勝利*,8,11,ロードラナキラ,牡,2,Ｍ．デム, 55 ,12,2,１, 内,芝1400,稍,,(栗),高野友和,1243,-0.0,,8,7,35.5,454,0,
,2017.10.28,京都,4京8,未勝利,未勝利*,2,2,コマビショウ,牡,2,和田竜二, 55 ,9,7,１, ,ダ1800,重,,(栗),南井克巳,1539,-1.3,3,3,2,37.4,502,-2,
,2017.10.22,京都,4京7,1000万,大山崎特1000,7,10,オウケンビリーヴ,牝,4,福永祐一, 55 ,13,1,１, ,ダ1200,不,,(栗),安田隆行,1106,-0.0,,8,6,35.4,492,+6,
,2017.10.22,京都,4京7,Ｇ１,菊花賞G1,7,13,キセキ,牡,3,Ｍ．デム, 57 ,18,1,１, 外,芝3000,不,,(栗),角居勝彦,3189,-0.3,14,12,7,39.6,488,+2,
,2017.10.22,京都,4京7,1600万,桂川Ｓ1600,5,9,グレイトチャーター,牡,5,Ｍ．デム, 57 ,16,2,１, 内,芝1200,不,,(栗),鮫島一歩,1121,-0.2,,10,11,35.9,500,+6,
,2017.10.22,京都,4京7,1000万,堀川特別1000,8,10,テーオービクトリー,牝,3,Ｍ．デム, 53 ,10,1,１, 外,芝1800,不,,(栗),岡田稲男,1525,-0.3,,9,7,37.6,470,-6,
,2017.10.22,京都,4京7,500万,なでしこ500*,6,8,ハヤブサマカオー,牡,2,ルメール, 55 ,13,1,１, ,ダ1400,不,,(美),伊藤圭三,1234,-0.7,,1,1,37.4,458,-2,
,2017.10.22,京都,4京7,1000万,1000万下,4,4,ハピネス,牝,6,福永祐一, 55 ,13,3,１, 内,芝1200,不,,(栗),千田輝彦,1127,-0.1,,5,4,37.4,506,+6,
,2017.10.22,京都,4京7,500万,500万下,7,10,メトロポリス,牡,3,福永祐一, 55 ,12,5,１, ,ダ1900,不,,(栗),吉村圭司,1577,-0.2,7,7,7,37.0,536,+8,
,2017.10.22,京都,4京7,新馬,新馬,5,7,グレイル,牡,2,武豊, 55 ,13,1,１, 内,芝2000,不,,(栗),野中賢二,2129,-0.0,6,3,2,36.1,494,,
,2017.10.22,京都,4京7,新馬,新馬,4,7,アントーニオ,牡,2,ルメール, 55 ,16,1,１, ,ダ1400,不,,(栗),吉村圭司,1255,-1.0,,2,2,37.2,456,,
,2017.10.22,京都,4京7,未勝利,未勝利*,7,8,ヴァルディノート,牡,2,ルメール, 55 ,10,1,１, 内,芝1600,不,,(栗),音無秀孝,1406,-1.3,,6,6,38.0,462,+2,
,2017.10.22,京都,4京7,未勝利,未勝利*,2,2,キーフラッシュ,牡,2,藤岡康太, 55 ,10,9,１, ,ダ1800,不,,(栗),宮徹,1536,-0.2,1,1,1,38.8,470,-4,
,2017.10.22,京都,4京7,未勝利,未勝利*,8,11,タイガートゥーレ,牡,2,太宰啓介, 55 ,11,11,１, ,ダ1400,不,,(栗),大橋勇樹,1257,-0.2,,4,4,38.0,468,-2,
,2017.10.21,京都,4京6,1000万,1000万下,6,10,テルペリオン,牡,3,松若風馬, 55 ,15,5,１, ,ダ1800,不,,(栗),寺島良,1509,-0.3,2,2,2,37.7,526,+22,
,2017.10.21,京都,4京6,ｵｰﾌﾟﾝ,室町ＳＨ,4,7,ブルミラコロ,牡,5,秋山真一, 55 ,16,3,１, ,ダ1200,不,,(栗),大久保龍,1099,-0.3,,3,3,35.6,528,+2,
,2017.10.21,京都,4京6,1600万,古都ＳＨ1600,5,5,トミケンスラーヴァ,牡,7,秋山真一, 53 ,9,9,１, 外,芝2400,重,,(美),竹内正洋,2330,-0.2,1,1,1,36.2,504,0,
,2017.10.21,京都,4京6,1000万,北野特別1000,1,1,ワンダーアツレッタ,牡,5,川田将雅, 57 ,8,2,１, 内,芝2000,重,,(栗),河内洋,2049,-0.5,1,1,1,35.8,496,+4,
,2017.10.21,京都,4京6,500万,500万下,5,5,スティルウォーター,牝,4,四位洋文, 55 ,12,3,１, 外,芝2200,重,,(栗),寺島良,2185,-0.1,11,10,9,36.3,416,+6,
,2017.10.21,京都,4京6,500万,500万下,5,10,スマートダンディー,牡,3,浜中俊, 55 ,16,1,１, ,ダ1400,不,,(栗),石橋守,1235,-0.4,,2,2,37.6,500,-2,
,2017.10.21,京都,4京6,500万,500万下・牝,8,11,イイコトバカリ,牝,3,松若風馬, 53 ,12,2,１, ,ダ1800,不,,(栗),音無秀孝,1518,-0.0,2,2,2,37.3,480,+2,
,2017.10.21,京都,4京6,新馬,新馬,4,6,カツジ,牡,2,松山弘平, 55 ,15,1,１, 内,芝1600,重,,(栗),池添兼雄,1388,-0.2,,5,5,35.9,472,,
,2017.10.21,京都,4京6,新馬,新馬・牝,7,14,ナディア,牝,2,坂井瑠星,53☆,18,5,１, 内,芝1400,稍,,(栗),笹田和秀,1243,-0.4,,7,8,35.1,404,,
,2017.10.21,京都,4京6,未勝利,未勝利*,4,4,アドマイヤアルバ,牡,2,川田将雅, 55 ,8,1,１, 外,芝1800,稍,,(栗),須貝尚介,1513,-0.2,,3,2,35.6,472,+2,
,2017.10.21,京都,4京6,未勝利,未勝利*,3,3,コウエイアンカ,牡,2,松山弘平, 55 ,9,4,１, ,ダ1200,重,,(栗),柴田光陽,1126,-0.5,,1,1,37.5,472,+6,
,2017.10.21,京都,4京6,未勝利,未勝利・牝*,4,4,エスシーハンコック,牝,2,森裕太朗,51▲,11,6,１, ,ダ1400,重,,(栗),森秀行,1263,-0.0,,8,6,37.5,446,-4,
,2017.10.15,京都,4京5,1600万,藤森Ｓ1600,4,7,オアシスクイーン,牝,3,和田竜二, 53 ,16,1,１, ,ダ1200,重,,(栗),佐藤正雄,1111,-0.1,,5,3,36.4,474,-4,
,2017.10.15,京都,4京5,Ｇ１,秋華賞G1,7,14,ディアドラ,牝,3,ルメール, 55 ,18,3,１, 内,芝2000,重,,(栗),橋田満,2002,-0.2,15,13,9,35.7,490,+12,
,2017.10.15,京都,4京5,1000万,愛宕特Ｈ1000,6,11,ヒロブレイブ,牡,4,鮫島良太, 57 ,16,4,１, ,ダ1800,重,,(栗),川村禎彦,1513,-0.1,14,14,14,37.6,476,+8,
,2017.10.15,京都,4京5,ｵｰﾌﾟﾝ,もみじＳ,5,5,ダノンスマッシュ,牡,2,福永祐一, 55 ,8,1,１, 外,芝1400,稍,,(栗),安田隆行,1234,-0.5,,3,3,34.2,462,0,
,2017.10.15,京都,4京5,500万,500万下,1,2,メイショウカリン,牝,3,武豊, 53 ,17,1,１, 内,芝1200,稍,,(栗),笹田和秀,1094,-0.3,,2,2,34.3,486,+2,
,2017.10.15,京都,4京5,1000万,1000万下,4,4,レジェンドセラー,牡,3,ルメール, 54 ,6,2,１, 外,芝2400,稍,,(美),木村哲也,2276,-0.4,2,2,2,35.4,524,+10,
,2017.10.15,京都,4京5,500万,500万下,3,3,トウカイシュテルン,牝,3,福永祐一, 53 ,13,7,１, ,ダ1400,稍,,(栗),松元茂樹,1249,-0.0,,8,7,37.7,472,+2,
,2017.10.15,京都,4京5,新馬,新馬,8,12,フォックスクリーク,牡,2,川田将雅, 55 ,12,1,１, 外,芝1800,稍,,(栗),中内田充,1510,-0.1,,3,2,36.4,478,,
,2017.10.15,京都,4京5,新馬,新馬,2,4,クレヴァーパッチ,牡,2,武豊, 55 ,16,1,１, ,ダ1200,稍,,(美),加藤征弘,1128,-0.8,,1,1,37.8,510,,
,2017.10.15,京都,4京5,未勝利,未勝利*,6,6,メガリージョン,牡,2,福永祐一, 55 ,11,1,１, 内,芝1600,良,,(栗),野中賢二,1357,-0.2,,1,1,34.7,470,0,
,2017.10.15,京都,4京5,未勝利,未勝利*,5,5,ブルヴェルソン,牡,2,ルメール, 55 ,7,1,１, ,ダ1800,稍,,(栗),高野友和,1563,-0.2,3,3,2,37.8,500,+16,
,2017.10.15,京都,4京5,未勝利,未勝利・牝*,2,2,タガノアム,牝,2,福永祐一, 54 ,8,1,１, ,ダ1200,稍,,(栗),浅見秀一,1148,-0.1,,4,5,37.4,476,-4,
,2017.10.14,京都,4京4,1000万,1000万下,1,1,ドライヴナイト,牡,4,藤岡佑介, 57 ,12,4,１, ,ダ1400,良,,(栗),奥村豊,1241,-0.1,,4,4,36.8,524,+4,
,2017.10.14,京都,4京4,1600万,清水ＳＨ1600,4,4,ミスパンテール,牝,3,酒井学, 51 ,11,4,１, 外,芝1600,良,,(栗),昆貢,1350,-0.0,,5,7,33.3,504,-4,
,2017.10.14,京都,4京4,1000万,三年坂特1000,7,7,レオナルド,牡,4,川田将雅, 57 ,9,2,１, 外,芝1600,良,,(栗),藤原英昭,1338,-0.2,,4,3,33.6,444,0,
,2017.10.14,京都,4京4,500万,紫菊賞500*,1,1,マイハートビート,牡,2,幸英明, 55 ,6,4,１, 内,芝2000,良,,(栗),高橋義忠,2004,-0.0,6,6,6,34.6,446,+2,
,2017.10.14,京都,4京4,500万,500万下,1,1,ダノンロッソ,牡,3,浜中俊, 55 ,10,3,１, ,ダ1800,良,,(栗),松田国英,1530,-0.7,1,1,1,37.6,438,0,
,2017.10.14,京都,4京4,500万,500万下,2,2,ジュエアトゥー,セ,3,松山弘平, 55 ,15,1,１, ,ダ1200,良,,(栗),山内研二,1123,-0.4,,5,4,37.3,502,+2,
,2017.10.14,京都,4京4,500万,500万下,3,3,キングズアフェアー,セ,5,川田将雅, 57 ,9,2,１, ,ダ1800,良,,(栗),奥村豊,1530,-0.2,1,1,1,38.5,524,+6,
,2017.10.14,京都,4京4,新馬,新馬,1,1,ロンロネオ,牡,2,藤岡佑介, 55 ,13,1,１, 内,芝1200,良,,(栗),藤岡健一,1100,-0.1,,5,5,34.6,440,,
,2017.10.14,京都,4京4,新馬,新馬,5,7,ライジングドラゴン,牡,2,川田将雅, 55 ,14,4,１, ,ダ1800,良,,(栗),吉田直弘,1543,-0.2,3,2,2,36.7,440,,
,2017.10.14,京都,4京4,未勝利,未勝利*,3,3,エタリオウ,牡,2,和田竜二, 55 ,10,4,１, 内,芝2000,良,,(栗),友道康夫,2012,-0.1,10,10,1,34.3,466,-6,B
,2017.10.14,京都,4京4,未勝利,未勝利*,8,8,ラブカンプー,牝,2,川田将雅, 54 ,9,1,１, 内,芝1200,良,,(栗),森田直行,1091,-0.4,,1,1,34.8,428,-4,
,2017.10.14,京都,4京4,未勝利,未勝利*,8,10,ビコーズオブユー,セ,2,川田将雅, 55 ,10,3,１, ,ダ1400,良,,(栗),中竹和也,1270,-0.0,,1,1,39.7,492,+4,
,"2017.10. 9",京都,4京3,500万,500万下,6,11,ダンツゴウユウ,牡,3,酒井学, 55 ,15,9,１, ,ダ1400,稍,,(栗),谷潔,1245,-0.0,,9,9,36.4,466,-2,
,"2017.10. 9",京都,4京3,Ｇ２,京都大賞G2,3,4,スマートレイアー,牝,7,武豊, 54 ,15,4,１, 外,芝2400,良,,(栗),大久保龍,2230,-0.1,11,13,14,33.4,470,-6,
,"2017.10. 9",京都,4京3,1600万,大原Ｓ1600,2,2,プリメラアスール,牝,5,酒井学, 55 ,8,5,１, 内,芝2000,良,,(栗),鈴木孝志,2008,-0.0,1,1,1,33.5,510,0,
,"2017.10. 9",京都,4京3,1000万,円山特別1000,6,11,ゼンノサーベイヤー,牡,4,武豊, 57 ,16,1,１, ,ダ1200,稍,,(栗),中内田充,1115,-0.4,,1,1,35.7,504,+6,
,"2017.10. 9",京都,4京3,500万,500万下,6,6,ルドルフィーナ,牡,4,小牧太, 57 ,11,3,１, ,ダ1800,稍,,(栗),松永昌博,1522,-0.3,2,2,2,38.1,470,+2,
,"2017.10. 9",京都,4京3,500万,500万下・牝,2,3,グラッブユアコート,牝,5,ルメール, 55 ,16,1,１, ,ダ1200,稍,,(栗),千田輝彦,1116,-0.5,,1,1,36.3,478,+2,
,"2017.10. 9",京都,4京3,500万,500万下,5,5,ストライクイーグル,牡,4,Ｍ．デム, 57 ,9,1,１, ,ダ1900,稍,,(栗),杉山晴紀,1592,-0.1,6,5,5,37.8,500,-6,
,"2017.10. 9",京都,4京3,新馬,新馬,1,1,タングルウッド,牡,2,藤岡佑介, 55 ,10,3,１, 外,芝1800,良,,(栗),中内田充,1504,-0.5,,1,1,33.7,464,,
,"2017.10. 9",京都,4京3,未勝利,障害未勝利,1,1,サムライフォンテン,牡,4,石神深一, 60 ,11,1,１, ,ダ2910,良,,(美),石毛善彦,3194,-0.0,3,3,2,13.7,470,0,
,"2017.10. 9",京都,4京3,新馬,新馬・牝,2,3,ソシアルクラブ,牝,2,岩田康誠, 54 ,16,2,１, 内,芝1600,良,,(栗),池添学,1369,-0.0,,11,9,34.4,470,,
,"2017.10. 9",京都,4京3,未勝利,未勝利*,3,3,ピエナミント,牝,2,武豊, 54 ,8,2,１, 内,芝1400,良,,(栗),飯田祐史,1222,-0.3,,7,7,33.7,432,0,
,"2017.10. 9",京都,4京3,未勝利,未勝利*,1,1,ビップデヴィット,牡,2,Ｍ．デム, 55 ,11,2,１, ,ダ1800,稍,,(栗),清水久詞,1544,-1.0,11,1,1,38.4,466,-2,
,"2017.10. 8",京都,4京2,1000万,1000万下・牝,8,16,スマートレイチェル,牝,3,武豊, 53 ,16,1,１, ,ダ1400,重,,(栗),西園正都,1241,-0.2,,1,1,37.2,482,-4,
,"2017.10. 8",京都,4京2,ｵｰﾌﾟﾝ,オパールＨ,5,7,ソルヴェイグ,牝,4,松山弘平, 55 ,13,1,１, 内,芝1200,良,,(栗),鮫島一歩,1075,-0.0,,1,1,33.2,468,-6,
,"2017.10. 8",京都,4京2,1000万,清滝特Ｈ1000,8,12,クリノヤマトノオー,牡,3,和田竜二, 54 ,13,3,１, 外,芝1800,良,,(栗),高橋義忠,1456,-0.0,,11,9,33.7,448,0,
,"2017.10. 8",京都,4京2,500万,りんどう500*,5,5,マドモアゼル,牝,2,松田大作, 54 ,8,4,１, 外,芝1400,良,,(美),斎藤誠,1217,-0.1,,3,3,34.3,440,+2,
,"2017.10. 8",京都,4京2,500万,500万下,5,10,ユアマイラブ,牡,4,富田暁,54▲,16,4,１, ,ダ1200,重,,(栗),安田隆行,1121,-0.1,,6,6,36.1,440,-4,
,"2017.10. 8",京都,4京2,500万,500万下・牝,6,9,メイショウササユリ,牝,3,森裕太朗,50▲,14,1,１, ,ダ1800,重,,(栗),松永幹夫,1517,-0.5,4,5,3,37.9,490,0,
,"2017.10. 8",京都,4京2,500万,500万下,2,2,タピゾー,牡,3,岩田康誠, 55 ,9,1,１, ,ダ1800,重,,(栗),友道康夫,1523,-0.3,1,1,1,38.0,494,+2,
,"2017.10. 8",京都,4京2,新馬,新馬,8,10,ジュンヴァルロ,牡,2,藤岡康太, 55 ,11,4,１, 内,芝2000,良,,(栗),友道康夫,2013,-0.3,1,1,1,35.5,482,,
,"2017.10. 8",京都,4京2,ｵｰﾌﾟﾝ,障害・オープ,1,1,トーアディラン,セ,4,五十嵐雄, 60 ,7,4,１, ,ダ3170,稍,,(美),藤原辰雄,3357,-0.6,4,4,3,13.6,478,-6,
,"2017.10. 8",京都,4京2,未勝利,未勝利*,8,8,ウォーターパルフェ,牡,2,酒井学, 55 ,9,2,１, 内,芝2000,稍,,(栗),田所秀孝,2012,-0.1,2,2,2,35.0,474,-2,
,"2017.10. 8",京都,4京2,未勝利,未勝利*,6,7,スノーガーデン,牝,2,水口優也, 54 ,11,9,１, 内,芝1200,稍,,(栗),吉田直弘,1092,-0.2,,10,8,34.0,456,-4,
,"2017.10. 8",京都,4京2,未勝利,未勝利*,5,5,マッスルマサムネ,牡,2,藤岡佑介, 55 ,11,1,１, ,ダ1400,重,,(栗),池添学,1249,-0.5,,1,1,36.7,486,+6,
,"2017.10. 7",京都,4京1,500万,500万下,2,4,チェイスダウン,牡,4,古川吉洋, 57 ,16,2,１, ,ダ1200,不,,(栗),寺島良,1102,-0.2,,8,7,35.2,480,-2,
,"2017.10. 7",京都,4京1,1600万,平城京Ｓ1600,2,4,タガノヴェリテ,セ,5,荻野極, 57 ,16,10,１, ,ダ1800,不,,(栗),本田優,1489,-0.2,8,8,4,35.9,484,-4,
,"2017.10. 7",京都,4京1,1000万,久多特別1000,4,7,ペスカネラ,牝,3,鮫島克駿, 53 ,15,5,１, 外,芝1400,重,,(栗),松下武士,1214,-0.0,,3,3,34.6,442,0,
,"2017.10. 7",京都,4京1,1000万,北國新聞1000,5,7,カルムパシオン,セ,4,武豊, 57 ,14,1,１, ,ダ1900,不,,(栗),中竹和也,1557,-0.0,1,1,1,36.1,524,+8,
,"2017.10. 7",京都,4京1,500万,500万下,5,8,リングオブハピネス,牝,4,松若風馬, 55 ,15,12,１, 内,芝2000,重,,(栗),奥村豊,1595,-0.5,2,2,2,35.6,476,+6,
,"2017.10. 7",京都,4京1,500万,500万下・牝,6,12,ミッキーグッドネス,牝,4,Ｍ．デム, 55 ,16,1,１, ,ダ1400,不,,(栗),安田隆行,1230,-0.3,,2,2,36.8,422,-2,
,"2017.10. 7",京都,4京1,500万,500万下,6,7,サザンブリーズ,牡,3,和田竜二, 55 ,11,3,１, ,ダ1800,不,,(栗),橋口慎介,1500,-0.1,2,5,4,36.4,520,+16,
,"2017.10. 7",京都,4京1,新馬,新馬,7,9,タガノカレン,牝,2,Ｍ．デム, 54 ,12,2,１, 内,芝1400,重,,(栗),中村均,1232,-0.2,,4,3,35.2,442,,
,"2017.10. 7",京都,4京1,新馬,新馬,4,6,ホウショウナウ,牡,2,和田翼,54☆,14,2,１, ,ダ1400,不,,(栗),河内洋,1248,-0.4,,2,2,37.0,490,,
,"2017.10. 7",京都,4京1,未勝利,未勝利*,1,1,メサルティム,牝,2,荻野極,53☆,6,3,１, 外,芝1800,重,,(栗),荒川義之,1509,-0.0,,1,1,34.4,420,-4,
,"2017.10. 7",京都,4京1,未勝利,未勝利・牝*,4,4,レッドランディーニ,牝,2,浜中俊, 54 ,9,5,１, 内,芝1600,重,,(栗),石坂正,1346,-0.7,,7,7,35.4,446,-8,
,"2017.10. 7",京都,4京1,未勝利,未勝利*,4,6,アスターソード,牡,2,和田竜二, 55 ,14,2,１, ,ダ1200,不,,(栗),中竹和也,1119,-0.1,,6,5,36.3,432,+4,
,"2017. 5.28",京都,3京C,1000万,與杼特別1000,2,4,ヴァローア,牝,5,藤懸貴志, 55 ,16,3,１, ,ダ1800,良,,(栗),奥村豊,1521,-0.4,14,13,6,37.0,450,+4,
,"2017. 5.28",京都,3京C,500万,白藤賞500*,2,2,ラプソディーア,牝,3,藤岡康太, 54 ,15,5,１, 内,芝1600,良,,(栗),友道康夫,1335,-0.4,,2,2,34.4,414,+4,
,"2017. 5.28",京都,3京C,ｵｰﾌﾟﾝ,安土城ＳＨ,1,1,シャイニングレイ,牡,5,北村友一, 55 ,16,6,１, 外,芝1400,良,,(栗),高野友和,1198,-0.2,,3,3,34.7,532,0,
,"2017. 5.28",京都,3京C,1600万,東大路Ｈ1600,7,13,テイエムジンソク,牡,5,古川吉洋, 56 ,16,2,１, ,ダ1800,良,,(栗),木原一良,1504,-0.7,4,4,2,37.0,490,-2,
,"2017. 5.28",京都,3京C,1000万,1000万下,5,5,コウエイワンマン,牡,6,北村友一, 57 ,12,4,１, 内,芝2000,良,,(栗),川村禎彦,1598,-0.0,7,6,5,35.0,530,+2,
,"2017. 5.28",京都,3京C,500万,500万下,6,11,サウンドバーニング,牡,5,国分恭介, 57 ,18,6,１, 外,芝1800,良,,(栗),安達昭夫,1459,-0.0,,8,6,34.6,420,-6,
,"2017. 5.28",京都,3京C,500万,500万下,1,1,テイエムジョウネツ,牝,5,富田暁,52▲,16,13,１, ,ダ1800,良,,(栗),木原一良,1532,-0.1,16,12,3,37.2,456,+10,
,"2017. 5.28",京都,3京C,500万,500万下*,6,12,メイショウアリソン,牡,3,池添謙一, 56 ,16,7,１, ,ダ1200,良,,(栗),池添兼雄,1118,-0.0,,4,4,37.0,480,+2,
,"2017. 5.28",京都,3京C,未勝利,障害未勝利,2,2,マイネルプロンプト,セ,5,森一馬, 60 ,13,1,１, ,ダ2910,良,,(栗),坂口正則,3174,-0.0,2,1,1,13.6,480,+2,
,"2017. 5.28",京都,3京C,未勝利,未勝利,4,7,アドマイヤジョラス,牡,3,藤岡康太, 56 ,16,1,１, 内,芝2000,良,,(栗),梅田智之,2023,-0.1,4,4,5,34.9,464,-12,
,"2017. 5.28",京都,3京C,未勝利,未勝利,2,4,カンポデフィオーリ,牝,3,荻野極,52△,18,1,１, 外,芝2400,良,,(栗),渡辺薫彦,2280,-0.0,13,12,10,35.6,420,+2,B
,"2017. 5.28",京都,3京C,未勝利,未勝利,7,14,メンターモード,牡,3,藤岡康太, 56 ,16,1,１, ,ダ1400,良,,(栗),藤岡健一,1254,-0.2,,2,2,37.3,510,0,
,"2017. 5.27",京都,3京B,1000万,1000万下,6,12,ワンダーヴィーヴァ,牡,7,小牧太, 57 ,16,2,１, ,ダ1200,良,,(栗),笹田和秀,1117,-0.0,,2,2,37.0,566,-4,
,"2017. 5.27",京都,3京B,1600万,朱雀Ｓ1600,4,8,ロードセレリティ,牡,4,藤岡佑介, 57 ,16,9,１, 外,芝1400,良,,(美),高柳瑞樹,1215,-0.1,,1,1,34.1,486,+12,
,"2017. 5.27",京都,3京B,ｵｰﾌﾟﾝ,白百合Ｓ,4,4,サトノクロニクル,牡,3,川田将雅, 57 ,7,1,１, 外,芝1800,良,,(栗),池江泰寿,1466,-0.0,,6,5,34.6,452,-4,
,"2017. 5.27",京都,3京B,1000万,御池特別1000,2,3,フジノパンサー,牡,4,四位洋文, 57 ,16,3,１, 内,芝1200,良,,(美),古賀史生,1086,-0.0,,6,6,34.5,492,-6,
,"2017. 5.27",京都,3京B,ＪＧ２,京都ハイJG2,7,8,マドリードカフェ,牡,6,熊沢重文, 60 ,11,1,１, ,芝3930,良,,(栗),荒川義之,4322,-0.9,1,1,1,13.9,528,+4,
,"2017. 5.27",京都,3京B,500万,500万下,6,11,インフェルノ,セ,5,池添謙一, 57 ,16,2,１, ,ダ1400,良,,(栗),池添兼雄,1239,-0.9,,1,1,37.3,496,+18,
,"2017. 5.27",京都,3京B,500万,500万下*,7,7,サトノグラン,牡,3,坂井瑠星,54△,9,4,１, 内,芝2000,良,,(栗),矢作芳人,2022,-0.0,8,5,4,34.1,472,0,
,"2017. 5.27",京都,3京B,500万,500万下*,2,4,テイエムアンムート,牝,3,和田竜二, 54 ,16,5,１, ,ダ1800,良,,(栗),柴田光陽,1526,-0.2,10,7,3,38.8,476,+4,
,"2017. 5.27",京都,3京B,未勝利,未勝利,3,5,レディギャング,牝,3,幸英明, 54 ,18,2,１, 内,芝1600,良,,(栗),森田直行,1334,-0.4,,1,1,35.9,466,0,
,"2017. 5.27",京都,3京B,未勝利,未勝利・牝,4,8,プロキシマ,牝,3,福永祐一, 54 ,18,4,１, 外,芝1800,良,,(栗),池江泰寿,1487,-0.3,,9,8,34.6,452,0,
,"2017. 5.27",京都,3京B,未勝利,未勝利,4,8,セルリアンアラシ,牡,3,菱田裕二, 56 ,16,6,１, ,ダ1800,良,,(栗),飯田雄三,1532,-0.0,3,3,3,39.7,482,+4,
,"2017. 5.27",京都,3京B,未勝利,未勝利,1,1,クリノケンリュウ,牡,3,幸英明, 56 ,16,6,１, ,ダ1200,良,,(栗),藤沢則雄,1132,-0.0,,10,7,37.0,474,-12,
,"2017. 5.21",京都,3京A,1000万,1000万下,8,12,ミキノグランプリ,牡,6,森裕太朗,54▲,13,10,１, ,ダ1800,良,,(栗),南井克巳,1523,-0.6,1,1,1,39.4,464,-6,
,"2017. 5.21",京都,3京A,1600万,下鴨ＳＨ1600,4,4,ヴォージュ,牡,4,松若風馬, 56 ,11,3,１, 内,芝2000,良,,(栗),西村真幸,1582,-0.0,2,2,2,34.8,512,+6,
,"2017. 5.21",京都,3京A,ｵｰﾌﾟﾝ,鳳雛Ｓ,8,10,ローズプリンスダム,牡,3,小牧太, 56 ,10,10,１, ,ダ1800,良,,(美),畠山吉宏,1519,-0.0,7,3,3,38.2,454,-4,
,"2017. 5.21",京都,3京A,1000万,御室特別1000,3,3,レイホーロマンス,牝,4,藤岡佑介, 55 ,10,4,１, 内,芝2000,良,,(栗),橋田満,2005,-0.1,5,6,5,34.0,406,-4,
,"2017. 5.21",京都,3京A,500万,500万下,1,1,ルドルフィーナ,牡,4,小牧太, 57 ,11,4,１, 外,芝2200,良,,(栗),松永昌博,2136,-0.2,1,1,1,34.8,484,0,
,"2017. 5.21",京都,3京A,500万,500万下・牝,6,12,ウエスタンビジュー,牝,4,高倉稜, 55 ,16,15,１, ,ダ1200,良,,(栗),崎山博樹,1122,-0.0,,1,1,37.6,472,-2,B
,"2017. 5.21",京都,3京A,500万,500万下*,2,4,ホーリーブレイズ,牡,3,高倉稜, 56 ,16,4,１, ,ダ1800,良,,(栗),佐藤正雄,1522,-0.2,9,6,8,37.6,462,+10,
,"2017. 5.21",京都,3京A,500万,500万下*,2,3,メイショウベルボン,牝,3,福永祐一, 54 ,16,2,１, 内,芝1200,良,,(栗),南井克巳,1094,-0.2,,11,11,34.5,436,0,
,"2017. 5.21",京都,3京A,未勝利,未勝利,3,5,エアニューゲート,牡,3,福永祐一, 56 ,18,1,１, 外,芝1800,良,,(栗),笹田和秀,1476,-0.4,,2,2,35.0,502,-4,
,"2017. 5.21",京都,3京A,未勝利,未勝利・牝,6,11,ディープアドラーレ,牝,3,藤岡佑介, 54 ,18,6,１, 内,芝1600,良,,(栗),本田優,1353,-0.1,,1,1,35.8,424,+4,
,"2017. 5.21",京都,3京A,未勝利,未勝利,5,9,トゥットベーネ,牡,3,松山弘平, 56 ,16,1,１, ,ダ1800,良,,(栗),森田直行,1543,-0.1,7,4,4,38.1,502,-6,
,"2017. 5.21",京都,3京A,未勝利,未勝利,5,9,スーサンゴー,牝,3,松山弘平, 54 ,16,2,１, ,ダ1200,良,,(栗),岩元市三,1131,-0.0,,2,2,37.2,438,+6,
,"2017. 5.20",京都,3京9,1000万,オースト1000,3,3,シルバーステート,牡,4,福永祐一, 57 ,9,1,１, 外,芝1800,良,,(栗),藤原英昭,1484,-0.5,,1,1,33.3,490,+4,
,"2017. 5.20",京都,3京9,Ｇ３,平安ＳG3,5,9,グレイトパール,牡,4,川田将雅, 56 ,16,1,１, ,ダ1900,良,,(栗),中内田充,1557,-0.7,9,3,2,37.4,538,0,
,"2017. 5.20",京都,3京9,1600万,シドニー1600,8,15,ゴーインググレート,牡,7,和田竜二, 57 ,16,12,１, ,ダ1200,良,,(栗),岩元市三,1112,-0.1,,8,8,35.5,480,-10,
,"2017. 5.20",京都,3京9,500万,500万下,3,5,ラグナグ,牝,4,四位洋文, 55 ,18,2,１, 外,芝1400,良,*,(栗),石橋守,1215,-0.3,,7,7,34.4,480,+2,
,"2017. 5.20",京都,3京9,500万,メルボル500*,2,2,アルメリアブルーム,牝,3,福永祐一, 54 ,7,2,１, 外,芝2200,良,,(栗),高橋康之,2131,-0.3,3,3,3,35.2,410,-4,
,"2017. 5.20",京都,3京9,500万,500万下,4,8,エフハリスト,牡,4,荻野極,55△,16,4,１, ,ダ1800,良,,(栗),橋口慎介,1526,-0.4,1,1,1,36.8,456,+2,
,"2017. 5.20",京都,3京9,500万,500万下・牝*,5,9,ミリッサ,牝,3,福永祐一, 54 ,17,1,１, 内,芝1600,良,,(栗),石坂正,1345,-0.0,,12,7,33.9,418,+6,
,"2017. 5.20",京都,3京9,未勝利,未勝利,7,14,レンジャックマン,牡,3,中谷雄太, 56 ,16,4,１, 内,芝2000,良,,(栗),矢作芳人,2023,-0.0,5,5,4,35.6,448,+10,
,"2017. 5.20",京都,3京9,未勝利,未勝利,2,4,ニシノエアレス,牝,3,藤岡佑介, 54 ,18,7,１, 内,芝1400,良,*,(栗),浅見秀一,1229,-0.0,,6,5,34.6,452,+10,
,"2017. 5.20",京都,3京9,未勝利,未勝利,6,12,キングレイスター,牡,3,小牧太, 56 ,16,4,１, ,ダ1900,良,,(栗),大橋勇樹,2005,-0.0,4,4,4,38.2,470,0,
,"2017. 5.20",京都,3京9,未勝利,未勝利,6,12,バトルデゼル,牡,3,中谷雄太, 56 ,16,1,１, ,ダ1400,良,,(栗),吉田直弘,1257,-0.5,,2,2,37.3,514,0,
,"2017. 5.20",京都,3京9,未勝利,未勝利・牝,2,3,クインアマランサス,牝,3,荻野極,52△,16,3,１, ,ダ1800,良,,(栗),高野友和,1537,-0.0,7,8,8,38.3,452,+2,
,"2017. 5.14",京都,3京8,1000万,1000万下,8,13,ニシオボヌール,セ,5,高田潤, 57 ,13,1,１, 内,芝1200,稍,,(栗),高橋亮,1095,-0.0,,4,4,34.3,492,0,
,"2017. 5.14",京都,3京8,ｵｰﾌﾟﾝ,栗東ＳＨ,2,3,サイタスリーレッド,牡,4,高倉稜, 54 ,16,3,１, ,ダ1400,重,,(栗),佐藤正雄,1226,-0.3,,5,6,35.2,484,+4,
,"2017. 5.14",京都,3京8,1600万,錦ＳＨ1600,4,4,ベステンダンク,牡,5,松山弘平, 56 ,10,1,１, 外,芝1600,稍,,(栗),安達昭夫,1349,-0.2,,2,2,33.9,504,-6,
,"2017. 5.14",京都,3京8,1000万,白川特別1000,8,9,ケンホファヴァルト,牡,4,松山弘平, 57 ,10,3,１, 外,芝2400,稍,,(栗),森秀行,2265,-0.3,1,1,1,34.9,462,+10,
,"2017. 5.14",京都,3京8,500万,500万下,1,1,ランウェイ,牝,5,荻野極,53△,18,5,１, 外,芝1600,稍,,(栗),小崎憲,1346,-0.2,,3,4,35.7,476,+2,
,"2017. 5.14",京都,3京8,500万,500万下,8,11,ハローマイディア,牡,4,和田竜二, 57 ,12,2,１, ,ダ1800,重,,(栗),平田修,1515,-0.0,5,4,3,36.1,472,0,
,"2017. 5.14",京都,3京8,500万,500万下,8,12,アイファーウタオー,牡,4,藤懸貴志, 57 ,12,11,１, ,ダ1800,重,,(栗),斉藤崇史,1515,-0.0,11,10,9,35.6,498,+8,
,"2017. 5.14",京都,3京8,500万,500万下*,6,9,サヴィ,牡,3,藤岡佑介, 56 ,13,7,１, ,ダ1400,重,,(栗),中内田充,1238,-0.3,,13,11,35.8,462,-2,
,"2017. 5.14",京都,3京8,未勝利,未勝利,7,13,メイショウテンシャ,牡,3,藤岡佑介, 56 ,15,1,１, 外,芝1800,重,,(栗),池添兼雄,1490,-0.4,,4,4,35.8,462,-4,
,"2017. 5.14",京都,3京8,未勝利,未勝利,6,11,キラービューティ,牝,3,大下智, 54 ,18,4,１, 内,芝1400,重,,(栗),高野友和,1230,-0.0,,4,3,35.0,448,+8,
,"2017. 5.14",京都,3京8,未勝利,未勝利,5,9,ゼセル,牡,3,福永祐一, 56 ,16,1,１, ,ダ1200,重,,(栗),鈴木孝志,1117,-0.3,,1,1,35.9,476,-4,
,"2017. 5.14",京都,3京8,未勝利,未勝利,4,8,ワンダーウマス,牡,3,高倉稜, 56 ,16,2,１, ,ダ1800,重,,(栗),佐藤正雄,1512,-0.1,9,4,5,36.4,482,-4,
,"2017. 5.14",京都,3京8,未勝利,未勝利・牝,8,15,ミヤジヴィジェ,牝,3,和田竜二, 54 ,16,2,１, ,ダ1400,重,,(栗),川村禎彦,1242,-1.0,,2,2,36.7,462,-4,
,"2017. 5.13",京都,3京7,1000万,1000万下,8,15,メイショウノボサン,牡,4,福永祐一, 57 ,16,2,１, ,ダ1400,不,,(栗),大橋勇樹,1232,-0.0,,12,12,35.2,472,0,
,"2017. 5.13",京都,3京7,ｵｰﾌﾟﾝ,都大路Ｓ,2,2,ダノンメジャー,牡,5,小牧太, 56 ,11,2,１, 外,芝1800,不,,(栗),橋口慎介,1490,-0.2,,1,1,35.0,492,0,
,"2017. 5.13",京都,3京7,ｵｰﾌﾟﾝ,葵Ｓ,1,1,アリンナ,牝,3,藤岡佑介, 54 ,14,2,１, 内,芝1200,不,,(栗),松元茂樹,1105,-0.3,,1,1,35.6,412,0,B
,"2017. 5.13",京都,3京7,1000万,蹴上特別1000,4,4,ウエスタンパレード,牡,6,和田竜二, 57 ,11,5,１, ,ダ1900,不,,(栗),西園正都,1560,-0.0,1,1,1,36.9,520,0,
,"2017. 5.13",京都,3京7,500万,500万下,1,1,トップリバティ,牡,5,和田竜二, 57 ,16,11,１, ,ダ1400,不,,(栗),鈴木孝志,1230,-0.3,,1,1,36.7,530,-4,
,"2017. 5.13",京都,3京7,500万,500万下*,5,5,バルベーラ,牝,3,国分優作, 54 ,9,6,１, 内,芝1600,不,,(栗),渡辺薫彦,1386,-0.0,,7,6,35.6,424,+2,
,"2017. 5.13",京都,3京7,500万,500万下*,1,1,タガノグルナ,牡,3,国分優作, 56 ,10,5,１, ,ダ1800,不,,(栗),大根田裕,1496,-0.6,1,1,1,37.0,480,0,
,"2017. 5.13",京都,3京7,未勝利,未勝利,1,1,バリオラージュ,牡,3,藤岡佑介, 56 ,12,3,１, 外,芝2200,不,,(栗),角居勝彦,2195,-0.5,7,7,5,36.8,472,-4,B
,"2017. 5.13",京都,3京7,未勝利,未勝利,2,4,グランドロワ,牡,3,松山弘平, 56 ,16,2,１, 内,芝1200,不,,(栗),鈴木孝志,1116,-0.2,,1,1,36.5,478,+4,
,"2017. 5.13",京都,3京7,未勝利,未勝利・牝,6,12,ナルハヤ,牝,3,柴田未崎, 54 ,16,3,１, 内,芝2000,不,,(栗),梅田智之,2058,-0.6,2,2,2,37.0,486,-6,
,"2017. 5.13",京都,3京7,未勝利,未勝利,8,16,カワイアラ,牝,3,川須栄彦, 54 ,16,6,１, ,ダ1400,不,,(栗),高野友和,1247,-0.2,,6,4,37.4,434,,
,"2017. 5.13",京都,3京7,未勝利,未勝利・牝,8,16,チェリーボンボン,牝,3,富田暁,51▲,16,3,１, ,ダ1800,不,,(栗),木原一良,1532,-0.2,3,2,1,38.7,438,+2,
,"2017. 5. 7",京都,3京6,1000万,1000万下,8,9,ヴェゼール,牡,4,和田翼,56☆,9,6,１, 外,芝1600,良,*,(栗),河内洋,1356,-0.1,,2,2,33.1,544,-8,
,"2017. 5. 7",京都,3京6,ｵｰﾌﾟﾝ,鞍馬Ｓ,5,10,キングハート,牡,4,小崎綾也, 56 ,18,3,１, 内,芝1200,良,,(美),星野忍,1073,-0.0,,6,6,33.2,488,+6,
,"2017. 5. 7",京都,3京6,1600万,上賀茂Ｓ1600,6,8,タガノゴールド,牡,6,幸英明, 57 ,12,5,１, ,ダ1800,良,,(栗),川村禎彦,1520,-0.8,12,12,11,35.6,476,+4,
,"2017. 5. 7",京都,3京6,500万,矢車賞500*,5,5,ディアドラ,牝,3,岩田康誠, 54 ,9,1,１, 外,芝1800,良,,(栗),橋田満,1478,-0.3,,5,5,33.8,476,+2,
,"2017. 5. 7",京都,3京6,500万,500万下,6,6,エッジースタイル,牝,4,荻野極,53△,8,4,１, 内,芝2000,良,,(栗),高橋義忠,2000,-0.0,4,5,5,33.5,458,+2,
,"2017. 5. 7",京都,3京6,500万,500万下・牝,1,1,ヒダロマン,牝,4,北村友一, 55 ,10,4,１, ,ダ1800,良,,(栗),松永昌博,1546,-0.0,10,10,9,37.7,504,+8,
,"2017. 5. 7",京都,3京6,500万,500万下,8,14,クリノサンレオ,牡,4,幸英明, 57 ,14,2,１, ,ダ1200,良,,(栗),藤沢則雄,1122,-0.2,,7,7,36.5,440,0,
,"2017. 5. 7",京都,3京6,500万,500万下*,2,2,ウォーターマーズ,牡,3,酒井学, 56 ,15,2,１, ,ダ1800,良,,(栗),岡田稲男,1534,-0.2,13,12,8,37.4,514,-2,
,"2017. 5. 7",京都,3京6,未勝利,未勝利,8,15,ウインストラグル,牡,3,北村友一, 56 ,15,5,１, 外,芝1800,良,,(栗),宮本博,1477,-0.0,,7,5,34.7,470,+4,
,"2017. 5. 7",京都,3京6,未勝利,未勝利・牝,6,12,デリスモア,牝,3,四位洋文, 54 ,18,1,１, 内,芝1400,良,,(栗),大久保龍,1224,-0.0,,3,2,34.2,464,+2,
,"2017. 5. 7",京都,3京6,未勝利,未勝利,6,6,オースミイーグル,牡,3,和田翼,55☆,11,5,１, ,ダ1800,良,,(栗),松下武士,1560,-0.0,2,2,2,39.1,518,-4,
,"2017. 5. 7",京都,3京6,未勝利,未勝利,5,10,モズキングタイド,牡,3,北村友一, 56 ,16,2,１, ,ダ1200,良,,(栗),藤岡健一,1137,-0.3,,1,1,37.9,458,-6,
,"2017. 5. 6",京都,3京5,1000万,1000万下,1,1,タガノヴェリテ,牡,5,酒井学, 57 ,15,4,１, ,ダ1800,良,*,(栗),本田優,1529,-0.4,7,8,8,37.2,488,+8,
,"2017. 5. 6",京都,3京5,Ｇ２,京都新聞G2,8,11,プラチナムバレット,牡,3,浜中俊, 56 ,12,2,１, 外,芝2200,良,,(栗),河内洋,2152,-0.0,7,7,9,33.6,480,+2,
,"2017. 5. 6",京都,3京5,1600万,パールＳ1600,4,4,ミエノサクシード,牝,4,川島信二, 55 ,11,1,１, 外,芝1800,良,*,(栗),高橋亮,1461,-0.2,,8,7,33.5,454,+12,
,"2017. 5. 6",京都,3京5,1000万,鴨川特Ｈ1000,3,3,レトロロック,牡,5,ルメール, 56 ,12,1,１, 内,芝2000,良,,(栗),角居勝彦,1597,-0.2,5,8,8,34.1,482,-2,
,"2017. 5. 6",京都,3京5,500万,500万下,8,13,ラインフィール,牡,4,幸英明, 57 ,13,6,１, ,ダ1900,良,,(栗),松永昌博,2008,-0.0,2,3,3,38.7,498,+4,
,"2017. 5. 6",京都,3京5,500万,500万下*,2,2,サングレーザー,牡,3,武豊, 56 ,12,1,１, 外,芝1400,良,,(栗),浅見秀一,1215,-0.4,,11,11,33.9,466,-6,
,"2017. 5. 6",京都,3京5,500万,500万下*,8,16,アードラー,牡,3,和田竜二, 56 ,16,2,１, ,ダ1200,良,,(栗),音無秀孝,1125,-0.2,,3,3,36.8,468,-4,
,"2017. 5. 6",京都,3京5,未勝利,未勝利,6,11,シャドウブリランテ,牡,3,ルメール, 56 ,16,1,１, 内,芝2000,良,,(栗),藤岡健一,2002,-1.0,8,2,2,34.6,488,-2,
,"2017. 5. 6",京都,3京5,未勝利,未勝利,1,2,フナウタ,牝,3,四位洋文, 54 ,18,4,１, 内,芝1600,良,,(栗),今野貞一,1337,-0.3,,1,1,35.5,470,+2,
,"2017. 5. 6",京都,3京5,未勝利,未勝利,7,10,イージーマネー,牡,3,ルメール, 56 ,13,3,１, ,ダ1900,良,,(栗),吉村圭司,2015,-0.0,2,2,2,37.5,480,-4,B
,"2017. 5. 6",京都,3京5,未勝利,未勝利,4,7,メイショウバンカラ,牡,3,北村友一, 56 ,16,2,１, ,ダ1400,良,,(栗),飯田祐史,1264,-0.1,,10,10,37.1,498,-6,
,"2017. 5. 6",京都,3京5,未勝利,未勝利・牝,3,4,コンプリートベスト,牝,3,和田竜二, 54 ,15,5,１, ,ダ1800,良,,(栗),佐々木晶,1554,-0.2,8,6,4,38.6,468,+4,B
,"2017. 4.30",京都,3京4,1600万,高瀬川Ｓ1600,6,12,イーデンホール,牡,5,Ｍ．デム, 57 ,16,4,１, ,ダ1400,良,,(栗),中内田充,1244,-0.0,,12,9,35.7,498,+4,
,"2017. 4.30",京都,3京4,Ｇ１,天皇賞春G1,2,3,キタサンブラック,牡,5,武豊, 58 ,17,1,１, 外,芝3200,良,,(栗),清水久詞,3125,-0.2,2,2,1,35.3,536,-4,
,"2017. 4.30",京都,3京4,ｵｰﾌﾟﾝ,端午Ｓ,8,15,マイネルバールマン,牡,3,吉田隼人, 56 ,16,9,１, ,ダ1400,良,,(美),栗田博憲,1256,-0.2,,7,7,36.4,496,+6,
,"2017. 4.30",京都,3京4,1000万,糺の森特1000,1,1,エマノン,牝,4,松山弘平, 55 ,14,10,１, 外,芝1800,良,,(栗),平田修,1464,-0.0,,3,3,34.0,494,0,
,"2017. 4.30",京都,3京4,1000万,鷹ケ峰特1000,1,2,レッドリーガル,牡,5,ルメール, 57 ,16,6,１, 外,芝1400,良,,(栗),笹田和秀,1200,-0.1,,1,1,34.1,488,+10,B
,"2017. 4.30",京都,3京4,500万,500万下,4,4,ウインカートゥーン,牡,4,ルメール, 57 ,10,1,１, 外,芝2400,良,,(栗),西園正都,2250,-0.2,3,3,3,35.0,482,+8,
,"2017. 4.30",京都,3京4,500万,500万下,3,4,シゲルオニカマス,牡,4,和田竜二, 57 ,15,1,１, ,ダ1400,良,,(栗),鈴木孝志,1254,-0.4,,1,1,36.7,532,-6,
,"2017. 4.30",京都,3京4,500万,500万下*,3,3,ラヴィングアンサー,牡,3,ルメール, 56 ,13,1,１, 内,芝1200,良,,(栗),石坂正,1083,-0.0,,9,8,33.5,482,-2,
,"2017. 4.30",京都,3京4,未勝利,未勝利,2,2,スプマンテ,牡,3,ルメール, 56 ,9,1,１, 内,芝2000,良,,(栗),池江泰寿,2023,-0.1,5,1,1,33.7,478,-4,
,"2017. 4.30",京都,3京4,未勝利,未勝利,6,12,サクセスエナジー,牡,3,和田竜二, 56 ,16,2,１, ,ダ1200,良,,(栗),北出成人,1128,-0.3,,3,3,36.5,516,+2,
,"2017. 4.30",京都,3京4,未勝利,未勝利,5,7,メイショウマトイ,牡,3,Ｍ．デム, 56 ,13,1,１, ,ダ1800,良,,(栗),本田優,1547,-0.7,9,8,7,37.5,468,+2,
,"2017. 4.30",京都,3京4,未勝利,未勝利・牝,1,2,サイモンミラベル,牝,3,福永祐一, 54 ,16,2,１, ,ダ1400,良,,(栗),梅田智之,1257,-0.8,,2,1,37.8,460,+2,
,"2017. 4.29",京都,3京3,1000万,1000万下,2,3,ロイヤルパンプ,牡,5,松若風馬, 57 ,16,2,１, ,ダ1800,良,,(栗),友道康夫,1522,-0.5,1,1,1,37.5,522,-16,
,"2017. 4.29",京都,3京3,ｵｰﾌﾟﾝ,天王山Ｓ,5,10,コウエイエンブレム,牡,4,松山弘平, 57 ,16,1,１, ,ダ1200,良,,(栗),山内研二,1101,-0.5,,2,2,35.6,532,+4,
,"2017. 4.29",京都,3京3,1600万,烏丸ＳＨ1600,7,10,サラトガスピリット,牡,5,武豊, 55 ,12,1,１, 外,芝2400,良,,(栗),友道康夫,2239,-0.1,6,6,5,34.2,512,-2,
,"2017. 4.29",京都,3京3,500万,あやめ賞500*,6,9,グラットシエル,牡,3,福永祐一, 56 ,13,4,１, 外,芝1800,良,*,(栗),石坂正,1472,-0.0,,4,4,34.5,500,-2,
,"2017. 4.29",京都,3京3,1000万,1000万下,1,1,ブライスガウ,牝,4,中谷雄太, 55 ,15,3,１, ,ダ1200,良,,(栗),岡田稲男,1117,-0.0,,4,4,36.2,484,-2,
,"2017. 4.29",京都,3京3,500万,500万下,6,11,ニシオボヌール,セ,5,四位洋文, 57 ,15,1,１, 内,芝1200,良,,(栗),高橋亮,1088,-0.0,,8,7,33.5,492,+4,
,"2017. 4.29",京都,3京3,500万,500万下*,8,15,スマートレイチェル,牝,3,武豊, 54 ,16,1,１, ,ダ1400,良,*,(栗),西園正都,1249,-0.8,,1,1,37.5,484,+4,
,"2017. 4.29",京都,3京3,未勝利,未勝利,8,10,メイショウカミシマ,牡,3,幸英明, 56 ,10,3,１, 外,芝2400,良,,(栗),石橋守,2264,-0.2,3,3,4,34.8,450,+8,
,"2017. 4.29",京都,3京3,未勝利,未勝利,3,5,シエルブラン,牝,3,和田翼,53☆,18,13,１, 内,芝1400,良,,(栗),千田輝彦,1217,-0.2,,4,4,34.0,430,-8,
,"2017. 4.29",京都,3京3,未勝利,未勝利・牝,6,8,ユイフィーユ,牝,3,武豊, 54 ,12,3,１, 外,芝1800,良,,(栗),池江泰寿,1479,-0.4,,10,9,34.6,464,-8,
,"2017. 4.29",京都,3京3,未勝利,未勝利,4,7,ヨドノビクトリー,牡,3,川田将雅, 56 ,16,2,１, ,ダ1400,良,,(栗),北出成人,1260,-0.6,,1,1,36.4,472,-4,
,"2017. 4.29",京都,3京3,未勝利,未勝利・牝,4,6,カリーニョミノル,牝,3,国分恭介, 54 ,15,5,１, ,ダ1800,良,,(栗),北出成人,1545,-0.2,2,2,2,37.2,482,+8,
,"2017. 4.23",京都,3京2,1000万,1000万下,6,7,キロハナ,牡,5,川田将雅, 57 ,11,1,１, 外,芝1600,良,,(栗),池江泰寿,1332,-0.2,,5,5,33.9,464,-10,
,"2017. 4.23",京都,3京2,Ｇ２,マイラーG2,8,11,イスラボニータ,牡,6,ルメール, 57 ,11,2,１, 外,芝1600,良,,(美),栗田博憲,1322,-0.1,,5,4,32.9,488,+8,
,"2017. 4.23",京都,3京2,1600万,桃山Ｓ1600,8,11,コパノチャーリー,牡,5,福永祐一, 57 ,12,6,１, ,ダ1900,良,,(栗),村山明,1575,-0.6,1,1,1,37.3,520,+4,
,"2017. 4.23",京都,3京2,500万,あずさ賞500*,7,7,アドマイヤロブソン,牡,3,ルメール, 56 ,7,1,１, 外,芝2400,良,,(栗),友道康夫,2254,-0.0,4,4,3,34.4,502,-2,
,"2017. 4.23",京都,3京2,500万,500万下,3,3,トウカイエクレール,牡,4,武豊, 57 ,9,2,１, ,ダ1800,良,,(栗),田所秀孝,1537,-0.1,4,4,3,37.1,482,+6,
,"2017. 4.23",京都,3京2,500万,500万下・牝,3,4,ラバニーユ,牝,5,Ｍ．デム, 55 ,14,3,１, ,ダ1400,良,,(栗),森田直行,1244,-0.2,,10,8,36.6,424,+2,
,"2017. 4.23",京都,3京2,500万,500万下*,4,4,ハウメア,牝,3,ルメール, 54 ,12,3,１, 外,芝1400,良,,(美),藤沢和雄,1219,-0.0,,4,4,34.2,452,-6,
,"2017. 4.23",京都,3京2,500万,500万下・牝*,3,5,ファームフェイス,牝,3,Ｍ．デム, 54 ,16,1,１, ,ダ1400,良,,(栗),笹田和秀,1242,-0.3,,12,10,36.9,464,-8,
,"2017. 4.23",京都,3京2,未勝利,未勝利,1,1,アロマドゥルセ,牝,3,Ｍ．デム, 54 ,10,2,１, 内,芝2000,良,,(栗),音無秀孝,2012,-0.0,10,6,6,33.4,424,0,
,"2017. 4.23",京都,3京2,未勝利,未勝利,1,2,シアン,牝,3,和田翼,53☆,18,13,１, 内,芝1200,良,,(栗),今野貞一,1092,-0.1,,4,4,34.5,410,,
,"2017. 4.23",京都,3京2,未勝利,未勝利,8,15,サトノマスター,牡,3,川島信二, 56 ,16,9,１, ,ダ1800,良,,(栗),南井克巳,1543,-0.2,14,12,10,37.2,544,,
,"2017. 4.23",京都,3京2,未勝利,未勝利・牝,7,14,ゼットパール,牝,3,川須栄彦, 54 ,16,8,１, ,ダ1200,良,*,(栗),宮徹,1125,-0.1,,2,2,36.8,436,-4,
,"2017. 4.22",京都,3京1,1000万,1000万下,1,2,トウショウカウント,牡,5,古川吉洋, 57 ,16,10,１, ,ダ1400,良,,(美),萱野浩二,1240,-0.2,,7,4,37.3,502,-16,
,"2017. 4.22",京都,3京1,1600万,彦根Ｓ1600,4,5,オーヴィレール,牝,4,川田将雅, 55 ,14,1,１, 内,芝1200,良,,(栗),今野貞一,1083,-0.2,,5,3,33.8,480,-4,
,"2017. 4.22",京都,3京1,ｵｰﾌﾟﾝ,橘Ｓ,7,9,ディバインコード,牡,3,浜中俊, 56 ,11,1,１, 外,芝1400,良,,(美),栗田博憲,1212,-0.1,,5,5,34.5,492,+6,
,"2017. 4.22",京都,3京1,1000万,比良山Ｈ1000,1,2,クィーンチャーム,牝,5,Ｍ．デム, 53 ,16,1,１, 外,芝2200,良,,(栗),池江泰寿,2127,-0.2,9,10,6,35.1,442,-2,
,"2017. 4.22",京都,3京1,500万,500万下,5,8,ローゼンタール,牝,4,幸英明, 55 ,14,9,１, ,ダ1200,良,,(栗),森田直行,1118,-0.1,,2,2,36.9,492,+6,
,"2017. 4.22",京都,3京1,500万,500万下,8,16,レオナルド,牡,4,福永祐一, 57 ,16,1,１, 外,芝1600,良,,(栗),藤原英昭,1342,-0.3,,8,6,35.0,444,-10,
,"2017. 4.22",京都,3京1,500万,500万下*,5,5,サンオークランド,牡,3,浜中俊, 56 ,12,8,１, ,ダ1800,良,,(栗),角居勝彦,1520,-0.0,7,4,4,37.5,500,-6,
,"2017. 4.22",京都,3京1,未勝利,未勝利,1,1,バルベーラ,牝,3,国分優作, 54 ,18,4,１, 内,芝1600,良,,(栗),渡辺薫彦,1347,-0.1,,7,7,35.1,422,+2,
,"2017. 4.22",京都,3京1,未勝利,未勝利,4,8,ユキノタイガ,牡,3,富田暁,53▲,17,5,１, 外,芝1800,良,,(栗),木原一良,1499,-0.0,,3,4,35.4,504,+2,
,"2017. 4.22",京都,3京1,未勝利,未勝利,8,15,ナムラシンウチ,牡,3,池添謙一, 56 ,16,3,１, ,ダ1900,稍,*,(栗),福島信晴,2021,-0.2,5,2,2,40.9,496,-8,
,"2017. 4.22",京都,3京1,未勝利,未勝利,5,10,パンサーバローズ,牡,3,Ｍ．デム, 56 ,16,1,１, ,ダ1400,稍,,(栗),角居勝彦,1254,-0.2,,5,3,38.0,490,+2,
,"2017. 4.22",京都,3京1,未勝利,未勝利・牝,3,6,フラワーイレブン,牝,3,川島信二, 54 ,16,13,１, ,ダ1800,稍,,(栗),松元茂樹,1532,-1.8,1,1,1,38.8,468,-1,
,"2017. 2.19",京都,2京8,1000万,1000万下,7,14,アチーヴ,牡,7,四位洋文, 57 ,16,14,１, ,ダ1400,良,,(栗),加藤敬二,1256,-0.0,,16,16,35.6,482,0,
,"2017. 2.19",京都,2京8,1600万,斑鳩Ｓ1600,5,7,キングハート,牡,4,中谷雄太, 57 ,13,6,１, 外,芝1400,良,,(美),星野忍,1228,-0.0,,1,3,34.5,484,+2,
,"2017. 2.19",京都,2京8,1000万,春日特別1000,5,5,デンコウリキ,牡,7,池添謙一, 57 ,10,5,１, 外,芝1800,良,,(栗),池添学,1488,-0.1,,6,6,34.9,528,+4,
,"2017. 2.19",京都,2京8,500万,つばき賞500*,7,7,ファンディーナ,牝,3,川田将雅, 54 ,9,1,１, 外,芝1800,良,,(栗),高野友和,1506,-0.3,,3,2,33.0,512,-4,
,"2017. 2.19",京都,2京8,500万,500万下,4,8,キングライオン,牡,4,坂井瑠星,55△,16,12,１, ,ダ1400,良,,(栗),杉山晴紀,1255,-0.2,,7,5,37.1,490,-2,B
,"2017. 2.19",京都,2京8,500万,500万下・牝,4,4,スクラッタ,牝,4,荻野極,51▲,10,4,１, ,ダ1800,良,,(美),武市康男,1532,-0.0,5,4,3,38.0,402,-8,
,"2017. 2.19",京都,2京8,500万,500万下*,3,4,アスタースウィング,牡,3,川田将雅, 56 ,15,1,１, ,ダ1200,良,,(栗),中竹和也,1128,-0.3,,1,1,36.7,492,-2,
,"2017. 2.19",京都,2京8,未勝利,未勝利,4,8,スズカヘルメス,牡,3,森裕太朗,53▲,16,8,１, 内,芝1600,良,,(栗),坪憲章,1354,-0.0,,14,14,34.8,430,-2,
,"2017. 2.19",京都,2京8,ｵｰﾌﾟﾝ,障害・オープ,5,7,メイショウソラーレ,牡,7,高田潤, 60 ,14,3,１, ,ダ3170,稍,,(栗),中内田充,3380,-0.6,1,1,1,13.8,504,+8,
,"2017. 2.19",京都,2京8,未勝利,未勝利,6,11,ムイトオブリガード,牡,3,四位洋文, 56 ,16,1,１, ,ダ1800,稍,,(栗),角田晃一,1537,-0.3,10,6,4,37.6,490,+8,
,"2017. 2.19",京都,2京8,未勝利,未勝利,6,11,クリノアントニヌス,牡,3,鮫島良太, 56 ,16,5,１, ,ダ1200,稍,,(栗),川村禎彦,1138,-0.3,,3,3,37.8,522,-2,
,"2017. 2.19",京都,2京8,未勝利,未勝利・牝,1,1,エンドレスコール,牝,3,荻野極,51▲,13,6,１, ,ダ1800,稍,,(栗),橋口慎介,1550,-0.0,3,4,3,37.0,472,-12,
,"2017. 2.18",京都,2京7,1000万,1000万下,4,7,マッシヴランナー,牡,5,Ｍ．デム, 57 ,15,1,１, ,ダ1800,稍,,(栗),大橋勇樹,1517,-0.1,4,5,6,37.5,524,0,
,"2017. 2.18",京都,2京7,Ｇ３,京都牝馬G3,5,10,レッツゴードンキ,牝,5,岩田康誠, 55 ,18,1,１, 外,芝1400,稍,,(栗),梅田智之,1225,-0.3,,12,7,34.0,502,+10,
,"2017. 2.18",京都,2京7,1600万,橿原ＳＨ1600,4,7,ゴルゴバローズ,牡,4,Ｍ．デム, 56 ,16,1,１, ,ダ1200,稍,,(美),木村哲也,1108,-0.4,,1,1,35.8,540,+6,
,"2017. 2.18",京都,2京7,1000万,宇治川特1000,6,7,ワントゥワン,牝,4,ルメール, 55 ,12,1,１, 外,芝1400,稍,,(栗),藤岡健一,1228,-0.1,,9,8,33.5,446,+4,
,"2017. 2.18",京都,2京7,500万,500万下,1,1,ディープエクシード,牡,4,武豊, 57 ,16,3,１, 外,芝1600,稍,*,(栗),羽月友彦,1362,-0.0,,10,11,34.7,484,0,
,"2017. 2.18",京都,2京7,500万,500万下,6,8,ロバストミノル,牡,4,池添謙一, 56 ,13,5,１, ,ダ1800,稍,,(栗),本田優,1530,-0.0,3,2,2,37.5,500,-4,
,"2017. 2.18",京都,2京7,500万,500万下・牝*,7,12,ベルカプリ,牝,3,池添謙一, 54 ,14,6,１, 外,芝1400,稍,,(栗),西浦勝一,1236,-0.0,,1,1,35.0,456,-6,
,"2017. 2.18",京都,2京7,未勝利,未勝利,7,10,アドマイヤロブソン,牡,3,ルメール, 56 ,13,1,１, 外,芝1800,稍,,(栗),友道康夫,1496,-0.2,,7,7,34.8,506,-4,
,"2017. 2.18",京都,2京7,新馬,新馬,3,5,アスターゴールド,牡,3,田中健, 56 ,16,13,１, ,ダ1800,稍,,(栗),南井克巳,1545,-0.4,4,4,3,37.4,486,,
,"2017. 2.18",京都,2京7,未勝利,未勝利,8,15,ハクサンベル,牡,3,ルメール, 56 ,16,4,１, ,ダ1400,稍,,(栗),西園正都,1259,-0.1,,2,2,37.9,458,0,
,"2017. 2.18",京都,2京7,未勝利,未勝利,2,3,カフジグローリー,牡,3,松山弘平, 56 ,16,1,１, ,ダ1800,稍,,(栗),森田直行,1536,-0.1,1,1,1,38.2,516,-2,
,"2017. 2.18",京都,2京7,未勝利,未勝利・牝,8,16,ウラガーノ,牝,3,Ｍ．デム, 54 ,16,1,１, ,ダ1200,稍,,(栗),吉村圭司,1128,-0.5,,3,3,36.9,518,+10,
,"2017. 2.12",京都,2京6,1000万,1000万下,8,15,クリノリーソクツモ,牝,5,小牧太, 55 ,16,12,１, ,ダ1200,重,,(栗),作田誠二,1112,-0.3,,8,6,36.0,442,0,
,"2017. 2.12",京都,2京6,Ｇ２,京都記念G2,6,6,サトノクラウン,牡,5,Ｍ．デム, 58 ,10,3,１, 外,芝2200,稍,,(美),堀宣行,2141,-0.2,3,3,3,34.9,490,+6,
,"2017. 2.12",京都,2京6,ｵｰﾌﾟﾝ,アルデバＨ,7,10,モルトベーネ,牡,5,Ｍ．デム, 55 ,12,3,１, ,ダ1900,重,,(栗),松永昌博,1577,-0.2,3,3,2,36.4,476,+8,
,"2017. 2.12",京都,2京6,500万,こぶし賞500*,8,8,マイスタイル,牡,3,浜中俊, 56 ,8,2,１, 内,芝1600,稍,,(栗),昆貢,1362,-0.1,,3,3,35.1,454,-4,
,"2017. 2.12",京都,2京6,1000万,1000万下・牝,8,14,サンタエヴィータ,牝,6,川田将雅, 55 ,14,2,１, ,ダ1800,重,,(栗),西村真幸,1528,-0.2,3,2,2,37.1,478,+20,
,"2017. 2.12",京都,2京6,500万,500万下,7,7,ガンコ,牡,4,小牧太, 56 ,10,5,１, ,ダ1900,重,,(栗),松元茂樹,1590,-0.4,5,2,2,37.7,488,+8,
,"2017. 2.12",京都,2京6,新馬,新馬,2,4,テーオーフォルテ,牡,3,城戸義政,54△,16,3,１, 外,芝1800,稍,,(栗),藤岡健一,1510,-0.1,,3,6,35.6,514,,
,"2017. 2.12",京都,2京6,未勝利,未勝利,1,2,ゴールドハット,牡,3,ムーア, 56 ,16,1,１, 内,芝1600,稍,,(栗),角居勝彦,1359,-0.8,,5,4,35.1,418,+4,
,"2017. 2.12",京都,2京6,未勝利,障害未勝利,2,2,シャイニーダスト,牡,4,石神深一, 59 ,10,2,１, ,ダ2910,稍,,(美),栗田博憲,3232,-0.3,3,1,1,14.0,502,+4,
,"2017. 2.12",京都,2京6,未勝利,未勝利・牝,2,3,ヤマニンアンプリメ,牝,3,小牧太, 54 ,16,4,１, ,ダ1400,重,,(栗),中村均,1249,-0.2,,3,2,37.7,454,+2,
,"2017. 2.12",京都,2京6,未勝利,未勝利,1,1,ナムラカブト,牡,3,Ｍ．デム, 56 ,14,3,１, ,ダ1800,重,,(栗),中村均,1521,-0.5,4,4,4,36.3,498,-4,
,"2017. 2.12",京都,2京6,未勝利,未勝利,6,12,メイショウアリソン,牡,3,池添謙一, 56 ,16,2,１, ,ダ1200,重,,(栗),池添兼雄,1127,-0.7,,1,1,36.3,486,+4,
,"2017. 2.11",京都,2京5,1000万,1000万下,8,9,ドラゴンバローズ,牡,5,和田竜二, 57 ,10,2,１, ,ダ1900,重,,(栗),渡辺薫彦,1572,-0.3,3,3,2,37.2,512,0,
,"2017. 2.11",京都,2京5,ｵｰﾌﾟﾝ,洛陽Ｓ,3,3,ダッシングブレイズ,牡,5,Ｍ．デム, 56 ,11,2,１, 外,芝1600,重,,(栗),吉村圭司,1357,-0.2,,6,6,34.5,504,+2,
,"2017. 2.11",京都,2京5,1600万,飛鳥Ｓ1600,7,10,アドマイヤリード,牝,4,武幸四郎, 54 ,12,2,１, 外,芝1800,重,,(栗),須貝尚介,1486,-0.5,,12,9,34.2,430,+4,
,"2017. 2.11",京都,2京5,1000万,琵琶湖特1000,3,3,ヤマカツポセイドン,牡,8,国分優作, 57 ,9,3,１, 外,芝2400,重,,(栗),大根田裕,2283,-0.2,6,6,4,36.6,480,+2,
,"2017. 2.11",京都,2京5,500万,500万下,7,7,フォンターナリーリ,牝,4,Ｍ．デム, 54 ,10,2,１, ,ダ1800,重,,(栗),中内田充,1506,-0.0,2,2,1,36.4,482,-4,
,"2017. 2.11",京都,2京5,500万,500万下,2,3,カフェライジング,牡,5,武豊, 57 ,16,1,１, ,ダ1200,重,,(栗),松永幹夫,1110,-0.3,,1,1,36.5,524,+4,
,"2017. 2.11",京都,2京5,500万,500万下*,3,3,グランドディアマン,牡,3,和田竜二, 56 ,14,9,１, ,ダ1800,重,,(栗),岩元市三,1506,-0.0,3,2,3,36.4,502,-6,
,"2017. 2.11",京都,2京5,未勝利,未勝利,4,8,マナローラ,牝,3,Ｍ．デム, 54 ,16,5,１, 内,芝2000,重,,(栗),鮫島一歩,2036,-0.0,8,6,6,35.9,448,+2,
,"2017. 2.11",京都,2京5,新馬,新馬,5,10,サヴィ,牡,3,和田竜二, 56 ,16,4,１, ,ダ1400,重,,(栗),中内田充,1260,-0.0,,2,2,37.2,464,,
,"2017. 2.11",京都,2京5,未勝利,未勝利,1,1,ヤマノヒマワリ,牝,3,小牧太, 54 ,16,6,１, ,ダ1400,重,,(栗),飯田雄三,1250,-0.0,,1,1,36.6,470,-2,
,"2017. 2.11",京都,2京5,未勝利,未勝利,6,7,ウイングオーシャン,牡,3,小林徹弥, 56 ,11,1,１, ,ダ1800,重,,(栗),目野哲也,1522,-0.3,3,2,2,37.1,514,-2,
,"2017. 2.11",京都,2京5,未勝利,未勝利・牝,7,13,タガノヴェローナ,牝,3,幸英明, 54 ,16,1,１, ,ダ1800,重,,(栗),中村均,1529,-0.4,2,2,2,37.6,472,+6,
,"2017. 2. 5",京都,2京4,1000万,1000万下,3,6,ナイトフォックス,牡,5,福永祐一, 57 ,16,2,１, 内,芝1200,重,,(美),大竹正博,1103,-0.0,,9,6,34.7,470,0,
,"2017. 2. 5",京都,2京4,Ｇ３,きさらぎG3,7,7,アメリカズカップ,牡,3,松若風馬, 56 ,8,6,１, 外,芝1800,重,*,(栗),音無秀孝,1501,-0.3,,3,3,35.9,450,-12,
,"2017. 2. 5",京都,2京4,1600万,山城ＳＨ1600,2,2,ウインムート,牡,4,松山弘平, 55 ,14,3,１, 内,芝1200,重,,(栗),加用正,1100,-0.3,,1,1,35.3,490,0,
,"2017. 2. 5",京都,2京4,1600万,北山Ｓ1600,1,1,トップディーヴォ,牡,5,福永祐一, 57 ,15,3,１, ,ダ1800,重,,(栗),昆貢,1488,-0.1,4,4,2,36.1,490,+4,B
,"2017. 2. 5",京都,2京4,1000万,1000万下,2,3,コパノチャーリー,牡,5,小崎綾也,56☆,15,2,１, ,ダ1800,重,*,(栗),村山明,1499,-0.0,1,1,1,37.0,526,+2,
,"2017. 2. 5",京都,2京4,500万,500万下,2,4,ノースウッド,牡,5,福永祐一, 57 ,16,2,１, ,ダ1400,重,,(栗),野中賢二,1230,-0.7,,1,1,35.9,520,0,
,"2017. 2. 5",京都,2京4,新馬,新馬,8,15,レイトブルーマー,牝,3,松若風馬, 54 ,15,4,１, 内,芝2000,重,*,(栗),長浜博之,2070,-0.7,1,1,1,36.9,458,,
,"2017. 2. 5",京都,2京4,未勝利,未勝利,8,15,カラル,牡,3,鮫島克駿,55☆,16,2,１, 外,芝2200,重,,(栗),佐々木晶,2202,-0.0,13,12,9,37.5,488,+6,
,"2017. 2. 5",京都,2京4,未勝利,障害未勝利,7,8,メイショウオトコギ,セ,8,白浜雄造, 60 ,11,1,１, ,ダ2910,稍,,(栗),飯田祐史,3237,-0.3,5,4,4,14.0,500,+2,
,"2017. 2. 5",京都,2京4,500万,500万下*,3,3,ベルエスメラルダ,牝,3,小崎綾也,53☆,12,3,１, ,ダ1400,重,,(栗),村山明,1238,-0.1,,1,1,37.4,440,0,
,"2017. 2. 5",京都,2京4,未勝利,未勝利,4,5,オクラホマ,牡,3,ルメール, 56 ,14,3,１, ,ダ1800,重,,(栗),石坂正,1511,-0.3,2,2,2,36.9,502,-8,
,"2017. 2. 5",京都,2京4,未勝利,未勝利,1,2,パワフルヒロコ,牝,3,中井裕二,53☆,16,2,１, ,ダ1200,重,,(栗),飯田雄三,1115,-0.0,,1,1,36.6,446,+2,
,"2017. 2. 4",京都,2京3,1000万,1000万下,7,13,トレジャーステイト,牝,5,福永祐一, 55 ,16,5,１, ,ダ1400,良,,(栗),奥村豊,1249,-0.1,,2,2,36.5,470,-2,
,"2017. 2. 4",京都,2京3,ｵｰﾌﾟﾝ,大和ＳＨ,4,8,ワディ,牝,6,Ｍ．デム, 52 ,16,4,１, ,ダ1200,良,,(栗),野中賢二,1112,-0.0,,4,4,35.8,476,+2,
,"2017. 2. 4",京都,2京3,ｵｰﾌﾟﾝ,エルフィ,8,9,サロニカ,牝,3,福永祐一, 54 ,10,3,１, 外,芝1600,良,,(栗),角居勝彦,1367,-0.2,,1,1,34.6,430,0,
,"2017. 2. 4",京都,2京3,1000万,稲荷特別1000,7,8,サトノケンシロウ,牡,4,武豊, 56 ,10,1,１, 内,芝2000,良,,(栗),池江泰寿,2006,-0.0,5,5,4,35.3,456,-6,
,"2017. 2. 4",京都,2京3,500万,500万下,3,6,クールゼファー,牝,4,フォーリ, 55 ,16,1,１, ,ダ1200,良,,(栗),吉村圭司,1108,-0.6,,1,1,35.8,532,-8,
,"2017. 2. 4",京都,2京3,500万,500万下,2,2,メイケイレジェンド,牡,4,武豊, 56 ,9,1,１, 外,芝2400,良,,(栗),木原一良,2292,-0.0,4,5,5,34.8,478,+4,
,"2017. 2. 4",京都,2京3,未勝利,未勝利,6,11,グラットシエル,牡,3,福永祐一, 56 ,16,1,１, 外,芝1800,良,,(栗),石坂正,1487,-0.2,,3,2,35.4,502,+4,
,"2017. 2. 4",京都,2京3,未勝利,未勝利・牝,1,2,キスミーワンス,牝,3,浜中俊, 54 ,16,8,１, 内,芝1600,良,,(栗),角田晃一,1364,-0.0,,4,5,35.1,434,-2,
,"2017. 2. 4",京都,2京3,500万,500万下,7,10,サウスオブボーダー,牡,4,北村友一, 56 ,13,1,１, ,ダ1800,稍,,(栗),五十嵐忠,1525,-0.7,3,3,3,37.1,458,+8,
,"2017. 2. 4",京都,2京3,未勝利,未勝利,5,9,スマートレイチェル,牝,3,武豊, 54 ,16,1,１, ,ダ1400,稍,,(栗),西園正都,1250,-1.1,,1,1,37.9,480,-6,
,"2017. 2. 4",京都,2京3,新馬,新馬,6,9,サンオークランド,牡,3,浜中俊, 56 ,13,6,１, ,ダ1800,稍,,(栗),角居勝彦,1553,-0.3,6,6,2,37.4,502,,
,"2017. 2. 4",京都,2京3,未勝利,未勝利,1,1,フォレストタウン,牡,3,水口優也, 56 ,16,2,１, ,ダ1800,稍,*,(栗),福島信晴,1530,-0.7,1,1,1,37.5,518,-10,
,"2017. 1.29",京都,2京2,1000万,1000万下,2,4,キャプテンシップ,牡,5,武豊, 57 ,16,3,１, ,ダ1200,良,,(栗),森秀行,1112,-0.5,,1,1,36.3,520,-8,
,"2017. 1.29",京都,2京2,Ｇ３,シルクロＨG3,5,7,ダンスディレクター,牡,7,武豊,57.5,13,3,１, 内,芝1200,良,,(栗),笹田和秀,1078,-0.0,,10,9,33.1,442,-4,
,"2017. 1.29",京都,2京2,1600万,松籟ＳＨ1600,2,2,ジュンヴァルカン,牡,4,Ｍ．デム, 55 ,9,1,１, 外,芝2400,良,,(栗),友道康夫,2259,-0.3,2,2,1,34.3,520,+2,
,"2017. 1.29",京都,2京2,1000万,大津特別1000,6,7,マインシャッツ,牡,4,池添謙一, 56 ,12,1,１, ,ダ1800,良,,(栗),西浦勝一,1529,-0.0,5,5,4,36.1,478,-4,
,"2017. 1.29",京都,2京2,500万,500万下・牝,7,10,マイグランクロア,牝,4,森裕太朗,51▲,12,3,１, ,ダ1400,良,,(栗),森秀行,1258,-0.0,,9,6,36.5,482,-8,
,"2017. 1.29",京都,2京2,500万,500万下,7,10,オウケンワールド,牡,5,Ｍ．デム, 57 ,12,1,１, ,ダ1800,良,,(栗),西村真幸,1533,-0.2,5,5,4,37.3,506,+4,
,"2017. 1.29",京都,2京2,500万,500万下*,3,3,ミラアイトーン,牡,3,武幸四郎, 56 ,11,2,１, 外,芝1400,良,,(栗),池江泰寿,1223,-0.2,,5,5,33.8,514,+2,
,"2017. 1.29",京都,2京2,未勝利,未勝利,8,15,テリトーリアル,牡,3,Ｍ．デム, 56 ,15,3,１, 内,芝1600,良,,(栗),西浦勝一,1348,-0.0,,4,4,35.1,470,+4,
,"2017. 1.29",京都,2京2,新馬,新馬,1,1,テンモース,牝,3,武豊, 54 ,13,1,１, ,ダ1200,良,,(栗),飯田祐史,1125,-0.3,,1,1,36.4,446,,
,"2017. 1.29",京都,2京2,未勝利,未勝利,3,4,ボナパルト,牡,3,武豊, 56 ,15,1,１, ,ダ1800,良,,(栗),庄野靖志,1537,-0.0,1,1,1,38.8,504,0,
,"2017. 1.29",京都,2京2,未勝利,未勝利,5,6,スズカコーズライン,牡,3,酒井学, 56 ,12,1,１, ,ダ1200,良,,(栗),木原一良,1125,-1.2,,1,1,36.8,484,+4,
,"2017. 1.29",京都,2京2,未勝利,未勝利・牝,1,1,クールデザイン,牝,3,Ｍ．デム, 54 ,14,1,１, ,ダ1800,良,,(栗),平田修,1549,-0.2,9,10,9,36.5,444,-2,
,"2017. 1.28",京都,2京1,500万,500万下,2,3,メイショウカロッタ,牡,5,城戸義政,55△,16,2,１, ,ダ1200,良,,(栗),南井克巳,1115,-0.1,,1,1,37.0,492,-4,
,"2017. 1.28",京都,2京1,1600万,河原町Ｓ1600,4,4,コウエイエンブレム,牡,4,松山弘平, 56 ,11,1,１, ,ダ1400,良,,(栗),山内研二,1222,-0.7,,1,1,35.8,530,+4,
,"2017. 1.28",京都,2京1,1000万,木津川特1000,2,2,シルヴァーグレイス,牝,7,和田竜二, 55 ,10,10,１, 外,芝1600,良,*,(栗),荒川義之,1343,-0.0,,3,2,34.8,466,0,B
,"2017. 1.28",京都,2京1,500万,梅花賞500*,7,7,インヴィクタ,牡,3,フォーリ, 56 ,9,4,１, 外,芝2400,良,,(栗),友道康夫,2274,-0.3,5,5,5,35.1,476,+10,
,"2017. 1.28",京都,2京1,ｵｰﾌﾟﾝ,牛若丸ジ,6,7,クリノダイコクテン,牡,6,植野貴也, 59 ,11,7,１, ,ダ3170,良,,(栗),谷潔,3344,-0.0,5,4,3,13.5,486,+14,
,"2017. 1.28",京都,2京1,500万,500万下,6,7,クロークス,牡,4,和田竜二, 56 ,11,3,１, ,ダ1900,良,,(栗),池添学,1595,-0.1,1,1,1,38.0,482,+20,
,"2017. 1.28",京都,2京1,新馬,新馬,3,5,フィアーノロマーノ,牡,3,フォーリ, 54 ,16,2,１, 内,芝1600,良,,(栗),高野友和,1350,-0.6,,2,2,35.1,514,,
,"2017. 1.28",京都,2京1,未勝利,未勝利,4,5,クリンチャー,牡,3,藤岡佑介, 56 ,14,14,１, 内,芝2000,良,*,(栗),宮本博,2008,-0.5,1,1,1,35.6,478,+2,
,"2017. 1.28",京都,2京1,500万,500万下*,8,10,エルデュクラージュ,牡,3,松山弘平, 56 ,10,1,１, ,ダ1800,良,,(栗),池添学,1524,-0.2,3,3,2,37.9,496,+2,
,"2017. 1.28",京都,2京1,未勝利,未勝利,2,4,キタサンシーザー,牡,3,武豊, 56 ,16,3,１, ,ダ1400,良,,(栗),目野哲也,1261,-0.0,,1,1,39.1,488,+2,
,"2017. 1.28",京都,2京1,未勝利,未勝利,4,4,ダノンロッソ,牡,3,福永祐一, 56 ,12,1,１, ,ダ1800,良,,(栗),松田国英,1538,-0.1,5,5,3,37.3,438,+2,
,"2017. 1.28",京都,2京1,未勝利,未勝利・牝,5,10,スマートアムール,牝,3,武豊, 54 ,16,1,１, ,ダ1200,良,,(栗),須貝尚介,1128,-0.7,,2,2,36.6,440,-2,
,"2017. 1.22",京都,1京7,1000万,1000万下,3,3,エイシンラナウェー,牡,6,岩田康誠, 57 ,14,3,１, ,ダ1200,稍,,(栗),西園正都,1112,-0.4,,2,2,36.3,484,-4,
,"2017. 1.22",京都,1京7,1600万,石清水Ｈ1600,8,14,ムーンエクスプレス,牝,5,松山弘平, 53 ,14,7,１, 外,芝1400,稍,,(栗),鈴木孝志,1233,-0.0,,1,1,35.3,436,+8,
,"2017. 1.22",京都,1京7,1600万,山科Ｓ1600,8,13,ニットウスバル,牡,5,岩田康誠, 57 ,14,2,１, ,ダ1200,稍,,(美),高橋文雅,1111,-0.2,,13,10,34.8,518,-6,
,"2017. 1.22",京都,1京7,1000万,睦月賞Ｈ1000,4,4,ショパン,牡,4,Ｍ．デム, 55 ,10,1,１, 外,芝2400,稍,,(栗),角居勝彦,2302,-0.2,6,6,4,35.6,464,+2,
,"2017. 1.22",京都,1京7,500万,500万下,1,1,ダブルイーグル,牡,9,小牧太, 57 ,12,7,１, 内,芝2000,良,,(栗),西橋豊治,2017,-0.4,9,6,6,35.1,490,+10,
,"2017. 1.22",京都,1京7,500万,500万下,4,5,タガノジーニアス,牡,4,川島信二, 56 ,14,2,１, ,ダ1800,稍,,(栗),斉藤崇史,1535,-0.4,8,7,5,36.8,510,0,
,"2017. 1.22",京都,1京7,新馬,新馬,4,7,ファンディーナ,牝,3,岩田康誠, 54 ,15,1,１, 外,芝1800,良,,(栗),高野友和,1500,-1.5,,1,1,34.3,516,,
,"2017. 1.22",京都,1京7,未勝利,未勝利,2,4,フラウティスタ,牝,3,Ｍ．デム, 54 ,16,1,１, 内,芝1600,良,,(栗),中内田充,1377,-0.2,,7,7,35.0,418,-2,
,"2017. 1.22",京都,1京7,500万,500万下・牝*,6,10,タガノカトレア,牝,3,菱田裕二, 54 ,14,2,１, ,ダ1400,稍,,(栗),岡田稲男,1249,-0.2,,6,4,36.7,426,+6,
,"2017. 1.22",京都,1京7,未勝利,未勝利,1,2,ベルエスメラルダ,牝,3,小崎綾也,53☆,16,6,１, ,ダ1400,稍,,(栗),村山明,1252,-1.1,,1,1,36.7,440,-2,
,"2017. 1.22",京都,1京7,未勝利,未勝利,5,7,ウォーターマーズ,牡,3,菱田裕二, 56 ,13,2,１, ,ダ1800,稍,,(栗),岡田稲男,1545,-0.9,10,12,10,36.6,524,0,
,"2017. 1.22",京都,1京7,未勝利,未勝利・牝,4,7,レッドリボン,牝,3,池添謙一, 54 ,15,2,１, ,ダ1800,稍,,(栗),野中賢二,1551,-0.3,5,5,2,37.7,434,0,
,"2017. 1.21",京都,1京6,500万,500万下,8,14,ショウナンタイザン,牡,4,松田大作, 56 ,15,9,１, 外,芝1600,稍,,(栗),梅田智之,1360,-0.2,,7,6,34.8,504,-2,
,"2017. 1.21",京都,1京6,ｵｰﾌﾟﾝ,すばるＳ,6,12,スマートアヴァロン,牡,5,Ｍ．デム, 56 ,16,2,１, ,ダ1400,稍,,(栗),西園正都,1232,-0.3,,11,10,35.9,516,+2,
,"2017. 1.21",京都,1京6,ｵｰﾌﾟﾝ,若駒Ｓ,1,1,アダムバローズ,牡,3,池添謙一, 56 ,5,5,１, 内,芝2000,稍,,(栗),角田晃一,2017,-0.0,1,1,1,35.6,504,-8,
,"2017. 1.21",京都,1京6,1000万,祇園特別1000,8,15,ビップライブリー,牡,4,和田竜二, 56 ,16,1,１, 外,芝1400,稍,,(栗),清水久詞,1230,-0.5,,1,1,34.1,458,+4,
,"2017. 1.21",京都,1京6,1000万,1000万下,3,4,ワンダーピルエット,牝,4,小牧太, 54 ,14,6,１, ,ダ1800,重,,(栗),小崎憲,1514,-0.7,5,4,4,36.9,476,-4,
,"2017. 1.21",京都,1京6,500万,500万下,8,16,ネオアトラクション,牡,5,シュミノ, 57 ,16,11,１, ,ダ1400,重,,(栗),角居勝彦,1252,-0.3,,15,14,36.5,500,+6,
,"2017. 1.21",京都,1京6,新馬,新馬,5,9,ホーリーブレイズ,牡,3,松田大作, 56 ,16,4,１, ,ダ1800,重,,(栗),佐藤正雄,1556,-0.3,8,8,6,36.9,460,,
,"2017. 1.21",京都,1京6,未勝利,未勝利,5,7,エスピリトゥオーゾ,牡,3,四位洋文, 56 ,14,2,１, 内,芝2000,稍,,(栗),木原一良,2027,-0.2,9,8,6,35.5,458,+4,
,"2017. 1.21",京都,1京6,新馬,新馬・牝,3,5,ビップキャッツアイ,牝,3,福永祐一, 54 ,16,1,１, ,ダ1400,重,,(栗),清水久詞,1278,-0.3,,1,1,39.1,480,,
,"2017. 1.21",京都,1京6,未勝利,未勝利,4,4,シゲルカモシカ,牡,3,和田竜二, 56 ,13,1,１, ,ダ1400,重,,(栗),沖芳夫,1276,-0.0,,3,3,38.1,448,0,
,"2017. 1.21",京都,1京6,未勝利,未勝利,7,10,エジステンツァ,牡,3,藤岡佑介, 56 ,12,1,１, ,ダ1800,重,,(栗),藤岡健一,1543,-0.1,1,1,1,37.2,478,-4,B
,"2017. 1.21",京都,1京6,未勝利,未勝利,3,5,オモイサイフ,牡,3,松若風馬, 56 ,16,12,１, ,ダ1200,重,*,(栗),谷潔,1134,-0.0,,9,8,37.0,512,-2,
,"2017. 1.17",京都,1京5,1000万,1000万下,3,3,フロリダパンサー,牡,6,太宰啓介, 57 ,9,5,１, 内,芝2000,稍,,(栗),宮本博,2013,-0.0,1,1,1,35.5,478,0,
,"2017. 1.17",京都,1京5,Ｇ２,日経新春ＨG2,4,5,ミッキーロケット,牡,4,和田竜二, 55 ,14,1,１, 外,芝2400,稍,*,(栗),音無秀孝,2257,-0.0,4,3,2,36.0,478,+6,
,"2017. 1.17",京都,1京5,ｵｰﾌﾟﾝ,紅梅Ｓ,3,3,アロンザモナ,牝,3,幸英明, 54 ,9,5,１, 外,芝1400,稍,,(栗),西浦勝一,1224,-0.1,,5,5,35.2,470,0,
,"2017. 1.17",京都,1京5,1600万,雅ＳＨ1600,2,2,コクスイセン,牡,4,武幸四郎, 54 ,15,3,１, ,ダ1800,重,*,(栗),寺島良,1514,-0.3,1,1,1,36.8,512,+10,
,"2017. 1.17",京都,1京5,1000万,1000万下,1,1,クリノリトミシュル,牝,4,ルメール, 54 ,15,1,１, ,ダ1800,重,,(栗),渡辺薫彦,1510,-0.4,10,10,9,35.9,490,-6,
,"2017. 1.17",京都,1京5,500万,500万下,6,11,エイシンカーニバル,牡,5,ルメール, 57 ,16,2,１, ,ダ1200,重,,(栗),今野貞一,1110,-1.0,,5,4,36.2,474,-2,
,"2017. 1.17",京都,1京5,新馬,新馬,6,12,チリーシルバー,牝,3,ルメール, 54 ,16,3,１, 内,芝1600,稍,,(美),萩原清,1374,-0.3,,4,4,35.1,492,,
,"2017. 1.17",京都,1京5,未勝利,未勝利,8,16,サトノクロニクル,牡,3,シュミノ, 56 ,16,1,１, 外,芝1800,稍,,(栗),池江泰寿,1505,-0.2,,4,4,35.6,452,-4,
,"2017. 1.17",京都,1京5,500万,500万下*,3,3,ノーブルサターン,牡,3,鮫島良太, 56 ,11,10,１, ,ダ1800,重,,(栗),牧浦充徳,1533,-0.2,1,1,1,36.3,504,+2,
,"2017. 1.17",京都,1京5,未勝利,未勝利・牝,6,11,ヴィルデローゼ,牝,3,福永祐一, 54 ,16,2,１, ,ダ1400,重,,(栗),石坂正,1245,-0.5,,3,3,37.2,468,-6,
,"2017. 1.17",京都,1京5,未勝利,未勝利,7,12,ゼンノワスレガタミ,牡,3,武豊, 56 ,14,2,１, ,ダ1800,重,,(栗),中内田充,1530,-0.2,3,2,2,38.6,472,-2,
,"2017. 1.17",京都,1京5,未勝利,未勝利,4,7,ポルタディソーニ,牝,3,森裕太朗,51▲,16,5,１, ,ダ1200,重,,(栗),羽月友彦,1131,-0.0,,3,4,37.3,416,-10,
,"2017. 1.14",京都,1京4,1000万,1000万下,8,15,ワンダーサジェス,牝,4,小牧太, 54 ,16,1,１, ,ダ1400,稍,,(栗),石橋守,1242,-0.0,,5,5,37.2,486,+6,
,"2017. 1.14",京都,1京4,1600万,新春Ｓ1600,8,13,トーキングドラム,牡,7,シュミノ, 57 ,14,8,１, 外,芝1600,良,,(美),斎藤誠,1346,-0.0,,6,4,35.4,480,-4,
,"2017. 1.14",京都,1京4,1000万,北大路特1000,8,12,アドマイヤリード,牝,4,福永祐一, 54 ,13,2,１, 外,芝1800,良,,(栗),須貝尚介,1475,-0.1,,9,9,34.2,426,+2,
,"2017. 1.14",京都,1京4,500万,白梅賞500*,4,4,オールザゴー,牡,3,浜中俊, 56 ,10,4,１, 内,芝1600,良,,(栗),矢作芳人,1358,-0.3,,1,1,35.8,480,+2,
,"2017. 1.14",京都,1京4,500万,500万下・牝,5,9,スターリーウインド,牝,5,和田竜二, 55 ,16,3,１, ,ダ1400,稍,,(栗),今野貞一,1259,-0.1,,14,8,36.1,480,+2,
,"2017. 1.14",京都,1京4,500万,500万下,3,6,リセエンヌ,牝,4,松若風馬, 54 ,16,9,１, 外,芝2200,良,,(栗),荒川義之,2155,-0.1,3,5,5,35.8,416,+6,
,"2017. 1.14",京都,1京4,500万,500万下,2,3,アンナペレンナ,牝,4,小牧太, 54 ,16,4,１, ,ダ1800,稍,,(栗),西園正都,1524,-0.2,3,4,3,37.9,514,+12,
,"2017. 1.14",京都,1京4,未勝利,未勝利・牝,5,9,ルーズベルトゲーム,牝,3,福永祐一, 54 ,16,2,１, 内,芝1600,良,,(栗),安田隆行,1365,-0.0,,7,5,36.0,434,-2,
,"2017. 1.14",京都,1京4,新馬,新馬,3,5,クインズマラクータ,牡,3,松若風馬, 56 ,16,5,１, ,ダ1400,稍,,(栗),山内研二,1274,-0.4,,3,3,38.2,520,,
,"2017. 1.14",京都,1京4,未勝利,未勝利,7,13,トウカイシュテルン,牝,3,福永祐一, 54 ,16,3,１, ,ダ1400,稍,,(栗),松元茂樹,1262,-0.1,,3,3,38.2,476,+2,
,"2017. 1.14",京都,1京4,未勝利,未勝利,6,11,ミキノトランペット,牡,3,武豊, 56 ,16,2,１, ,ダ1800,稍,,(栗),大橋勇樹,1547,-0.0,3,2,2,38.7,520,+14,
,"2017. 1.14",京都,1京4,未勝利,未勝利,4,6,メイショウラケーテ,牡,3,池添謙一, 56 ,14,3,１, ,ダ1800,稍,,(栗),松永昌博,1536,-0.8,1,1,1,36.7,466,0,
,"2017. 1. 8",京都,1京3,1000万,1000万下,5,5,ストンライティング,牡,4,鮫島克駿,55☆,11,5,１, 外,芝2200,重,,(栗),川村禎彦,2182,-0.3,8,9,9,36.6,440,+4,
,"2017. 1. 8",京都,1京3,Ｇ３,シンザンG3,5,9,キョウヘイ,牡,3,高倉稜, 56 ,15,8,１, 外,芝1600,重,,(栗),宮本博,1376,-0.2,,15,12,36.7,428,-2,
,"2017. 1. 8",京都,1京3,1600万,寿Ｓ1600,5,5,ロードヴァンドール,牡,4,太宰啓介, 56 ,10,2,１, 内,芝2000,稍,,(栗),昆貢,2036,-0.0,1,1,1,35.8,502,+2,
,"2017. 1. 8",京都,1京3,1000万,五条坂特1000,2,2,フミノメモリー,牡,7,幸英明, 57 ,12,7,１, ,ダ1900,稍,,(栗),西浦勝一,1591,-0.2,7,4,4,36.8,520,-8,
,"2017. 1. 8",京都,1京3,500万,500万下,6,12,ラルク,牝,4,武豊, 54 ,16,4,１, 外,芝1800,稍,,(栗),松永幹夫,1499,-0.1,,2,2,35.9,448,0,
,"2017. 1. 8",京都,1京3,500万,500万下・牝,2,3,ワキノアタリ,牝,4,小牧太, 54 ,16,3,１, ,ダ1800,稍,,(栗),松下武士,1535,-0.1,11,10,9,38.3,458,-4,
,"2017. 1. 8",京都,1京3,500万,500万下*,2,4,ハタノオヌール,牝,3,坂井瑠星,51▲,16,13,１, ,ダ1200,稍,*,(美),畠山吉宏,1122,-0.3,,1,1,36.8,436,+6,
,"2017. 1. 8",京都,1京3,未勝利,未勝利,2,3,ライオネルカズマ,牡,3,シュミノ, 56 ,16,5,１, 内,芝1600,良,,(栗),西浦勝一,1358,-0.3,,3,2,36.7,524,+2,B
,"2017. 1. 8",京都,1京3,未勝利,障害未勝利,4,4,マジックダイオウ,牡,4,林満明, 59 ,12,2,１, ,ダ2910,良,*,(栗),岩元市三,3199,-0.0,5,4,3,13.7,480,+22,
,"2017. 1. 8",京都,1京3,未勝利,未勝利,6,12,マラードザレコード,牡,3,松山弘平, 56 ,16,8,１, ,ダ1400,良,,(栗),鈴木孝志,1260,-0.1,,2,2,38.3,472,+12,
,"2017. 1. 8",京都,1京3,新馬,新馬,5,10,オスカークイーン,牝,3,武幸四郎, 54 ,16,12,１, ,ダ1200,良,,(栗),田所秀孝,1139,-0.4,,1,1,38.0,444,,
,"2017. 1. 8",京都,1京3,未勝利,未勝利・牝,2,4,バニーテール,牝,3,川田将雅, 54 ,16,1,１, ,ダ1800,良,,(栗),中内田充,1562,-0.1,5,5,3,38.4,462,0,
,"2017. 1. 7",京都,1京2,1000万,1000万下,3,5,スペシャルギフト,セ,6,北村友一, 57 ,16,10,１, 外,芝1600,良,,(栗),須貝尚介,1342,-0.0,,4,4,34.5,506,+4,
,"2017. 1. 7",京都,1京2,ｵｰﾌﾟﾝ,淀短距離,6,11,セイウンコウセイ,牡,4,松田大作, 55 ,16,5,１, 内,芝1200,良,,(美),上原博之,1080,-0.2,,2,2,33.8,494,+2,
,"2017. 1. 7",京都,1京2,1600万,羅生門Ｓ1600,7,14,キタサンサジン,牡,5,川須栄彦, 57 ,16,4,１, ,ダ1400,良,*,(栗),梅田智之,1231,-0.0,,1,1,36.5,532,+6,
,"2017. 1. 7",京都,1京2,500万,福寿草特500*,5,5,サトノリュウガ,牡,3,池添謙一, 56 ,9,8,１, 内,芝2000,良,,(栗),平田修,2003,-0.1,6,3,2,34.7,478,0,
,"2017. 1. 7",京都,1京2,1000万,1000万下,8,15,ゼンノサーベイヤー,牡,4,武豊, 56 ,16,1,１, ,ダ1200,良,,(栗),中内田充,1112,-0.4,,3,3,36.0,512,+10,
,"2017. 1. 7",京都,1京2,500万,500万下,1,1,ストライクイーグル,牡,4,岡田祥嗣, 56 ,16,1,１, ,ダ1900,良,,(栗),杉山晴紀,1591,-0.5,9,4,3,37.7,494,0,B
,"2017. 1. 7",京都,1京2,新馬,新馬・牝,4,7,ワールドフォーラブ,牝,3,ルメール, 54 ,16,1,１, 内,芝1600,良,,(栗),音無秀孝,1364,-0.0,,1,1,35.1,446,,
,"2017. 1. 7",京都,1京2,未勝利,未勝利,4,8,ダノンオブザイヤー,牡,3,川田将雅, 56 ,16,1,１, 内,芝2000,良,,(栗),池江泰寿,2012,-0.1,1,1,1,35.7,504,0,
,"2017. 1. 7",京都,1京2,500万,500万下,2,3,ペプチドアルマ,牡,5,畑端省吾, 57 ,16,7,１, ,ダ1400,良,,(栗),作田誠二,1238,-0.4,,9,8,36.5,470,+2,
,"2017. 1. 7",京都,1京2,新馬,新馬,2,4,スペシャルホース,牡,3,和田竜二, 56 ,16,5,１, ,ダ1800,良,,(栗),西橋豊治,1542,-0.4,1,1,1,37.7,512,,
,"2017. 1. 7",京都,1京2,未勝利,未勝利・牝,8,16,タマモコーラス,牝,3,岩田康誠, 54 ,16,1,１, ,ダ1200,良,,(栗),佐藤正雄,1126,-0.5,,3,3,36.9,440,+2,
,"2017. 1. 7",京都,1京2,未勝利,未勝利,5,9,アルムチャレンジ,牡,3,幸英明, 56 ,16,1,１, ,ダ1800,良,,(栗),川村禎彦,1542,-0.1,14,8,5,37.9,482,0,
,"2017. 1. 5",京都,1京1,1000万,1000万下,6,12,オールインワン,牡,4,岩田康誠, 56 ,16,4,１, 内,芝1200,良,,(栗),浜田多実,1082,-0.1,,1,1,34.3,494,+12,
,"2017. 1. 5",京都,1京1,Ｇ３,京都金杯ＨG3,3,6,エアスピネル,牡,4,武豊,56.5,18,1,１, 外,芝1600,良,,(栗),笹田和秀,1328,-0.0,,6,4,34.9,480,+2,
,"2017. 1. 5",京都,1京1,ｵｰﾌﾟﾝ,万葉ＳＨ,7,10,タマモベストプレイ,牡,7,シュミノ, 56 ,12,2,１, 外,芝3000,良,,(栗),南井克巳,3061,-0.1,4,4,3,37.3,486,+2,
,"2017. 1. 5",京都,1京1,1600万,初夢Ｓ1600,3,5,グレイトパール,牡,4,ルメール, 56 ,15,1,１, ,ダ1900,良,,(栗),中内田充,1582,-0.3,11,5,3,35.4,536,-4,
,"2017. 1. 5",京都,1京1,1000万,1000万下,3,4,ダイゴマサムネ,牡,5,森裕太朗,54▲,14,10,１, ,ダ1800,良,,(栗),坪憲章,1528,-0.0,10,9,8,37.0,518,+6,
,"2017. 1. 5",京都,1京1,500万,500万下,6,11,マッカートニー,牡,4,川須栄彦, 56 ,16,3,１, ,ダ1200,良,,(栗),梅田智之,1124,-0.1,,8,8,36.7,472,+4,
,"2017. 1. 5",京都,1京1,新馬,新馬,2,2,スズカメジャー,牡,3,福永祐一, 56 ,10,3,１, 内,芝2000,良,,(栗),橋田満,2056,-0.2,4,4,5,35.0,486,,
,"2017. 1. 5",京都,1京1,未勝利,未勝利,2,4,ヴィニー,牝,3,武豊, 54 ,16,2,１, 外,芝2200,良,,(栗),池江泰寿,2152,-0.0,10,11,7,35.7,472,-4,
,"2017. 1. 5",京都,1京1,500万,500万下,7,13,ハリケーンバローズ,牡,4,Ｍ．デム, 56 ,15,1,１, ,ダ1800,良,,(栗),角居勝彦,1524,-0.5,2,2,2,37.5,540,+10,
,"2017. 1. 5",京都,1京1,500万,500万下*,6,9,サンライズノヴァ,牡,3,松若風馬, 56 ,13,1,１, ,ダ1800,良,,(栗),音無秀孝,1525,-0.1,7,5,3,37.1,540,-8,
,"2017. 1. 5",京都,1京1,未勝利,未勝利,6,11,テイエムチェロキー,牡,3,古川吉洋, 56 ,16,2,１, ,ダ1200,良,,(栗),杉山晴紀,1123,-0.0,,2,2,36.7,458,+2,
,"2017. 1. 5",京都,1京1,未勝利,未勝利,2,4,タガノポムル,牡,3,藤岡佑介, 56 ,16,9,１, ,ダ1800,良,,(栗),本田優,1545,-0.4,15,14,12,37.0,446,-12,
,2016.11.27,京都,5京8,Ｇ３,京阪杯G3,1,2,ネロ,牡,5,バルザロ, 57 ,18,2,１, 内,芝1200,重,,(栗),森秀行,1103,-0.7,,1,1,36.2,478,+12,
,2016.11.27,京都,5京8,ｵｰﾌﾟﾝ,オータム,7,13,エイシンバッケン,牡,4,岩田康誠, 56 ,16,1,１, ,ダ1200,不,*,(栗),中尾秀正,1094,-0.0,,10,10,34.2,526,+18,
,2016.11.27,京都,5京8,1600万,渡月橋Ｈ1600,7,13,セイウンコウセイ,牡,3,松田大作, 55 ,17,11,１, 外,芝1400,重,,(美),上原博之,1251,-0.4,,1,1,36.1,492,-6,
,2016.11.27,京都,5京8,500万,白菊賞500*,8,10,ゴールドケープ,牝,2,丸山元気, 54 ,11,9,１, 内,芝1600,重,,(栗),荒川義之,1382,-0.3,,4,3,37.3,430,+6,
,2016.11.27,京都,5京8,1000万,1000万下,8,15,グレイトパール,牡,3,バルザロ, 55 ,16,1,１, ,ダ1900,不,,(栗),中内田充,1552,-0.8,5,3,2,35.7,540,0,
,2016.11.27,京都,5京8,1000万,1000万下,1,1,サニーデイズ,牡,5,石川裕紀,56☆,15,7,１, ,ダ1200,不,,(美),相沢郁,1104,-0.0,,6,3,36.1,504,0,
,2016.11.27,京都,5京8,500万,500万下,4,8,キングラディウス,牡,3,丸山元気, 55 ,16,3,１, ,ダ1800,不,,(栗),羽月友彦,1517,-0.0,2,2,2,38.6,472,+12,B
,2016.11.27,京都,5京8,新馬,新馬,6,7,カワキタエンカ,牝,2,和田竜二, 54 ,11,1,１, 外,芝1800,重,,(栗),浜田多実,1550,-0.0,,2,2,35.5,466,,
,2016.11.27,京都,5京8,ｵｰﾌﾟﾝ,障害・オープ,6,6,リヴゴーシュ,セ,4,林満明, 60 ,9,6,１, ,ダ3170,重,*,(栗),中竹和也,3383,-0.1,3,3,2,13.8,528,+14,
,2016.11.27,京都,5京8,未勝利,未勝利*,6,8,サトノリュウガ,牡,2,池添謙一, 55 ,12,2,１, 外,芝1800,重,,(栗),平田修,1521,-0.1,,7,7,36.7,478,+6,
,2016.11.27,京都,5京8,未勝利,未勝利*,3,5,トーホウドミンゴ,牡,2,松若風馬, 55 ,17,9,１, 内,芝1600,重,,(栗),谷潔,1387,-0.2,,16,15,35.7,486,+16,
,2016.11.27,京都,5京8,未勝利,未勝利*,4,8,メイショウオオヅツ,牡,2,和田翼,54☆,16,3,１, ,ダ1200,重,,(栗),河内洋,1113,-0.1,,1,1,36.6,534,0,
,2016.11.26,京都,5京7,1000万,1000万下,5,8,ハクサンルドルフ,牡,3,Ｍ．デム, 56 ,14,1,１, 外,芝1600,良,,(栗),西園正都,1349,-0.0,,13,12,34.0,462,0,
,2016.11.26,京都,5京7,Ｇ３,京都２歳G3,3,3,カデナ,牡,2,福永祐一, 55 ,10,3,１, 内,芝2000,良,,(栗),中竹和也,2026,-0.2,8,9,7,33.6,460,+2,
,2016.11.26,京都,5京7,1600万,花園Ｓ1600,3,3,ヨヨギマック,牡,5,川田将雅, 57 ,12,2,１, ,ダ1900,良,,(栗),岡田稲男,1583,-0.0,4,5,5,36.3,502,-10,
,2016.11.26,京都,5京7,1000万,高雄特Ｈ1000,4,4,サラトガスピリット,牡,4,シュタル, 56 ,13,2,１, 外,芝2400,良,,(栗),友道康夫,2274,-0.0,4,4,4,34.0,514,+10,
,2016.11.26,京都,5京7,500万,500万下,7,14,ミトノゴールド,牡,4,福永祐一, 57 ,16,3,１, ,ダ1400,良,,(栗),湯窪幸雄,1244,-0.1,,7,8,35.6,490,0,B
,2016.11.26,京都,5京7,500万,500万下,5,10,アナザープラネット,牡,3,川田将雅, 55 ,18,4,１, 外,芝1800,良,,(栗),角居勝彦,1480,-0.2,,6,5,34.2,482,+10,
,2016.11.26,京都,5京7,新馬,新馬,4,7,ラビットラン,牝,2,バルザロ, 54 ,16,2,１, ,ダ1400,良,,(栗),角居勝彦,1255,-1.2,,5,4,36.6,450,,
,2016.11.26,京都,5京7,新馬,新馬,5,9,ミリッサ,牝,2,ルメール, 54 ,16,1,１, 内,芝1600,良,,(栗),石坂正,1363,-0.2,,9,1,33.5,414,,
,2016.11.26,京都,5京7,未勝利,未勝利*,8,12,アルメリアブルーム,牝,2,バルザロ, 54 ,13,4,１, 内,芝2000,良,,(栗),高橋康之,2031,-0.1,2,2,1,34.6,420,+4,
,2016.11.26,京都,5京7,未勝利,未勝利・牝*,2,3,クライベイビー,牝,2,川田将雅, 54 ,18,6,１, 内,芝1400,良,,(栗),須貝尚介,1228,-0.1,,4,4,36.1,460,0,
,2016.11.26,京都,5京7,未勝利,未勝利*,1,1,ローズストリート,牝,2,アッゼニ, 54 ,16,3,１, ,ダ1800,良,,(栗),西園正都,1523,-0.8,3,3,2,37.7,486,+4,
,2016.11.26,京都,5京7,未勝利,未勝利*,8,15,エイシンルカーノ,牡,2,和田竜二, 55 ,16,1,１, ,ダ1400,良,,(栗),渡辺薫彦,1266,-0.3,,3,3,38.9,470,+4,
,2016.11.20,京都,5京6,1600万,西陣ＳＨ1600,1,1,スミレ,牝,3,菱田裕二, 52 ,16,1,１, ,ダ1200,稍,,(美),加藤征弘,1101,-0.2,,11,11,34.9,444,0,
,2016.11.20,京都,5京6,Ｇ１,マイルチG1,8,16,ミッキーアイル,牡,5,浜中俊, 57 ,18,3,１, 外,芝1600,良,,(栗),音無秀孝,1331,-0.0,,1,1,35.6,484,-2,
,2016.11.20,京都,5京6,1000万,衣笠特別1000,3,5,ジュールポレール,牝,3,幸英明, 53 ,15,3,１, 外,芝1800,良,,(栗),西園正都,1481,-0.0,,3,4,33.9,462,-2,
,2016.11.20,京都,5京6,500万,秋明菊賞500*,8,11,アリンナ,牝,2,ルメール, 54 ,11,2,１, 外,芝1400,良,,(栗),松元茂樹,1220,-0.3,,1,1,35.3,422,-2,B
,2016.11.20,京都,5京6,1000万,1000万下,1,1,ピットボス,牡,3,Ｍ．デム, 55 ,14,1,１, ,ダ1800,稍,,(栗),清水久詞,1504,-0.0,3,4,3,36.4,512,+8,
,2016.11.20,京都,5京6,500万,500万下,6,12,エマノン,牝,3,松山弘平, 54 ,17,13,１, 外,芝1600,良,,(栗),平田修,1344,-0.0,,6,7,34.8,492,-4,
,2016.11.20,京都,5京6,新馬,新馬,3,3,サリネロ,牝,2,ルメール, 54 ,12,1,１, 内,芝1200,良,,(美),中川公成,1102,-0.2,,3,3,34.2,492,,
,2016.11.20,京都,5京6,新馬,新馬,1,1,ポポカテペトル,牡,2,ムーア, 55 ,10,2,１, 内,芝2000,良,,(栗),友道康夫,2036,-0.0,3,3,4,34.8,484,,
,2016.11.20,京都,5京6,未勝利,未勝利*,4,7,レッドアトゥ,牝,2,岩田康誠, 54 ,16,1,１, ,ダ1800,重,,(栗),松田国英,1526,-0.3,4,5,3,37.2,460,+2,
,2016.11.20,京都,5京6,未勝利,未勝利*,6,9,アドマイヤローザ,牝,2,岩田康誠, 54 ,13,2,１, 内,芝2000,稍,,(栗),梅田智之,2026,-0.3,9,8,9,34.7,464,0,
,2016.11.20,京都,5京6,未勝利,未勝利*,4,7,レンレン,牝,2,戸崎圭太, 54 ,16,1,１, ,ダ1200,重,,(栗),牧浦充徳,1120,-0.2,,4,3,36.5,454,-2,
,2016.11.20,京都,5京6,未勝利,未勝利・牝*,6,10,イイデメモリー,牝,2,藤岡康太, 54 ,15,3,１, ,ダ1400,重,,(栗),北出成人,1250,-0.4,,1,1,37.7,544,+10,
,2016.11.19,京都,5京5,1000万,1000万下,6,10,ニシノラッシュ,牡,4,浜中俊, 57 ,14,4,１, 外,芝1400,稍,,(栗),宮本博,1222,-0.2,,2,2,34.0,490,+2,
,2016.11.19,京都,5京5,ｵｰﾌﾟﾝ,アンドロＨ,4,7,レッドソロモン,牡,4,福永祐一, 55 ,18,3,１, 内,芝2000,稍,,(栗),庄野靖志,1591,-0.0,6,6,4,35.0,486,+22,B
,2016.11.19,京都,5京5,1600万,比叡Ｓ1600,1,1,スピリッツミノル,牡,4,幸英明, 57 ,8,4,１, 外,芝2200,稍,,(栗),本田優,2135,-0.2,3,3,2,34.9,502,0,
,2016.11.19,京都,5京5,500万,もちの木500*,7,9,ブルベアバブーン,牡,2,幸英明, 55 ,11,7,１, ,ダ1800,重,,(栗),藤沢則雄,1513,-0.0,8,9,9,35.7,486,+2,
,2016.11.19,京都,5京5,1000万,1000万下,7,7,ロードヴァンドール,牡,3,太宰啓介, 55 ,9,2,１, 内,芝2000,稍,,(栗),昆貢,2002,-0.2,2,2,1,34.7,500,+10,
,2016.11.19,京都,5京5,500万,500万下,6,12,フランドル,牡,3,川田将雅, 55 ,16,2,１, ,ダ1800,重,,(栗),藤原英昭,1509,-0.3,3,2,2,36.8,494,-2,
,2016.11.19,京都,5京5,新馬,新馬,3,5,タテヤマ,牡,2,松山弘平, 55 ,15,8,１, ,ダ1200,重,,(栗),柴田光陽,1118,-0.2,,1,1,36.5,438,,
,2016.11.19,京都,5京5,新馬,新馬,8,14,ウォータービルド,牡,2,武豊, 55 ,15,3,１, 外,芝1800,稍,,(栗),岡田稲男,1509,-0.1,,3,2,34.5,484,,
,2016.11.19,京都,5京5,未勝利,未勝利*,5,9,アドマイヤプリヴ,牡,2,福永祐一, 55 ,18,4,１, 内,芝1600,稍,,(栗),友道康夫,1356,-0.0,,7,7,35.9,440,+4,
,2016.11.19,京都,5京5,未勝利,未勝利*,1,2,アシャカリアン,牡,2,幸英明, 55 ,16,1,１, ,ダ1400,重,,(栗),大根田裕,1254,-0.0,,7,5,37.7,470,-2,
,2016.11.19,京都,5京5,未勝利,未勝利*,4,7,イリスファルコン,牝,2,武豊, 54 ,18,5,１, 内,芝1200,稍,,(栗),安田隆行,1095,-0.4,,5,4,34.2,410,+4,
,2016.11.19,京都,5京5,未勝利,未勝利*,3,6,エールブリリアンツ,牡,2,松田大作, 55 ,16,5,１, ,ダ1800,重,*,(栗),今野貞一,1522,-0.0,3,3,3,38.0,492,+6,
,2016.11.13,京都,5京4,1000万,ドンカＨ1000,5,9,イーデンホール,牡,4,バルザロ, 55 ,16,4,１, ,ダ1400,良,,(栗),中内田充,1238,-0.0,,8,3,35.8,488,-4,
,2016.11.13,京都,5京4,Ｇ１,エリザベG1,2,3,クイーンズリング,牝,4,Ｍ．デム, 56 ,15,3,１, 外,芝2200,良,,(栗),吉村圭司,2129,-0.0,9,9,7,33.2,460,+10,
,2016.11.13,京都,5京4,1600万,修学院Ｈ1600,8,13,ストロングタイタン,牡,3,川田将雅, 54 ,13,1,１, 内,芝2000,良,,(栗),池江泰寿,1586,-0.1,7,7,6,34.9,524,+2,
,2016.11.13,京都,5京4,1000万,1000万下,7,13,サンライズアルブル,牡,5,坂井瑠星,54▲,16,10,１, ,ダ1800,良,,(栗),石坂正,1513,-0.0,4,3,3,36.6,482,0,
,2016.11.13,京都,5京4,500万,黄菊賞500*,4,4,タガノアシュラ,牡,2,武豊, 55 ,5,3,１, 内,芝2000,良,,(栗),五十嵐忠,2019,-0.3,1,1,1,35.3,506,+10,
,2016.11.13,京都,5京4,500万,500万下,5,8,ショパン,牡,3,川田将雅, 55 ,15,4,１, 外,芝2400,良,,(栗),角居勝彦,2257,-0.0,9,10,7,34.0,462,-14,
,2016.11.13,京都,5京4,500万,500万下・牝,7,12,スルターナ,牝,4,古川吉洋, 55 ,15,4,１, ,ダ1800,良,,(栗),昆貢,1517,-0.3,10,9,7,37.0,488,+2,
,2016.11.13,京都,5京4,新馬,新馬,4,7,グローブシアター,牡,2,福永祐一, 55 ,17,1,１, 外,芝1800,良,*,(栗),角居勝彦,1488,-0.2,,7,6,34.4,438,,
,2016.11.13,京都,5京4,新馬,新馬・牝,4,7,アロンザモナ,牝,2,幸英明, 54 ,18,4,１, 内,芝1600,良,,(栗),西浦勝一,1365,-0.3,,1,1,34.4,472,,
,2016.11.13,京都,5京4,未勝利,未勝利*,5,9,カラクレナイ,牝,2,Ｍ．デム, 54 ,18,3,１, 内,芝1400,良,,(栗),松下武士,1219,-0.2,,15,13,34.4,482,0,
,2016.11.13,京都,5京4,未勝利,未勝利*,8,14,テイエムアニマンテ,牡,2,松若風馬, 55 ,15,2,１, ,ダ1200,良,,(栗),岩元市三,1125,-0.1,,2,2,36.6,478,+8,
,2016.11.13,京都,5京4,未勝利,未勝利*,5,6,メイショウギガース,牡,2,浜中俊, 55 ,12,4,１, ,ダ1400,良,,(栗),岡田稲男,1251,-0.6,,2,2,36.6,464,0,
,2016.11.12,京都,5京3,1000万,1000万下,2,2,サンマルティン,セ,4,ルメール, 57 ,9,1,１, 外,芝2200,良,,(美),国枝栄,2159,-0.3,2,1,1,33.7,496,-4,
,2016.11.12,京都,5京3,Ｇ２,デイリーG2,6,6,ジューヌエコール,牝,2,福永祐一, 54 ,10,2,１, 外,芝1600,良,,(栗),安田隆行,1346,-0.0,,3,3,33.6,490,+2,
,2016.11.12,京都,5京3,1600万,観月橋Ｓ1600,1,1,オールブラッシュ,牡,4,ルメール, 57 ,13,1,１, ,ダ1800,良,,(栗),村山明,1494,-0.1,3,5,5,36.8,492,+6,
,2016.11.12,京都,5京3,1000万,三年坂特1000,3,4,マサハヤドリーム,牡,4,川田将雅, 57 ,14,1,１, 外,芝1600,良,,(栗),今野貞一,1335,-0.2,,4,2,34.8,474,+8,
,2016.11.12,京都,5京3,ＪＧ３,京都ジャJG3,6,6,ドリームセーリング,牡,9,石神深一, 60 ,6,4,１, ,芝3170,良,,(美),田島俊明,3322,-0.7,2,1,1,13.4,476,-4,
,2016.11.12,京都,5京3,500万,500万下,8,16,サンビショップ,セ,4,川島信二, 57 ,16,6,１, ,ダ1200,良,,(栗),谷潔,1111,-0.2,,11,9,35.5,464,+4,
,2016.11.12,京都,5京3,新馬,新馬,5,9,スペクター,牝,2,浜中俊, 54 ,16,3,１, ,ダ1800,良,,(栗),笹田和秀,1540,-0.2,7,8,6,38.0,488,,
,2016.11.12,京都,5京3,新馬,新馬,4,8,レイズアベール,牝,2,川田将雅, 54 ,18,1,１, 内,芝1400,良,,(栗),吉村圭司,1230,-0.2,,2,2,35.5,456,,
,2016.11.12,京都,5京3,未勝利,未勝利*,5,5,ハローユニコーン,牝,2,坂井瑠星,51▲,12,3,１, 外,芝1800,良,,(栗),鮫島一歩,1477,-0.3,,5,5,34.8,440,0,
,2016.11.12,京都,5京3,未勝利,未勝利*,2,2,ヒロシゲグローリー,牡,2,幸英明, 55 ,14,8,１, 内,芝1600,良,,(栗),北出成人,1347,-0.4,,1,1,35.8,484,+4,
,2016.11.12,京都,5京3,未勝利,未勝利*,5,7,サトノクリエション,牡,2,川田将雅, 55 ,14,2,１, ,ダ1800,稍,,(栗),松田国英,1522,-0.0,1,1,1,38.3,506,+2,
,2016.11.12,京都,5京3,未勝利,未勝利・牝*,7,12,キタノユーリン,牝,2,福永祐一, 54 ,14,6,１, ,ダ1400,稍,*,(栗),坂口正則,1251,-0.2,,1,1,37.4,482,+4,
,"2016.11. 6",京都,5京2,500万,500万下,8,12,エイシンティンクル,牝,3,岩田康誠, 53 ,12,1,１, 内,芝2000,良,,(栗),坂口正則,1597,-0.7,1,1,1,34.9,502,+2,
,"2016.11. 6",京都,5京2,Ｇ３,みやこＳG3,5,9,アポロケンタッキー,牡,4,松若風馬, 56 ,16,4,１, ,ダ1800,良,,(栗),山内研二,1501,-0.0,7,7,4,36.2,562,+2,
,"2016.11. 6",京都,5京2,1600万,長岡京Ｓ1600,8,8,グァンチャーレ,牡,4,古川吉洋, 57 ,9,2,１, 外,芝1600,良,,(栗),北出成人,1339,-0.2,,5,5,34.2,464,+8,
,"2016.11. 6",京都,5京2,1000万,醍醐特別1000,1,2,ナリタスターワン,牡,4,四位洋文, 57 ,18,3,１, 内,芝1200,良,,(栗),高橋亮,1083,-0.1,,6,6,34.1,474,+2,
,"2016.11. 6",京都,5京2,1000万,1000万下・牝,3,5,レッドディオーサ,牝,3,浜中俊, 53 ,16,1,１, ,ダ1800,良,,(栗),庄野靖志,1507,-0.2,3,3,3,36.6,452,0,
,"2016.11. 6",京都,5京2,500万,500万下,1,1,レッドヴェルサス,牡,3,川田将雅, 56 ,16,1,１, ,ダ1400,良,,(栗),須貝尚介,1243,-0.1,,6,4,36.9,512,0,B
,"2016.11. 6",京都,5京2,新馬,新馬,7,9,ゼアブラヴ,牡,2,藤岡康太, 55 ,12,6,１, 内,芝1400,良,,(栗),小崎憲,1228,-0.0,,8,8,34.7,486,,
,"2016.11. 6",京都,5京2,新馬,新馬,5,5,ダノンディスタンス,牡,2,和田竜二, 55 ,10,3,１, 内,芝2000,良,,(栗),佐々木晶,2043,-0.0,7,5,5,34.2,526,,
,"2016.11. 6",京都,5京2,未勝利,未勝利*,4,5,ソーグリッタリング,牡,2,川田将雅, 55 ,13,1,１, 外,芝1800,良,,(栗),池江泰寿,1487,-0.2,,2,3,34.8,482,+12,
,"2016.11. 6",京都,5京2,未勝利,未勝利*,8,12,ブルベアパンサー,牡,2,荻野極,52▲,13,3,１, ,ダ1800,良,,(栗),沖芳夫,1538,-0.4,1,1,1,38.5,454,+2,
,"2016.11. 6",京都,5京2,未勝利,未勝利・牝*,6,8,ダノンディーヴァ,牝,2,松山弘平, 54 ,13,1,１, 内,芝1600,良,,(栗),大久保龍,1344,-0.1,,9,6,35.1,458,-4,
,"2016.11. 6",京都,5京2,未勝利,未勝利*,7,11,テンザワールド,牡,2,松田大作, 55 ,13,3,１, ,ダ1400,良,,(栗),大久保龍,1260,-0.6,,4,4,38.1,430,+6,
,"2016.11. 5",京都,5京1,1000万,1000万下,8,15,ゴルゴバローズ,牡,3,Ｍ．デム, 56 ,16,1,１, ,ダ1200,良,,(美),木村哲也,1106,-0.6,,2,2,35.6,524,+12,
,"2016.11. 5",京都,5京1,Ｇ３,ファンタG3,1,1,ミスエルテ,牝,2,川田将雅, 54 ,12,1,１, 外,芝1400,良,,(栗),池江泰寿,1218,-0.2,,10,10,33.6,458,-6,
,"2016.11. 5",京都,5京1,1600万,貴船Ｓ1600,7,11,スマートアヴァロン,牡,4,川田将雅, 57 ,14,1,１, ,ダ1400,良,,(栗),西園正都,1237,-0.1,,6,5,35.6,514,0,
,"2016.11. 5",京都,5京1,1000万,近江特Ｈ1000,5,8,クリノラホール,牝,3,北村友一, 52 ,14,5,１, 外,芝1800,良,,(栗),谷潔,1466,-0.2,,3,3,33.6,446,-2,
,"2016.11. 5",京都,5京1,500万,500万下,8,12,アドマイヤロケット,牡,4,藤岡康太, 57 ,12,7,１, ,ダ1900,良,,(栗),友道康夫,1585,-0.1,2,2,1,37.3,480,-6,
,"2016.11. 5",京都,5京1,新馬,新馬,1,1,クリアザトラック,牡,2,Ｍ．デム, 55 ,10,1,１, 内,芝1600,良,,(栗),角居勝彦,1363,-0.2,,2,2,34.1,448,,
,"2016.11. 5",京都,5京1,新馬,新馬,7,12,アップビート,牝,2,シュタル, 54 ,15,2,１, ,ダ1400,良,,(栗),吉村圭司,1257,-0.8,,2,1,38.0,448,,
,"2016.11. 5",京都,5京1,新馬,新馬・牝,1,1,フェルトベルク,牝,2,川島信二, 54 ,18,12,１, 内,芝1400,良,,(栗),荒川義之,1224,-0.0,,8,9,34.6,428,,
,"2016.11. 5",京都,5京1,未勝利,未勝利*,6,6,サトノシャーク,牡,2,Ｍ．デム, 55 ,8,1,１, 内,芝2000,良,,(栗),池江泰寿,2017,-0.1,8,4,4,35.7,522,-2,
,"2016.11. 5",京都,5京1,未勝利,未勝利*,3,3,アリンナ,牝,2,藤岡康太, 54 ,13,2,１, 内,芝1200,良,,(栗),松元茂樹,1093,-0.6,,1,1,34.1,424,0,B
,"2016.11. 5",京都,5京1,未勝利,未勝利*,7,12,ハイパーノヴァ,牡,2,幸英明, 55 ,14,1,１, ,ダ1800,良,,(栗),大根田裕,1533,-0.3,3,2,2,37.3,492,0,
,"2016.11. 5",京都,5京1,未勝利,未勝利*,5,10,エッシャー,牡,2,福永祐一, 55 ,16,1,１, ,ダ1200,良,,(栗),中竹和也,1123,-0.5,,1,1,36.7,482,+4,
,2016.10.30,京都,4京9,1000万,1000万下,2,4,ヒロブレイブ,牡,3,義英真,53△,16,2,１, ,ダ1400,良,,(栗),川村禎彦,1242,-0.2,,15,13,35.9,470,+6,
,2016.10.30,京都,4京9,ｵｰﾌﾟﾝ,カシオペ,8,12,ヒルノマテーラ,牝,5,四位洋文, 54 ,12,5,１, 外,芝1800,良,,(栗),昆貢,1461,-0.2,,10,10,33.8,462,0,
,2016.10.30,京都,4京9,1600万,御陵ＳＨ1600,6,11,マイティティー,牝,4,松山弘平, 53 ,15,2,１, ,ダ1800,良,,(栗),本田優,1509,-0.0,4,3,3,36.9,476,+6,
,2016.10.30,京都,4京9,1000万,北國新Ｈ1000,6,7,ツィンクルソード,牡,5,小牧太, 53 ,11,7,１, 外,芝1400,良,,(栗),松永昌博,1209,-0.4,,1,1,34.1,482,+4,
,2016.10.30,京都,4京9,500万,500万下,5,7,ジュールポレール,牝,3,幸英明, 53 ,13,1,１, 外,芝1600,良,,(栗),西園正都,1346,-0.2,,3,3,34.5,464,+8,
,2016.10.30,京都,4京9,500万,500万下,6,11,スパイラルステップ,牝,4,和田竜二, 55 ,15,1,１, ,ダ1400,良,,(栗),庄野靖志,1243,-0.5,,2,1,37.0,528,0,
,2016.10.30,京都,4京9,500万,500万下*,5,8,ビーカーリー,牝,2,国分恭介, 54 ,15,9,１, 内,芝1200,良,*,(栗),西村真幸,1088,-0.1,,12,9,34.3,454,-4,
,2016.10.30,京都,4京9,新馬,新馬,7,8,アンセム,牡,2,四位洋文, 55 ,11,2,１, 外,芝1800,良,,(栗),野中賢二,1506,-0.0,,9,9,33.9,462,,
,2016.10.30,京都,4京9,新馬,新馬,7,9,エルデュクラージュ,牡,2,松山弘平, 55 ,12,1,１, ,ダ1800,良,,(栗),池添学,1543,-0.6,6,6,6,37.2,494,,
,2016.10.30,京都,4京9,未勝利,未勝利*,4,4,スティーマーレーン,牡,2,和田竜二, 55 ,11,3,１, 内,芝2000,良,,(栗),浜田多実,2024,-0.2,5,5,4,35.0,474,-4,
,2016.10.30,京都,4京9,未勝利,未勝利・牝*,5,6,ショウサンルヴィア,牝,2,坂井瑠星,51▲,13,4,１, ,ダ1200,良,,(栗),松下武士,1135,-0.2,,1,1,38.0,444,+2,
,2016.10.30,京都,4京9,未勝利,未勝利*,2,3,キクノルア,牡,2,浜中俊, 55 ,16,5,１, ,ダ1800,良,,(栗),奥村豊,1541,-0.0,5,4,5,37.9,496,-4,
,2016.10.29,京都,4京8,1000万,1000万下,7,13,コンセギール,牡,4,和田竜二, 57 ,15,6,１, ,ダ1800,良,,(栗),浜田多実,1525,-0.2,5,5,3,37.5,508,+2,
,2016.10.29,京都,4京8,Ｇ２,スワンＳG2,6,11,サトノアラジン,牡,5,川田将雅, 57 ,18,2,１, 外,芝1400,良,,(栗),池江泰寿,1207,-0.2,,13,13,33.6,532,+6,
,2016.10.29,京都,4京8,1600万,八坂Ｓ1600,2,2,ダノンメジャー,牡,4,小牧太, 57 ,11,3,１, 外,芝1800,良,,(栗),橋口慎介,1465,-0.1,,1,1,34.5,496,+6,
,2016.10.29,京都,4京8,ｵｰﾌﾟﾝ,萩Ｓ,2,2,プラチナヴォイス,牡,2,和田竜二, 55 ,9,3,１, 外,芝1800,良,,(栗),鮫島一歩,1492,-0.3,,2,2,34.1,508,+12,
,2016.10.29,京都,4京8,500万,500万下,7,14,ノーブルヴィーナス,牝,4,四位洋文, 55 ,16,2,１, ,ダ1200,良,,(栗),牧浦充徳,1118,-0.2,,14,11,35.6,456,+4,
,2016.10.29,京都,4京8,500万,500万下,5,5,ダノンレーザー,牡,3,川田将雅, 55 ,10,1,１, ,ダ1800,良,,(栗),中内田充,1527,-0.1,3,2,2,39.1,518,-2,
,2016.10.29,京都,4京8,1000万,1000万下,5,5,ノーブルマーズ,牡,3,高倉稜, 54 ,6,1,１, 外,芝2400,良,,(栗),宮本博,2292,-0.4,1,1,1,34.5,480,+6,
,2016.10.29,京都,4京8,新馬,新馬,6,8,アルアイン,牡,2,ムーア, 55 ,13,1,１, 内,芝1600,良,,(栗),池江泰寿,1349,-0.1,,9,9,35.1,518,,
,2016.10.29,京都,4京8,新馬,新馬,5,8,ヒップホップスワン,牝,2,浜中俊, 54 ,14,1,１, ,ダ1200,稍,,(栗),石坂正,1124,-0.0,,1,1,35.9,482,,
,2016.10.29,京都,4京8,未勝利,未勝利*,3,6,ピスカデーラ,牝,2,戸崎圭太, 54 ,16,1,１, 外,芝1800,稍,,(栗),池添学,1479,-0.1,,7,7,35.3,458,+4,
,2016.10.29,京都,4京8,未勝利,未勝利*,7,15,ブレイヴバローズ,牡,2,和田竜二, 55 ,18,1,１, 内,芝1400,稍,,(栗),角田晃一,1220,-0.0,,4,4,35.9,464,-8,
,2016.10.29,京都,4京8,未勝利,未勝利*,1,1,メイショウジーク,牡,2,岩田康誠, 55 ,14,1,１, ,ダ1400,稍,,(栗),中内田充,1248,-1.1,,1,1,37.7,454,-2,
,2016.10.23,京都,4京7,1000万,大山崎特1000,5,8,メイショウワダイコ,牡,4,池添謙一, 57 ,15,2,１, ,ダ1200,良,,(栗),池添兼雄,1114,-0.1,,1,1,36.5,538,0,
,2016.10.23,京都,4京7,Ｇ１,菊花賞G1,2,3,サトノダイヤモンド,牡,3,ルメール, 57 ,18,1,１, 外,芝3000,良,,(栗),池江泰寿,3033,-0.4,8,9,5,34.1,498,-2,
,2016.10.23,京都,4京7,1600万,桂川Ｓ1600,7,10,フミノムーン,牡,4,幸英明, 57 ,13,6,１, 内,芝1200,良,*,(栗),西浦勝一,1077,-0.2,,11,10,33.0,450,0,
,2016.10.23,京都,4京7,1000万,北野特別1000,7,8,ヴォージュ,牡,3,川田将雅, 55 ,10,5,１, 内,芝2000,良,,(栗),西村真幸,1593,-0.0,2,2,2,33.8,518,-2,
,2016.10.23,京都,4京7,500万,なでしこ500*,7,14,ハングリーベン,牡,2,北村宏司, 55 ,16,6,１, ,ダ1400,良,,(美),武井亮,1250,-0.3,,4,2,37.2,430,0,
,2016.10.23,京都,4京7,500万,500万下,8,15,サーティグランド,牡,4,義英真,55△,16,2,１, ,ダ1200,良,*,(栗),崎山博樹,1117,-0.3,,15,16,35.2,506,+10,
,2016.10.23,京都,4京7,500万,500万下,3,3,ウェーブキング,牡,4,ルメール, 57 ,9,4,１, ,ダ1900,良,,(栗),中尾秀正,1597,-0.0,6,4,3,37.6,510,-2,
,2016.10.23,京都,4京7,新馬,新馬,6,7,ベストアプローチ,牡,2,川田将雅, 55 ,11,3,１, 内,芝2000,良,,(栗),藤原英昭,2021,-0.1,5,6,5,34.8,476,,
,2016.10.23,京都,4京7,新馬,新馬・牝,3,5,メイショウベルボン,牝,2,藤岡康太, 54 ,18,6,１, 内,芝1400,良,,(栗),南井克巳,1226,-0.0,,5,6,34.9,450,,
,2016.10.23,京都,4京7,未勝利,未勝利*,8,9,セイイーグル,牡,2,ルメール, 55 ,9,4,１, 内,芝1600,良,,(栗),石坂正,1353,-0.0,,6,5,35.6,448,-4,
,2016.10.23,京都,4京7,未勝利,未勝利*,3,4,タガノアンピール,牡,2,和田竜二, 55 ,14,2,１, ,ダ1800,良,,(栗),中尾秀正,1548,-0.1,1,1,1,37.9,558,+6,
,2016.10.23,京都,4京7,未勝利,未勝利*,4,6,シゲルオカピ,牡,2,荻野極,52▲,15,3,１, ,ダ1400,良,,(栗),川村禎彦,1265,-0.0,,6,5,38.7,450,-4,
,2016.10.22,京都,4京6,1000万,1000万下,4,4,マイネルオフィール,牡,4,ヴェロン, 57 ,12,8,１, ,ダ1800,良,,(栗),飯田雄三,1527,-0.3,1,1,1,35.3,476,-4,B
,2016.10.22,京都,4京6,ｵｰﾌﾟﾝ,室町ＳＨ,4,7,ブルドッグボス,牡,4,岩田康誠, 57 ,16,1,１, ,ダ1200,良,,(栗),西浦勝一,1103,-0.2,,9,9,35.2,514,+6,
,2016.10.22,京都,4京6,1600万,古都ＳＨ1600,5,5,プロレタリアト,牝,5,杉原誠人, 53 ,12,9,１, 外,芝2400,良,,(美),小島茂之,2253,-0.0,7,7,6,33.9,430,0,B
,2016.10.22,京都,4京6,1000万,壬生特別1000,2,2,ナインテイルズ,牡,5,幸英明, 57 ,13,6,１, 内,芝1200,良,,(栗),中村均,1075,-0.2,,7,6,33.7,478,0,
,2016.10.22,京都,4京6,500万,500万下,3,4,デルマオギン,牝,3,松若風馬, 52 ,14,11,１, 外,芝2200,良,,(栗),音無秀孝,2119,-0.0,5,5,5,35.0,472,+2,
,2016.10.22,京都,4京6,500万,500万下,3,6,イーデンホール,牡,4,ヴェロン, 57 ,16,2,１, ,ダ1400,良,,(栗),中内田充,1248,-0.6,,7,7,35.5,492,-10,
,2016.10.22,京都,4京6,500万,500万下・牝,4,4,アスタキサンチン,牝,4,松田大作, 55 ,12,1,１, ,ダ1800,良,*,(栗),松下武士,1528,-0.2,2,2,2,37.1,466,+8,B
,2016.10.22,京都,4京6,新馬,新馬,8,12,パッポーネ,牡,2,浜中俊, 55 ,12,4,１, 内,芝1600,良,,(栗),吉田直弘,1368,-0.1,,9,9,34.2,488,,
,2016.10.22,京都,4京6,新馬,新馬,3,5,メイショウテムズ,牡,2,武豊, 55 ,15,1,１, ,ダ1400,良,,(栗),庄野靖志,1262,-0.1,,2,2,37.7,490,,
,2016.10.22,京都,4京6,未勝利,未勝利*,2,2,エアウィンザー,牡,2,武豊, 55 ,10,1,１, 内,芝2000,良,,(栗),角居勝彦,2017,-0.1,7,7,7,33.9,490,-4,
,2016.10.22,京都,4京6,未勝利,未勝利*,2,2,クールファンタジー,牝,2,荻野極,51▲,12,1,１, 内,芝1200,良,,(栗),清水久詞,1093,-0.0,,6,5,34.3,446,-2,
,2016.10.22,京都,4京6,未勝利,未勝利*,8,10,メイショウミズカゼ,牡,2,武豊, 55 ,10,1,１, ,ダ1200,良,,(栗),飯田祐史,1130,-0.2,,2,2,36.2,456,0,
,2016.10.16,京都,4京5,1600万,藤森Ｓ1600,2,2,エイシンバッケン,牡,4,岩田康誠, 57 ,11,2,１, ,ダ1200,良,,(栗),中尾秀正,1110,-0.1,,8,7,34.8,508,-6,
,2016.10.16,京都,4京5,Ｇ１,秋華賞G1,4,7,ヴィブロス,牝,3,福永祐一, 55 ,18,3,１, 内,芝2000,良,,(栗),友道康夫,1586,-0.1,9,8,8,33.4,414,0,
,2016.10.16,京都,4京5,1000万,鳴滝特別1000,4,4,アドマイヤキズナ,牡,3,Ｍ．デム, 54 ,7,1,１, 外,芝2200,良,,(栗),友道康夫,2129,-0.0,5,5,5,33.6,458,+2,
,2016.10.16,京都,4京5,ｵｰﾌﾟﾝ,もみじＳ,6,6,レッドアンシェル,牡,2,福永祐一, 55 ,9,1,１, 外,芝1400,良,,(栗),庄野靖志,1220,-0.2,,6,6,33.6,440,+8,
,2016.10.16,京都,4京5,1000万,1000万下,6,10,オールブラッシュ,牡,4,ルメール, 57 ,15,1,１, ,ダ1800,良,,(栗),村山明,1508,-0.2,1,1,1,38.1,486,0,
,2016.10.16,京都,4京5,1000万,1000万下,1,1,テラノヴァ,牝,3,川田将雅, 53 ,12,1,１, 外,芝1600,良,,(栗),須貝尚介,1322,-0.2,,6,5,34.0,474,+4,
,2016.10.16,京都,4京5,500万,500万下,4,4,マッシヴランナー,牡,4,藤岡康太, 57 ,10,2,１, ,ダ1800,良,,(栗),大橋勇樹,1533,-0.0,1,1,1,36.8,520,+4,
,2016.10.16,京都,4京5,新馬,新馬,3,3,コロナシオン,牝,2,ルメール, 54 ,10,1,１, 外,芝1800,良,,(栗),池添学,1500,-0.2,,8,8,33.8,456,,
,2016.10.16,京都,4京5,新馬,新馬,6,6,トウケイライデン,牡,2,武豊, 55 ,11,1,１, ,ダ1200,良,,(栗),清水久詞,1141,-0.2,,1,1,37.2,492,,
,2016.10.16,京都,4京5,未勝利,未勝利*,7,8,ハムレット,牡,2,福永祐一, 55 ,10,1,１, 内,芝1600,良,,(栗),松元茂樹,1338,-0.3,,5,5,35.5,414,+4,
,2016.10.16,京都,4京5,未勝利,未勝利*,3,3,リリーメーカー,牝,2,松若風馬, 54 ,13,3,１, ,ダ1200,良,,(栗),中村均,1127,-0.1,,1,1,38.1,490,+4,
,2016.10.16,京都,4京5,未勝利,未勝利・牝*,8,10,マルカソレイユ,牝,2,福永祐一, 54 ,11,2,１, ,ダ1400,良,,(栗),今野貞一,1245,-1.1,,3,2,37.3,458,+2,
,2016.10.15,京都,4京4,1000万,1000万下,3,6,ジープルメリア,牝,3,藤岡康太, 53 ,16,10,１, ,ダ1400,良,*,(栗),南井克巳,1233,-0.2,,1,1,36.9,452,+4,
,2016.10.15,京都,4京4,1600万,清水ＳＨ1600,6,6,ムーンクレスト,牡,4,浜中俊, 55 ,11,2,１, 外,芝1600,良,,(栗),本田優,1332,-0.2,,4,4,33.9,468,0,
,2016.10.15,京都,4京4,1000万,堀川特別1000,5,5,エテルナミノル,牝,3,浜中俊, 53 ,8,4,１, 外,芝1800,良,,(栗),本田優,1462,-0.0,,4,3,33.5,438,-2,
,2016.10.15,京都,4京4,500万,紫菊賞500*,1,1,アダムバローズ,牡,2,藤岡康太, 55 ,9,4,１, 内,芝2000,良,,(栗),角田晃一,2009,-0.1,1,1,1,35.0,502,+10,
,2016.10.15,京都,4京4,500万,500万下,3,6,キセキノツヅキ,牡,3,義英真,53△,16,7,１, ,ダ1400,良,,(栗),飯田祐史,1231,-0.1,,3,3,36.4,460,+4,
,2016.10.15,京都,4京4,500万,500万下,2,4,ナリタスターワン,牡,4,四位洋文, 57 ,18,2,１, 内,芝1200,良,,(栗),高橋亮,1076,-0.4,,1,1,33.8,472,+2,
,2016.10.15,京都,4京4,500万,500万下,7,9,テイエムテツジン,牡,4,古川吉洋, 57 ,12,7,１, ,ダ1800,良,,(栗),福島信晴,1517,-0.5,8,9,6,37.3,450,-6,
,2016.10.15,京都,4京4,新馬,新馬,5,5,ゲンパチケンシン,牡,2,荻野極,52▲,9,5,１, 内,芝1200,良,,(栗),加用正,1096,-0.1,,1,1,34.2,450,,
,2016.10.15,京都,4京4,新馬,新馬,2,2,ジェニシス,牡,2,岩田康誠, 55 ,11,1,１, ,ダ1800,良,,(栗),友道康夫,1539,-0.0,8,7,6,36.6,516,,
,2016.10.15,京都,4京4,未勝利,未勝利*,2,2,ガンサリュート,牡,2,川田将雅, 55 ,11,1,１, 外,芝1800,良,,(栗),安田隆行,1472,-0.2,,3,3,36.0,500,-2,
,2016.10.15,京都,4京4,未勝利,未勝利*,6,9,バレーロ,牡,2,川田将雅, 55 ,13,1,１, ,ダ1400,良,,(栗),高野友和,1258,-0.2,,3,3,38.0,470,+2,
,2016.10.15,京都,4京4,未勝利,未勝利*,6,8,パイオニアシーザー,牡,2,松山弘平, 55 ,12,10,１, ,ダ1800,良,,(栗),坂口正則,1546,-0.0,8,7,5,38.7,508,-2,
,2016.10.10,京都,4京3,500万,500万下,8,16,ジオラマ,牡,3,ルメール, 55 ,16,2,１, ,ダ1400,稍,,(栗),西園正都,1241,-0.1,,3,3,37.0,522,-8,
,2016.10.10,京都,4京3,Ｇ２,京都大賞G2,1,1,キタサンブラック,牡,4,武豊, 58 ,10,1,１, 外,芝2400,良,,(栗),清水久詞,2255,-0.0,2,2,2,33.6,538,+2,
,2016.10.10,京都,4京3,1600万,ジェンテ1600,2,2,トーセンビクトリー,牝,4,武幸四郎, 55 ,10,6,１, 内,芝2000,良,,(栗),角居勝彦,1594,-0.0,1,1,1,33.9,464,+10,
,2016.10.10,京都,4京3,1000万,レジェン1000,8,15,ショコラブラン,牡,4,岩田康誠, 57 ,16,1,１, ,ダ1200,稍,,(栗),浅見秀一,1110,-0.0,,5,5,36.2,472,0,
,2016.10.10,京都,4京3,500万,500万下,8,11,ウォーターレスター,牡,3,武豊, 55 ,11,5,１, ,ダ1800,稍,,(栗),庄野靖志,1527,-0.0,7,4,6,36.8,526,-2,
,2016.10.10,京都,4京3,500万,500万下・牝,5,9,キョウワエステル,牝,3,竹之下智, 53 ,16,11,１, ,ダ1200,稍,,(栗),千田輝彦,1121,-0.0,,6,5,36.6,480,+12,
,2016.10.10,京都,4京3,500万,500万下,1,1,グレイトパール,牡,3,川田将雅, 55 ,13,3,１, ,ダ1900,稍,,(栗),中内田充,1585,-0.6,3,3,2,37.5,540,-6,
,2016.10.10,京都,4京3,新馬,新馬,8,10,レッドコルディス,牝,2,藤岡康太, 54 ,10,1,１, 内,芝2000,良,,(栗),高橋義忠,2048,-0.1,2,1,2,34.8,474,,
,2016.10.10,京都,4京3,未勝利,障害未勝利,6,6,マイネルレハイム,牡,4,熊沢重文, 60 ,8,1,１, ,ダ2910,良,,(栗),田所秀孝,3225,-0.6,2,2,2,13.9,478,+2,
,2016.10.10,京都,4京3,新馬,新馬・牝,8,15,リナーテ,牝,2,川田将雅, 54 ,16,1,１, 内,芝1600,良,,(栗),須貝尚介,1380,-0.1,,3,3,34.6,468,,
,2016.10.10,京都,4京3,未勝利,未勝利*,1,1,ボンセルヴィーソ,牡,2,池添謙一, 55 ,11,3,１, 内,芝1400,良,,(栗),池添学,1216,-0.2,,4,4,34.7,470,0,
,2016.10.10,京都,4京3,未勝利,未勝利*,4,7,クレスコブレイブ,牡,2,浜中俊, 55 ,16,6,１, ,ダ1800,稍,*,(栗),飯田雄三,1529,-0.1,10,10,6,37.2,518,-2,
,"2016.10. 9",京都,4京2,1000万,1000万下・牝,2,2,スミレ,牝,3,菱田裕二, 53 ,14,2,１, ,ダ1400,重,,(美),加藤征弘,1227,-0.5,,1,1,36.0,444,0,
,"2016.10. 9",京都,4京2,ｵｰﾌﾟﾝ,オパールＨ,4,4,ラインスピリット,牡,5,森一馬, 54 ,13,13,１, 内,芝1200,稍,,(栗),松永昌博,1084,-0.1,,1,1,34.1,444,+20,
,"2016.10. 9",京都,4京2,1000万,清滝特Ｈ1000,4,4,ブレイクザポケット,牡,4,藤岡佑介, 55 ,13,4,１, 外,芝1800,稍,,(美),萩原清,1469,-0.2,,12,11,34.3,428,0,
,"2016.10. 9",京都,4京2,500万,りんどう500*,7,7,アズールムーン,牝,2,石橋脩, 54 ,9,2,１, 外,芝1400,稍,,(美),斎藤誠,1237,-0.2,,1,1,34.4,514,+14,
,"2016.10. 9",京都,4京2,500万,500万下,8,13,ニホンピロシナバー,牡,4,和田竜二, 57 ,13,3,１, ,ダ1800,重,,(栗),大橋勇樹,1500,-0.0,7,6,4,37.0,502,+2,
,"2016.10. 9",京都,4京2,500万,500万下,8,16,ウインオスカー,牡,3,松山弘平, 55 ,16,2,１, ,ダ1200,重,,(栗),飯田雄三,1101,-0.4,,1,1,35.9,504,+4,B
,"2016.10. 9",京都,4京2,500万,500万下・牝,1,1,ニホンピロヘーゼル,牝,3,酒井学, 53 ,13,1,１, ,ダ1800,重,,(栗),安達昭夫,1494,-0.7,2,2,1,38.2,488,-6,
,"2016.10. 9",京都,4京2,新馬,新馬,1,1,エーティーラッセン,牡,2,四位洋文, 55 ,10,6,１, 外,芝1800,重,,(栗),木原一良,1509,-0.1,,9,9,34.5,484,,
,"2016.10. 9",京都,4京2,ｵｰﾌﾟﾝ,障害・オープ,5,5,タガノグーフォ,セ,7,平沢健治, 60 ,9,4,１, ,ダ3170,重,,(栗),五十嵐忠,3357,-0.2,2,3,2,13.6,486,-2,
,"2016.10. 9",京都,4京2,未勝利,未勝利*,2,2,ダイシンクイント,牡,2,福永祐一, 55 ,11,2,１, 内,芝2000,重,,(栗),森秀行,2033,-0.0,7,5,5,36.7,476,-10,
,"2016.10. 9",京都,4京2,未勝利,未勝利*,2,2,セルリアン,牡,2,城戸義政,53△,11,9,１, 内,芝1200,重,,(栗),藤岡健一,1102,-0.0,,1,1,35.1,474,-4,
,"2016.10. 9",京都,4京2,未勝利,未勝利*,2,2,サツキユニヴァース,牝,2,川島信二, 54 ,14,5,１, ,ダ1400,不,,(栗),寺島良,1245,-0.4,,10,10,37.1,432,0,
,"2016.10. 8",京都,4京1,500万,500万下,2,3,ユアマイラブ,牡,3,ヴェロン, 55 ,16,4,１, ,ダ1200,良,,(栗),安田隆行,1122,-0.1,,3,3,35.8,444,-2,
,"2016.10. 8",京都,4京1,1600万,平城京Ｓ1600,6,8,タムロミラクル,牡,4,川田将雅, 57 ,12,2,１, ,ダ1800,良,,(栗),西園正都,1503,-0.1,6,6,4,36.1,470,-6,
,"2016.10. 8",京都,4京1,1000万,久多特別1000,3,3,ラクアミ,牝,4,松山弘平, 55 ,14,8,１, 外,芝1400,良,,(栗),音無秀孝,1204,-0.1,,1,1,33.5,448,+2,B
,"2016.10. 8",京都,4京1,1000万,愛宕特別1000,8,15,マイティティー,牝,4,松山弘平, 55 ,16,5,１, ,ダ1900,良,,(栗),本田優,1570,-0.5,2,1,1,36.7,470,+8,
,"2016.10. 8",京都,4京1,500万,500万下,7,13,サンデーウィザード,牡,4,浜中俊, 57 ,17,3,１, 内,芝2000,良,,(栗),大久保龍,1579,-0.0,10,11,9,34.0,450,+2,
,"2016.10. 8",京都,4京1,500万,500万下・牝,8,15,ブライスガウ,牝,3,中谷雄太, 53 ,16,2,１, ,ダ1400,良,,(栗),岡田稲男,1243,-0.0,,10,10,36.9,488,+16,
,"2016.10. 8",京都,4京1,500万,500万下,7,9,ドルチェリア,セ,3,岡田祥嗣, 55 ,12,6,１, ,ダ1800,良,,(栗),笹田和秀,1517,-0.2,2,2,2,37.8,518,+2,
,"2016.10. 8",京都,4京1,新馬,新馬,8,14,タイセイスターリー,牡,2,川田将雅, 55 ,15,1,１, 内,芝1400,良,,(栗),矢作芳人,1216,-0.2,,3,3,34.5,522,,
,"2016.10. 8",京都,4京1,新馬,新馬,6,9,スプリングタイム,牝,2,藤岡佑介, 54 ,14,5,１, ,ダ1400,良,,(栗),野中賢二,1255,-0.2,,4,4,37.2,442,,
,"2016.10. 8",京都,4京1,未勝利,未勝利*,3,3,プラチナヴォイス,牡,2,和田竜二, 55 ,11,4,１, 外,芝1800,良,,(栗),鮫島一歩,1459,-0.7,,10,8,34.5,496,-4,
,"2016.10. 8",京都,4京1,未勝利,未勝利・牝*,4,4,ベルカプリ,牝,2,池添謙一, 54 ,11,1,１, 内,芝1600,良,,(栗),西浦勝一,1337,-0.4,,1,1,34.7,462,0,
,"2016.10. 8",京都,4京1,未勝利,未勝利*,7,11,ブルベアバブーン,牡,2,森裕太朗,52▲,13,13,１, ,ダ1200,良,,(栗),藤沢則雄,1121,-0.2,,7,7,35.9,480,0,
