# コース別（場所×距離×芝内外）枠番1着率(%) 全10場・直近10年・1着馬のみ・n=該当コースの1着数
# ※東京は距離欄に芝/ダ表記なし(元データの列構成が他場と異なるため)。距離のみで芝・ダート混在の可能性は低い(東京はダート開催が少ない)。
場所   距離     内外       n  1枠 2枠 3枠 4枠 5枠 6枠 7枠 8枠
東京   1600         1817    9.8   9.9  11.2  11.3  12.3  13.7  15.0  16.8
東京   1400         1482   10.9  10.3  12.9  12.8  12.2  13.0  14.4  13.6
中山   ダ1800        1378    9.4  12.6   8.1  13.3  12.0  14.2  14.6  16.0
中山   ダ1200        1259   11.0  10.2  10.6  11.0  13.3  14.9  14.4  14.5
阪神   ダ1800        1159    8.8   8.2  10.3  13.3  14.2  14.2  14.6  16.6
京都   ダ1800         876   10.6  11.3   9.5  12.3  13.6  17.2  10.4  15.1
阪神   ダ1400         762    8.5   9.7  10.9  13.1  12.9  13.0  13.6  18.2
中京   ダ1800         743   11.4   9.7  11.8  12.9  13.2  14.0  12.2  14.7
小倉   芝1200         735    9.0  10.1   9.7   9.5  12.5  11.8  19.9  17.6
新潟   ダ1800         725    7.0   9.8  11.3  12.4  15.3  15.3  12.8  16.0
小倉   ダ1700         636    9.7  11.2  10.8  12.3  13.5  15.6  11.2  15.7
中山   芝1600         629   13.4  13.2  13.0  14.9  12.4  10.0  12.1  11.0
新潟   ダ1200         617    5.8   8.8  11.5  13.9  12.0  16.4  15.6  16.0
阪神   ダ1200         592    9.3  10.6   9.8  11.3  13.0  15.7  13.0  17.2
東京   1800          575    8.5  10.3  12.2  15.0   9.7  13.9  15.0  15.5
福島   ダ1700         564    6.7  13.1  11.7  10.3  14.4  14.2  13.3  16.3
京都   ダ1400         560   10.2  10.9  10.9  12.3  15.0  12.9  14.6  13.2
中京   ダ1400         546    9.9  12.5  11.0  13.0  12.5  14.5  14.1  12.6
阪神   芝1600  外      532   10.3  11.1  12.4  13.7  13.9  11.7  14.3  12.6
福島   芝1200         532   13.2  13.7  14.1  13.3  11.3  11.5  11.1  11.8
中山   芝2000         492   10.4  10.6   9.6  12.6  13.0  13.8  13.2  16.9
中京   芝2000         478   11.9  13.8   9.8  12.6  13.2  13.2  10.0  15.5
京都   ダ1200         477    8.8   9.9  12.4  10.5  13.0  12.8  16.6  16.1
札幌   ダ1700         451    7.1   7.1  12.2  14.6  14.9  15.7  13.3  15.1
函館   芝1200         429   11.7   9.8  11.7  13.1  13.8  16.3  11.4  12.4
阪神   芝1800  外      410   10.5  11.5  11.5  14.1  12.2  12.9  12.7  14.6
東京   2000          410   13.9   9.5  11.7  12.4  12.4  12.0  12.9  15.1
阪神   芝2000  内      409   11.5  11.5  10.3   9.8  12.5  13.4  15.4  15.6
小倉   芝1800         400    9.0  14.5  10.5   9.2  15.5  12.5  15.0  13.8
中京   ダ1200         397   14.1  11.3  11.8  12.6  13.4  11.6   9.8  15.4
中京   芝1600         394   13.2  11.9  11.9   9.6  11.9  13.2  15.0  13.2
小倉   芝2000         384    8.9  12.2   8.9  13.8  11.5  15.4  14.8  14.6
函館   ダ1700         375    6.7   8.5  12.0   9.9  16.0  15.7  14.4  16.8
東京   2100          372    8.3   8.3  15.3  11.6  16.7  13.7  11.8  14.2
中山   芝1200         355   12.7  10.7  13.2  12.7  13.2  14.4  13.2   9.9
京都   芝2000  内      352   10.5   9.4  10.5  15.6  11.1  11.1  17.0  14.8
中山   芝1800         349    8.9  12.0  10.6  12.9  12.3  12.9  15.5  14.9
阪神   芝1400  内      345   10.1  14.8  16.2  12.8  11.6  11.6  13.6   9.3
福島   ダ1150         344   13.4   9.0  14.2  14.5  10.5  11.0  12.5  14.8
京都   芝1800  外      341    8.5   9.7  11.7  13.2  13.2  15.2  14.4  14.1
新潟   芝1800  外      312    6.7   9.3  11.5   9.9  14.1  16.0  17.9  14.4
中京   芝1400         308   10.7   8.8  15.6  14.0  12.7  12.3  14.0  12.0
福島   芝1800         303   11.6  11.6  14.9  13.5  12.2  11.2  13.9  11.2
東京   2400          296   12.5   8.8  10.8   9.8  13.2  15.9  13.5  15.5
小倉   ダ1000         292    5.8   8.9  14.7  13.0  16.4  16.4  11.0  13.7
新潟   芝1600  外      281    7.5  12.1  10.0   8.2  13.2  12.1  19.6  17.4
東京   1300          253   12.3  11.9  12.3  15.4  12.6  12.3  10.3  13.0
京都   芝1600  内      253    9.1   9.5  13.0  12.6  12.6  13.4  16.2  13.4
福島   芝2000         249   11.6   9.2  12.9  13.3  15.7  12.4  13.3  11.6
札幌   芝1200         249   14.1   8.4   8.0   8.0  12.9  16.1  13.3  19.3
中京   ダ1900         243   11.5  11.9   8.6  11.5  16.0  13.2  16.5  10.7
新潟   芝1000  内      239    3.8   5.9   7.1   7.5  10.5  12.6  20.5  32.2
新潟   芝1400  内      232   12.5  10.8   9.9  10.3  11.2  12.9  17.2  15.1
阪神   芝1200  内      231    9.1  17.3  12.1  12.6  15.2  10.8  11.7  11.3
中京   芝1200         214   13.6  13.6  13.1  13.6  12.1   8.9  13.6  11.7
札幌   芝2000         206   13.1  11.7  13.1  11.2  14.6  14.1  13.1   9.2
京都   芝1200  内      204   12.3  13.7  10.3   9.8  11.3  13.7  16.2  12.7
函館   ダ1000         201    8.0   9.5   8.5   8.0  14.4  14.4  14.4  22.9
中京   芝2200         201    8.0  12.4   9.0  13.4  14.9  12.9  12.4  16.9
札幌   芝1800         200   13.0   9.0  11.5  13.5   8.5  11.0  19.5  14.0
函館   芝1800         198   11.6   8.6  12.6  11.1  13.6  14.6  14.1  13.6
京都   ダ1900         197    7.6   7.1  12.7  13.7  11.2  13.7  15.2  18.8
札幌   芝1500         196    8.2  10.2  13.3  10.7  13.3  17.9  11.7  14.8
阪神   ダ2000         193    9.8  11.4  10.9   9.3  10.4  17.6  16.6  14.0
京都   芝1600  外      193    9.8   7.8   8.8  15.0  11.9  14.5  11.4  20.7
京都   芝1400  外      186    7.5  11.3   9.1  14.5  13.4  11.8  15.1  17.2
札幌   ダ1000         174    8.0   5.7   8.0   6.3  15.5  16.1  23.6  16.7
中山   芝2200         167   13.2   9.0  12.0  13.2  13.2  13.8  12.6  13.2
新潟   芝1200  内      165    8.5  11.5  12.7  12.7  13.9  13.9  15.8  10.9
小倉   芝2860         163   10.4   8.0  10.4  10.4  14.1  15.3  12.3  19.0
阪神   芝2400  外      162   13.6  13.0  14.8  14.2   8.6  11.1  11.7  13.0
函館   芝2000         149   10.1  12.8   9.4  16.1  14.1  17.4  12.1   8.1
新潟   芝2000  外      140   14.3  15.0   7.1  11.4  12.1  10.0  11.4  18.6
京都   芝2400  外      125   10.4   9.6  12.8  17.6  14.4   6.4  14.4  14.4
新潟   芝2850         123   10.6   8.9  13.8  12.2  10.6  17.1  17.9   8.9
京都   芝2200  外      119   12.6  10.1  12.6   6.7  16.0  11.8  15.1  15.1
新潟   芝2000  内      115    7.8   5.2   7.8   9.6  16.5  18.3  15.7  19.1
福島   芝2600         114    9.6  12.3  10.5   6.1  14.9  16.7  15.8  14.0
中山   芝2500         105   13.3   6.7   9.5   9.5  14.3  15.2  14.3  17.1
福島   芝2750         104    7.7  12.5  14.4  17.3  14.4   9.6  13.5  10.6
京都   芝1400  内      100    9.0   7.0  15.0   8.0  14.0   9.0  24.0  14.0
新潟   芝2200  内       97    9.3  12.4   9.3  18.6  11.3  10.3  11.3  17.5
中京   芝3000          97   12.4   7.2  10.3  12.4  12.4  16.5  14.4  14.4
阪神   芝2200  内       96    7.3  13.5  15.6  10.4  13.5  10.4  11.5  17.7
小倉   芝2600          95    9.5  11.6   3.2  16.8  14.7  16.8  10.5  16.8
阪神   ダ2970          94    8.5  10.6  12.8   8.5  10.6  13.8  24.5  10.6
中山   ダ2880          94    7.4   6.4  11.7  11.7  12.8  18.1  16.0  16.0
新潟   芝2890          91    4.4   7.7   9.9  13.2  15.4  22.0   9.9  17.6
中山   ダ2400          91   15.4   9.9  11.0   4.4   8.8  16.5  17.6  16.5
札幌   芝2600          85    5.9  10.6  10.6   8.2  12.9  17.6  16.5  17.6
函館   芝2600          61    9.8  14.8   9.8   8.2  11.5  13.1   9.8  23.0
福島   芝2770          55   10.9   5.5   9.1   9.1  10.9  20.0  18.2  16.4
新潟   芝2400  内       55    5.5   7.3  18.2  14.5   7.3  10.9  18.2  18.2
東京   3000           53    5.7  11.3   9.4  17.0  20.8   7.5   3.8  24.5
京都   ダ2910          45    6.7  15.6   8.9  11.1  11.1  13.3  17.8  15.6
小倉   芝3390          33   15.2   6.1   3.0   3.0  15.2  21.2  27.3   9.1
東京   3110           30   13.3  10.0   6.7   3.3  10.0  26.7  16.7  13.3
阪神   芝2600  外       28   10.7   7.1  14.3  14.3  14.3  17.9  10.7  10.7
京都   ダ3170          28   14.3   3.6  10.7  10.7  25.0  14.3  10.7  10.7
札幌   ダ2400          27    7.4   7.4  18.5   7.4   7.4  18.5  14.8  18.5
新潟   芝3250          26    0.0   7.7  19.2   7.7  11.5  15.4  11.5  26.9
中京   芝3300          23    4.3   4.3   8.7   8.7  21.7  26.1   8.7  17.4
阪神   ダ3110          22    4.5   9.1  18.2  22.7  18.2   9.1  13.6   4.5
東京   2500           22    4.5  13.6  13.6   4.5  27.3  22.7   9.1   4.5
小倉   ダ2400          21   19.0   4.8   9.5  19.0  14.3  19.0   4.8   9.5
阪神   芝3140          19    5.3  15.8   5.3  21.1  26.3  10.5   5.3  10.5
福島   芝3380          19   10.5   5.3  26.3  15.8  10.5   5.3  15.8  10.5
函館   ダ2400          19    5.3   0.0  31.6   5.3  15.8  10.5  26.3   5.3
阪神   芝3000  内       18    5.6   5.6  16.7   5.6  16.7  11.1  16.7  22.2
中山   ダ3200          18    0.0  11.1   5.6  11.1  22.2  11.1  22.2  16.7
東京   2300           17   17.6  23.5  11.8   0.0  11.8  11.8  11.8  11.8
新潟   ダ2500          17    5.9   5.9   5.9   0.0  17.6  23.5  17.6  23.5
京都   芝3000  外       17    0.0  23.5   5.9  11.8  11.8  11.8  23.5  11.8
中京   芝3330          17   17.6  17.6  11.8  17.6  11.8   5.9   5.9  11.8
福島   ダ2400          15    6.7  13.3  13.3  13.3   0.0   6.7  20.0  26.7
新潟   芝3290          13   15.4  15.4  15.4  38.5   7.7   7.7   0.0   0.0
函館   芝1000          12   25.0   8.3  16.7   8.3   0.0  16.7  25.0   0.0
阪神   芝3900          10    0.0  20.0   0.0  20.0  10.0  10.0  10.0  30.0
東京   3400           10    0.0  10.0   0.0  10.0  10.0  10.0  20.0  40.0
中山   芝4100          10    0.0   0.0  20.0  40.0   0.0   0.0  30.0  10.0
中山   芝3600          10    0.0   0.0  30.0  10.0  10.0  10.0  20.0  20.0
中山   芝3570          10   20.0  10.0  20.0  20.0  10.0   0.0  20.0   0.0
中山   芝3350          10   20.0  10.0  20.0  10.0  20.0   0.0  10.0  10.0
中山   芝3210          10   10.0   0.0  10.0  30.0  10.0   0.0  30.0  10.0
中山   ダ2500          10   10.0  10.0  10.0   0.0  30.0  10.0   0.0  30.0
福島   芝3350           8   25.0   0.0   0.0  37.5  25.0   0.0  12.5   0.0
東京   3100            8   25.0   0.0  12.5   0.0  12.5   0.0  25.0  25.0
京都   芝3930           8   12.5   0.0  12.5   0.0  25.0  12.5  25.0  12.5
京都   芝3200  外        8   12.5  12.5   0.0  25.0   0.0  12.5  25.0  12.5
中山   芝4250           8    0.0  12.5   0.0   0.0  25.0  37.5  12.5  12.5
京都   芝3170           7    0.0   0.0  57.1   0.0   0.0  14.3  14.3  14.3
阪神   芝3200  内        4   25.0   0.0   0.0   0.0   0.0  25.0   0.0  50.0
小倉   芝1700           4   25.0   0.0  25.0  25.0   0.0   0.0  25.0   0.0
中山   芝4260           2    0.0   0.0   0.0   0.0   0.0 100.0   0.0   0.0
中京   芝3900           2    0.0   0.0   0.0   0.0   0.0  50.0   0.0  50.0
札幌   芝1000           1    0.0   0.0   0.0   0.0   0.0   0.0 100.0   0.0
